#!ascii label  , from subject output2 vox2ras=TkReg
953
41060  -22.992  -4.510  47.432 0.0000000000
45014  -39.699  -0.537  31.835 0.0000000000
48175  -40.548  2.175  29.196 0.0000000000
42052  -33.795  -3.435  36.376 0.0000000000
50146  -42.419  4.952  19.896 0.0000000000
52894  -38.995  7.421  23.534 0.0000000000
45996  -41.565  0.975  36.891 0.0000000000
47077  -35.652  1.335  34.657 0.0000000000
51070  -46.379  6.069  20.911 0.0000000000
52069  -46.695  9.166  18.853 0.0000000000
52122  -48.105  8.615  15.968 0.0000000000
51907  -39.408  6.837  31.047 0.0000000000
50975  -37.892  5.289  27.426 0.0000000000
97500  -41.582  9.141  27.999 0.0000000000
54442  -43.473  9.573  25.109 0.0000000000
38191  -29.508  -7.087  37.262 0.0000000000
41059  -20.984  -4.822  47.868 0.0000000000
44109  -42.516  -0.785  30.152 0.0000000000
50010  -42.532  4.641  32.130 0.0000000000
38246  -29.913  -6.600  32.673 0.0000000000
42084  -30.235  -3.246  31.634 0.0000000000
52145  -44.408  7.181  12.016 0.0000000000
97559  -50.251  9.533  13.938 0.0000000000
51055  -41.161  6.268  21.691 0.0000000000
97449  -45.962  8.245  23.668 0.0000000000
97103  -23.048  -3.646  43.209 0.0000000000
39086  -16.372  -6.441  45.940 0.0000000000
52045  -46.912  7.240  20.248 0.0000000000
52838  -39.731  8.435  29.367 0.0000000000
40212  -27.321  -4.239  35.269 0.0000000000
41047  -22.594  -3.256  49.036 0.0000000000
43060  -40.900  -2.305  29.937 0.0000000000
44051  -41.716  -1.289  31.806 0.0000000000
40213  -32.483  -5.225  35.363 0.0000000000
39248  -30.930  -5.958  31.936 0.0000000000
42067  -32.542  -3.289  34.180 0.0000000000
46038  -38.557  0.627  33.429 0.0000000000
45010  -35.590  0.439  31.710 0.0000000000
45031  -37.453  -0.195  30.964 0.0000000000
40196  -34.381  -5.380  37.443 0.0000000000
39190  -32.369  -6.677  36.125 0.0000000000
52971  -42.418  6.958  15.181 0.0000000000
53743  -44.384  8.112  13.184 0.0000000000
53747  -48.700  9.729  14.361 0.0000000000
52883  -37.528  6.962  25.235 0.0000000000
52014  -40.400  6.999  22.573 0.0000000000
97440  -44.590  8.350  23.736 0.0000000000
39139  -26.304  -5.724  40.189 0.0000000000
41093  -25.916  -3.710  41.304 0.0000000000
97054  -25.589  -3.340  42.678 0.0000000000
97101  -22.672  -4.159  40.637 0.0000000000
39087  -17.235  -6.719  45.436 0.0000000000
46024  -40.971  0.783  34.320 0.0000000000
44981  -42.613  -0.397  34.016 0.0000000000
45999  -43.258  0.567  35.992 0.0000000000
43990  -34.756  -1.547  37.756 0.0000000000
44000  -34.347  -1.180  35.433 0.0000000000
45975  -36.575  0.714  37.336 0.0000000000
48100  -38.813  2.452  35.998 0.0000000000
50148  -44.684  4.961  20.397 0.0000000000
51102  -44.915  5.720  19.499 0.0000000000
52943  -44.771  7.366  17.888 0.0000000000
53723  -45.001  8.449  16.033 0.0000000000
53736  -44.951  8.493  14.770 0.0000000000
52961  -47.424  9.098  17.161 0.0000000000
49110  -40.484  4.093  29.986 0.0000000000
49131  -38.945  3.441  28.475 0.0000000000
50977  -38.507  5.979  28.564 0.0000000000
51965  -38.685  8.217  27.948 0.0000000000
97488  -40.339  8.398  26.735 0.0000000000
97483  -41.711  8.545  25.036 0.0000000000
97489  -42.272  9.702  26.805 0.0000000000
38165  -28.998  -6.819  39.071 0.0000000000
39170  -25.628  -4.798  37.888 0.0000000000
55310  -47.575  10.334  11.260 0.0000000000
41959  -20.746  -5.074  46.042 0.0000000000
44131  -41.729  -1.231  28.429 0.0000000000
46089  -41.991  0.917  29.453 0.0000000000
46056  -43.500  0.874  32.595 0.0000000000
48144  -42.731  2.434  31.558 0.0000000000
49111  -41.325  3.458  30.235 0.0000000000
50936  -41.201  5.890  31.745 0.0000000000
44993  -33.364  -0.375  33.486 0.0000000000
38179  -32.314  -7.135  38.412 0.0000000000
38217  -30.197  -6.996  35.441 0.0000000000
53744  -45.227  8.531  13.614 0.0000000000
54516  -46.936  9.447  12.942 0.0000000000
53764  -47.109  9.550  11.742 0.0000000000
97585  -49.729  10.454  12.966 0.0000000000
96981  -21.987  -6.479  45.243 0.0000000000
38083  -20.895  -6.677  46.670 0.0000000000
52028  -42.161  5.895  21.147 0.0000000000
52022  -43.019  7.851  23.380 0.0000000000
97433  -43.969  7.600  23.090 0.0000000000
97425  -44.499  6.086  21.059 0.0000000000
97445  -46.450  7.012  22.382 0.0000000000
40101  -23.573  -4.064  46.113 0.0000000000
39059  -19.953  -5.771  48.248 0.0000000000
40099  -18.611  -5.664  46.508 0.0000000000
41055  -17.692  -5.546  45.998 0.0000000000
41052  -22.545  -4.426  48.273 0.0000000000
44049  -39.452  -1.108  31.120 0.0000000000
43033  -40.841  -1.989  31.203 0.0000000000
44033  -41.479  -1.119  32.241 0.0000000000
41160  -32.856  -4.469  35.461 0.0000000000
41172  -32.429  -4.358  34.662 0.0000000000
42061  -33.361  -3.301  35.443 0.0000000000
44995  -39.238  -0.223  33.017 0.0000000000
46055  -37.934  0.388  32.550 0.0000000000
45032  -38.720  -0.458  30.873 0.0000000000
45050  -38.259  -0.594  30.195 0.0000000000
42047  -34.944  -3.618  37.508 0.0000000000
41140  -35.259  -4.219  37.987 0.0000000000
41148  -34.331  -4.114  36.807 0.0000000000
39207  -34.025  -5.613  36.037 0.0000000000
52996  -43.588  7.562  13.380 0.0000000000
46106  -40.428  1.011  27.934 0.0000000000
47167  -39.801  1.368  27.857 0.0000000000
52884  -38.246  7.292  24.687 0.0000000000
52012  -38.348  6.560  23.013 0.0000000000
52895  -40.078  7.496  23.393 0.0000000000
40175  -24.479  -4.814  39.276 0.0000000000
40167  -25.986  -5.179  40.721 0.0000000000
41104  -24.973  -4.319  40.300 0.0000000000
41091  -24.623  -4.005  40.985 0.0000000000
97102  -22.881  -4.437  39.653 0.0000000000
46012  -40.690  0.846  35.678 0.0000000000
46013  -41.808  0.622  35.197 0.0000000000
44947  -42.793  0.462  36.460 0.0000000000
43983  -35.717  -1.213  38.569 0.0000000000
43991  -35.457  -0.827  37.808 0.0000000000
44937  -36.249  -0.492  38.219 0.0000000000
98113  -40.636  1.924  37.260 0.0000000000
98123  -39.640  2.423  37.429 0.0000000000
98128  -40.300  1.983  36.433 0.0000000000
47072  -39.889  1.331  35.078 0.0000000000
50138  -45.688  5.426  20.838 0.0000000000
50169  -44.899  4.921  19.694 0.0000000000
51087  -45.573  6.034  20.088 0.0000000000
52056  -47.176  8.356  19.572 0.0000000000
53676  -46.476  7.844  18.976 0.0000000000
52944  -45.658  8.186  17.955 0.0000000000
53708  -45.316  7.856  16.936 0.0000000000
52959  -46.038  8.500  17.404 0.0000000000
52960  -46.760  8.570  17.109 0.0000000000
52085  -46.970  9.386  17.909 0.0000000000
50039  -40.319  5.162  30.142 0.0000000000
50049  -39.709  4.913  29.367 0.0000000000
50963  -39.252  6.278  29.738 0.0000000000
97501  -40.422  8.517  28.450 0.0000000000
51945  -38.625  8.194  28.835 0.0000000000
51946  -39.677  8.511  28.191 0.0000000000
51983  -39.384  8.261  26.711 0.0000000000
97493  -40.272  8.500  27.100 0.0000000000
53637  -40.914  8.486  26.259 0.0000000000
97486  -41.507  9.024  27.292 0.0000000000
38177  -30.624  -7.120  38.329 0.0000000000
38166  -29.927  -7.048  39.038 0.0000000000
38176  -29.760  -7.005  38.261 0.0000000000
39187  -26.927  -4.921  37.118 0.0000000000
56174  -48.837  11.416  12.140 0.0000000000
56190  -48.313  11.485  10.815 0.0000000000
41949  -21.495  -4.490  47.326 0.0000000000
43061  -41.607  -1.700  30.060 0.0000000000
43090  -41.093  -2.297  28.379 0.0000000000
44108  -42.404  -0.969  28.957 0.0000000000
45098  -41.901  -0.428  28.446 0.0000000000
45074  -42.203  -0.245  28.978 0.0000000000
46027  -43.641  0.294  34.150 0.0000000000
44999  -43.187  -0.576  33.484 0.0000000000
46042  -43.612  0.644  33.356 0.0000000000
49087  -43.333  3.256  32.784 0.0000000000
48136  -42.828  2.786  32.202 0.0000000000
49099  -42.474  3.311  31.256 0.0000000000
48153  -42.236  2.560  30.689 0.0000000000
50041  -42.047  4.034  30.624 0.0000000000
50040  -41.099  4.419  30.556 0.0000000000
50937  -42.116  5.112  31.733 0.0000000000
41189  -30.712  -4.578  32.412 0.0000000000
46010  -35.173  0.492  35.234 0.0000000000
44978  -33.756  -0.426  34.331 0.0000000000
47090  -34.555  0.943  33.894 0.0000000000
45045  -32.912  0.006  30.427 0.0000000000
38170  -33.044  -6.789  38.926 0.0000000000
38218  -31.757  -7.051  35.265 0.0000000000
37244  -31.363  -7.122  35.531 0.0000000000
38230  -30.312  -6.974  34.199 0.0000000000
39247  -29.012  -6.124  32.507 0.0000000000
53725  -46.883  8.519  15.455 0.0000000000
53737  -46.188  8.532  14.584 0.0000000000
52988  -48.159  8.657  15.437 0.0000000000
97542  -50.117  9.494  14.528 0.0000000000
53746  -47.488  9.234  13.680 0.0000000000
54517  -47.904  9.509  12.923 0.0000000000
54522  -46.692  9.462  12.282 0.0000000000
97560  -48.970  9.623  12.875 0.0000000000
97571  -48.731  9.944  12.379 0.0000000000
97561  -49.919  10.102  13.416 0.0000000000
50057  -38.402  4.203  27.860 0.0000000000
97367  -37.544  2.621  27.069 0.0000000000
97416  -41.239  4.957  21.803 0.0000000000
97420  -41.495  6.071  21.419 0.0000000000
97477  -42.285  8.856  25.137 0.0000000000
52897  -42.595  8.658  24.395 0.0000000000
53641  -43.157  9.378  24.851 0.0000000000
97446  -44.560  7.400  22.716 0.0000000000
97427  -44.078  6.883  22.330 0.0000000000
97431  -44.426  6.795  21.794 0.0000000000
97432  -45.189  6.441  21.305 0.0000000000
97434  -45.850  6.919  22.275 0.0000000000
97078  -24.686  -3.327  42.708 0.0000000000
97053  -24.546  -2.926  44.534 0.0000000000
97062  -24.705  -2.735  45.228 0.0000000000
97094  -23.917  -3.559  44.526 0.0000000000
97045  -23.382  -5.087  44.256 0.0000000000
97093  -22.901  -4.924  43.446 0.0000000000
38097  -19.976  -6.763  46.452 0.0000000000
39073  -20.567  -6.214  47.506 0.0000000000
39089  -19.381  -6.557  45.551 0.0000000000
38095  -15.703  -7.890  45.592 0.0000000000
39070  -17.614  -6.078  46.176 0.0000000000
39069  -17.201  -6.040  46.289 0.0000000000
41056  -18.609  -5.504  46.328 0.0000000000
40097  -16.974  -5.836  46.240 0.0000000000
44939  -38.274  0.512  39.195 0.0000000000
51063  -47.885  7.450  21.845 0.0000000000
51089  -46.694  6.584  20.652 0.0000000000
51091  -48.129  7.672  20.886 0.0000000000
52815  -39.565  8.192  29.907 0.0000000000
39204  -28.850  -6.067  35.088 0.0000000000
39189  -28.598  -6.083  35.977 0.0000000000
41938  -22.715  -2.948  49.543 0.0000000000
41051  -21.677  -4.430  48.149 0.0000000000
43059  -40.115  -2.166  29.493 0.0000000000
43034  -41.478  -1.695  31.097 0.0000000000
44081  -42.486  -1.114  31.206 0.0000000000
50921  -42.379  5.648  32.680 0.0000000000
39226  -31.643  -5.846  34.779 0.0000000000
38247  -30.229  -6.350  32.803 0.0000000000
40230  -31.365  -5.433  34.041 0.0000000000
41182  -31.967  -4.276  33.575 0.0000000000
42075  -31.474  -3.221  32.968 0.0000000000
47093  -37.109  1.423  33.827 0.0000000000
47104  -35.600  1.164  33.043 0.0000000000
46054  -37.343  0.570  32.683 0.0000000000
44030  -36.697  0.355  31.486 0.0000000000
45073  -37.181  -0.674  29.116 0.0000000000
40188  -34.342  -5.469  38.458 0.0000000000
39173  -33.281  -6.442  37.344 0.0000000000
39192  -34.092  -6.113  36.573 0.0000000000
39205  -32.335  -6.211  35.714 0.0000000000
52120  -42.222  6.728  16.025 0.0000000000
53005  -44.228  7.448  12.479 0.0000000000
97541  -49.683  9.598  15.843 0.0000000000
52976  -48.610  9.280  15.679 0.0000000000
51007  -37.509  5.899  26.483 0.0000000000
51044  -40.476  6.252  21.820 0.0000000000
52021  -41.658  7.168  22.600 0.0000000000
55205  -44.339  10.841  25.631 0.0000000000
97448  -43.913  9.319  24.738 0.0000000000
97469  -45.536  9.740  25.244 0.0000000000
39140  -27.423  -5.542  40.614 0.0000000000
40161  -27.730  -4.936  41.292 0.0000000000
41985  -26.727  -3.006  42.601 0.0000000000
41084  -25.422  -3.383  41.818 0.0000000000
97091  -24.248  -3.491  41.924 0.0000000000
42006  -22.703  -3.739  41.922 0.0000000000
97097  -22.581  -3.939  42.676 0.0000000000
97086  -22.396  -5.673  41.012 0.0000000000
44996  -40.448  -0.217  32.881 0.0000000000
44997  -41.661  -0.488  32.981 0.0000000000
46025  -41.879  -0.096  34.129 0.0000000000
44968  -43.128  -0.287  34.864 0.0000000000
42977  -34.428  -2.654  36.943 0.0000000000
43994  -33.786  -2.235  36.348 0.0000000000
43995  -34.306  -1.502  36.489 0.0000000000
44955  -35.402  -0.150  36.648 0.0000000000
47057  -36.066  1.086  36.443 0.0000000000
45958  -37.875  1.112  38.328 0.0000000000
47042  -37.816  1.469  37.166 0.0000000000
48110  -37.190  2.304  35.256 0.0000000000
47080  -38.586  1.602  34.354 0.0000000000
46023  -39.715  0.852  34.659 0.0000000000
42971  -35.168  -2.626  38.122 0.0000000000
50147  -43.669  4.841  19.849 0.0000000000
50166  -41.966  4.837  18.957 0.0000000000
49279  -44.095  4.805  19.575 0.0000000000
50168  -43.999  5.107  18.928 0.0000000000
98344  -43.091  6.062  18.528 0.0000000000
52054  -46.323  6.802  19.210 0.0000000000
52083  -44.600  6.801  18.346 0.0000000000
52942  -43.796  6.835  17.645 0.0000000000
52957  -43.400  7.396  17.133 0.0000000000
52958  -44.330  7.644  16.473 0.0000000000
52973  -44.216  7.732  15.253 0.0000000000
52986  -43.937  8.180  14.378 0.0000000000
53724  -45.951  8.518  15.616 0.0000000000
53710  -46.605  8.519  16.213 0.0000000000
52962  -48.221  9.737  16.510 0.0000000000
52932  -48.373  10.386  18.277 0.0000000000
48160  -40.469  2.797  29.445 0.0000000000
48174  -39.900  2.556  29.009 0.0000000000
50058  -39.256  4.251  28.705 0.0000000000
51943  -38.209  6.219  27.863 0.0000000000
51926  -38.856  7.600  29.440 0.0000000000
50978  -38.314  7.409  28.544 0.0000000000
51963  -37.686  6.517  27.444 0.0000000000
51982  -37.984  7.466  26.674 0.0000000000
52872  -38.853  7.513  25.805 0.0000000000
52885  -40.254  8.354  24.794 0.0000000000
97481  -41.304  8.579  25.411 0.0000000000
97480  -41.798  8.938  25.605 0.0000000000
54423  -42.725  9.611  25.429 0.0000000000
55193  -43.816  10.867  26.467 0.0000000000
55204  -43.444  10.400  25.841 0.0000000000
39150  -28.255  -6.020  39.892 0.0000000000
39188  -27.875  -5.938  36.703 0.0000000000
39172  -28.040  -6.026  37.932 0.0000000000
39159  -27.066  -5.976  38.652 0.0000000000
39148  -26.088  -6.082  39.220 0.0000000000
46107  -41.429  0.515  28.442 0.0000000000
47143  -40.986  1.490  28.964 0.0000000000
44020  -42.636  -1.315  33.043 0.0000000000
44035  -43.105  -1.301  32.532 0.0000000000
46068  -43.496  0.098  32.135 0.0000000000
47111  -43.488  1.489  32.241 0.0000000000
46075  -41.993  1.898  31.060 0.0000000000
47124  -41.999  1.806  30.361 0.0000000000
48162  -41.645  2.234  30.183 0.0000000000
48161  -41.188  2.505  29.638 0.0000000000
50951  -40.897  5.257  30.815 0.0000000000
50935  -39.918  6.059  31.770 0.0000000000
51881  -41.225  6.247  32.849 0.0000000000
51894  -40.558  6.558  31.962 0.0000000000
44007  -32.989  -1.962  34.473 0.0000000000
44016  -32.732  -1.617  33.814 0.0000000000
44026  -31.616  -1.779  31.813 0.0000000000
46051  -34.302  0.513  32.282 0.0000000000
45026  -32.526  0.033  31.544 0.0000000000
38168  -31.775  -6.957  38.988 0.0000000000
38192  -30.498  -7.003  37.414 0.0000000000
38208  -32.813  -7.083  37.078 0.0000000000
37233  -30.973  -7.118  36.652 0.0000000000
38206  -30.268  -7.015  36.484 0.0000000000
39224  -28.972  -6.071  33.905 0.0000000000
52997  -44.302  8.442  13.821 0.0000000000
53752  -44.689  8.297  12.707 0.0000000000
53738  -47.429  8.663  14.608 0.0000000000
53745  -46.490  8.728  13.503 0.0000000000
53761  -44.906  8.456  12.214 0.0000000000
53762  -45.379  8.847  11.884 0.0000000000
53774  -45.558  9.187  11.198 0.0000000000
53023  -45.418  8.996  10.556 0.0000000000
53776  -47.240  9.682  11.240 0.0000000000
55297  -48.279  10.407  12.142 0.0000000000
96991  -22.805  -5.578  45.879 0.0000000000
40090  -22.229  -5.330  47.205 0.0000000000
40091  -21.815  -6.314  46.338 0.0000000000
47166  -38.736  1.631  27.907 0.0000000000
51083  -42.220  5.725  20.403 0.0000000000
52896  -41.355  7.932  23.482 0.0000000000
52900  -42.123  7.760  23.326 0.0000000000
52015  -43.428  8.366  23.783 0.0000000000
52025  -43.104  6.818  22.202 0.0000000000
97421  -43.186  5.892  20.823 0.0000000000
51084  -43.026  5.610  20.242 0.0000000000
51086  -44.594  5.560  20.734 0.0000000000
52030  -45.563  6.153  21.138 0.0000000000
51061  -46.833  6.622  21.578 0.0000000000
41952  -24.393  -3.296  47.531 0.0000000000
97060  -24.693  -2.736  46.502 0.0000000000
40102  -23.406  -5.082  45.595 0.0000000000
40132  -22.682  -5.696  44.483 0.0000000000
39061  -21.136  -5.733  47.599 0.0000000000
40088  -20.566  -5.262  48.207 0.0000000000
41050  -20.444  -4.852  48.050 0.0000000000
39088  -18.531  -6.374  45.508 0.0000000000
40100  -19.080  -5.600  47.195 0.0000000000
41058  -20.243  -4.647  47.684 0.0000000000
41948  -19.983  -4.712  46.896 0.0000000000
41958  -19.682  -5.579  46.161 0.0000000000
39085  -15.422  -6.486  46.265 0.0000000000
41066  -16.546  -5.643  46.059 0.0000000000
41061  -23.561  -4.057  47.840 0.0000000000
44031  -39.870  -1.059  31.600 0.0000000000
44032  -40.444  -1.352  31.704 0.0000000000
45015  -40.913  -0.622  32.260 0.0000000000
41161  -33.346  -4.075  35.810 0.0000000000
45033  -39.309  -0.637  31.267 0.0000000000
42053  -34.409  -3.470  36.899 0.0000000000
41147  -33.762  -4.450  36.350 0.0000000000
52137  -43.194  6.178  13.231 0.0000000000
47142  -40.264  1.771  28.555 0.0000000000
52893  -38.436  6.841  23.798 0.0000000000
52013  -39.297  6.855  22.570 0.0000000000
41115  -24.368  -4.354  39.886 0.0000000000
41114  -23.739  -4.383  39.788 0.0000000000
45997  -41.785  0.679  36.129 0.0000000000
45977  -42.501  0.477  36.638 0.0000000000
43984  -37.063  -0.943  38.763 0.0000000000
98127  -40.726  1.613  36.413 0.0000000000
43976  -36.488  -1.322  39.313 0.0000000000
50150  -45.884  5.940  20.495 0.0000000000
52929  -46.385  8.133  18.508 0.0000000000
52068  -46.553  9.095  18.155 0.0000000000
52945  -46.299  8.648  17.846 0.0000000000
52084  -46.756  8.979  17.656 0.0000000000
51908  -39.394  6.649  30.382 0.0000000000
51947  -40.677  8.529  28.015 0.0000000000
97495  -40.421  8.520  27.626 0.0000000000
97497  -41.034  8.551  27.730 0.0000000000
97490  -41.122  8.606  27.199 0.0000000000
56175  -49.541  11.657  12.145 0.0000000000
56182  -49.038  11.455  11.418 0.0000000000
56183  -49.820  11.576  11.384 0.0000000000
41941  -21.945  -3.585  48.343 0.0000000000
41942  -22.069  -3.461  47.791 0.0000000000
41950  -22.269  -3.358  47.013 0.0000000000
43092  -42.356  -1.168  30.090 0.0000000000
43091  -42.030  -1.435  29.406 0.0000000000
45075  -42.582  -0.147  30.152 0.0000000000
46028  -44.249  0.794  33.958 0.0000000000
49086  -42.612  3.745  32.175 0.0000000000
50028  -42.331  4.307  31.433 0.0000000000
46021  -35.009  0.828  34.594 0.0000000000
46020  -34.318  0.449  34.325 0.0000000000
47076  -34.820  1.096  34.259 0.0000000000
38231  -31.136  -6.613  34.615 0.0000000000
37257  -30.931  -7.033  34.897 0.0000000000
38245  -29.611  -6.299  32.498 0.0000000000
52154  -44.436  7.383  11.864 0.0000000000
52121  -47.870  8.549  15.880 0.0000000000
52987  -47.613  8.535  15.527 0.0000000000
52132  -48.069  8.593  15.737 0.0000000000
97555  -49.786  9.629  14.031 0.0000000000
50056  -37.877  4.812  27.416 0.0000000000
97379  -37.774  3.989  27.352 0.0000000000
97366  -37.460  4.315  26.846 0.0000000000
97441  -44.397  7.718  23.240 0.0000000000
97442  -45.929  7.796  23.313 0.0000000000
97084  -23.639  -3.321  43.414 0.0000000000
97064  -24.543  -2.935  44.018 0.0000000000
97075  -24.373  -3.185  44.335 0.0000000000
97096  -23.110  -4.437  43.552 0.0000000000
54373  -39.871  9.127  30.712 0.0000000000
39223  -28.389  -5.348  34.281 0.0000000000
41046  -22.255  -3.572  48.801 0.0000000000
44080  -40.496  -1.861  30.321 0.0000000000
43019  -41.215  -1.775  31.747 0.0000000000
43035  -42.036  -1.402  30.922 0.0000000000
44052  -42.341  -1.224  31.689 0.0000000000
39225  -31.033  -5.909  33.639 0.0000000000
42074  -31.134  -4.050  32.652 0.0000000000
47094  -37.886  1.374  33.769 0.0000000000
46036  -36.744  1.164  33.405 0.0000000000
45012  -37.383  0.365  31.835 0.0000000000
45030  -36.675  -0.168  30.759 0.0000000000
45048  -36.460  -0.089  29.852 0.0000000000
45049  -37.640  -0.339  29.739 0.0000000000
44078  -38.668  -1.014  30.229 0.0000000000
41129  -34.645  -4.699  38.200 0.0000000000
41130  -35.190  -4.303  38.827 0.0000000000
41121  -34.569  -4.773  39.145 0.0000000000
39174  -34.063  -6.137  37.795 0.0000000000
39206  -33.439  -5.909  35.825 0.0000000000
38232  -32.050  -6.759  34.997 0.0000000000
51996  -37.382  6.429  25.585 0.0000000000
51008  -37.465  5.334  25.983 0.0000000000
51024  -36.797  5.942  25.265 0.0000000000
97468  -45.152  11.026  25.216 0.0000000000
97463  -44.788  10.377  25.395 0.0000000000
97472  -47.237  9.689  25.173 0.0000000000
40160  -26.021  -4.671  41.246 0.0000000000
39123  -26.593  -4.723  41.291 0.0000000000
40152  -26.452  -4.162  41.376 0.0000000000
41085  -26.282  -3.011  42.008 0.0000000000
42008  -23.956  -3.482  41.212 0.0000000000
41997  -24.720  -3.612  41.622 0.0000000000
97095  -23.673  -3.429  42.197 0.0000000000
42007  -22.927  -3.538  41.479 0.0000000000
40165  -22.516  -4.297  41.793 0.0000000000
46040  -41.241  0.353  33.362 0.0000000000
46014  -42.700  0.021  35.102 0.0000000000
46015  -43.537  0.203  35.001 0.0000000000
44945  -35.795  -0.135  37.459 0.0000000000
45974  -35.773  0.312  37.016 0.0000000000
45994  -35.719  0.608  36.433 0.0000000000
45995  -36.253  0.923  36.697 0.0000000000
45942  -38.801  1.035  39.303 0.0000000000
47043  -38.677  2.254  36.797 0.0000000000
47060  -38.337  2.357  36.207 0.0000000000
47059  -37.678  2.061  36.149 0.0000000000
48099  -38.222  2.458  35.834 0.0000000000
48120  -38.206  2.301  34.774 0.0000000000
48121  -39.121  2.325  34.801 0.0000000000
46039  -40.058  0.600  33.454 0.0000000000
43982  -34.751  -1.758  38.819 0.0000000000
49255  -44.186  4.805  19.848 0.0000000000
51088  -46.231  6.522  20.214 0.0000000000
52044  -46.514  7.008  19.874 0.0000000000
52928  -45.977  7.320  18.528 0.0000000000
52927  -45.267  7.124  18.453 0.0000000000
52974  -47.360  8.570  16.227 0.0000000000
52948  -48.902  9.935  17.222 0.0000000000
49120  -39.919  3.554  29.447 0.0000000000
51925  -39.336  7.355  29.837 0.0000000000
52816  -39.213  8.163  29.509 0.0000000000
50991  -38.215  7.600  28.153 0.0000000000
50990  -37.929  7.101  28.351 0.0000000000
51964  -38.081  7.527  27.656 0.0000000000
97482  -41.805  9.354  26.679 0.0000000000
55192  -42.656  10.209  26.661 0.0000000000
55180  -43.303  10.754  27.305 0.0000000000
56029  -44.535  11.563  26.005 0.0000000000
39151  -29.202  -6.210  39.234 0.0000000000
39222  -27.869  -4.972  35.029 0.0000000000
39202  -27.752  -4.798  36.120 0.0000000000
39186  -26.269  -4.212  37.352 0.0000000000
39171  -26.856  -5.759  37.746 0.0000000000
39160  -28.157  -6.197  38.911 0.0000000000
39149  -27.226  -6.019  39.590 0.0000000000
39158  -25.851  -5.716  38.416 0.0000000000
41964  -20.982  -4.555  45.041 0.0000000000
44130  -41.351  -1.148  27.289 0.0000000000
46108  -42.133  0.267  28.820 0.0000000000
46088  -41.500  1.116  29.102 0.0000000000
44998  -42.372  -0.881  33.408 0.0000000000
44019  -41.982  -1.256  32.925 0.0000000000
45017  -43.467  -0.137  32.568 0.0000000000
44053  -43.258  -1.126  31.922 0.0000000000
45034  -43.485  -0.106  32.129 0.0000000000
48145  -43.400  2.128  32.141 0.0000000000
47110  -43.311  2.081  31.854 0.0000000000
46066  -43.085  2.002  31.583 0.0000000000
47116  -42.585  2.027  31.163 0.0000000000
49112  -42.038  3.239  30.539 0.0000000000
48152  -41.690  2.788  30.268 0.0000000000
49121  -40.753  3.300  29.687 0.0000000000
50027  -41.640  4.822  31.135 0.0000000000
50950  -39.518  5.546  31.135 0.0000000000
51882  -41.932  6.349  33.071 0.0000000000
50920  -41.644  5.988  32.402 0.0000000000
52787  -40.309  7.418  32.106 0.0000000000
43999  -33.621  -1.845  35.655 0.0000000000
44017  -33.357  -1.022  33.850 0.0000000000
44992  -32.789  -0.935  33.296 0.0000000000
44027  -32.229  -1.532  32.393 0.0000000000
46052  -35.318  0.649  32.540 0.0000000000
46035  -34.953  0.541  33.012 0.0000000000
45009  -34.859  0.509  31.922 0.0000000000
38178  -31.479  -7.016  38.333 0.0000000000
38193  -31.217  -7.029  37.604 0.0000000000
38207  -32.253  -7.111  36.490 0.0000000000
37256  -30.757  -6.995  35.237 0.0000000000
37234  -31.452  -7.512  36.235 0.0000000000
37243  -30.847  -7.249  35.915 0.0000000000
38216  -29.756  -6.223  34.753 0.0000000000
53753  -45.517  8.613  12.752 0.0000000000
53754  -46.193  9.117  12.561 0.0000000000
54530  -46.941  9.512  12.058 0.0000000000
53763  -46.228  9.495  11.821 0.0000000000
53775  -46.365  9.596  10.847 0.0000000000
97587  -48.567  9.987  12.149 0.0000000000
97570  -49.185  10.601  12.975 0.0000000000
97589  -49.730  10.683  12.806 0.0000000000
97563  -50.456  10.819  12.770 0.0000000000
48173  -39.162  2.599  28.553 0.0000000000
97365  -38.517  2.882  28.041 0.0000000000
97417  -41.654  5.800  20.996 0.0000000000
97411  -41.511  5.228  20.401 0.0000000000
52042  -42.271  5.829  20.950 0.0000000000
52901  -42.311  8.160  23.612 0.0000000000
97426  -43.640  6.313  21.232 0.0000000000
51085  -43.938  5.749  20.492 0.0000000000
97439  -45.817  6.633  21.460 0.0000000000
51060  -46.124  6.340  21.243 0.0000000000
97444  -46.387  6.733  21.960 0.0000000000
97061  -24.436  -3.136  46.222 0.0000000000
97065  -24.781  -2.650  46.084 0.0000000000
97020  -24.283  -3.539  46.494 0.0000000000
97057  -23.043  -5.400  43.953 0.0000000000
41079  -22.952  -5.481  44.247 0.0000000000
40142  -22.509  -5.858  43.738 0.0000000000
39074  -21.209  -6.285  47.032 0.0000000000
39072  -19.616  -6.216  47.167 0.0000000000
39060  -20.519  -5.825  48.016 0.0000000000
40087  -19.752  -5.340  47.902 0.0000000000
38096  -16.785  -8.068  45.287 0.0000000000
39098  -17.770  -7.269  45.218 0.0000000000
39071  -18.448  -6.001  46.324 0.0000000000
41049  -19.797  -4.829  47.945 0.0000000000
41057  -19.280  -5.001  47.272 0.0000000000
41946  -18.605  -5.498  45.645 0.0000000000
97691  -19.471  -5.589  45.496 0.0000000000
39084  -14.784  -6.355  46.557 0.0000000000
40111  -16.174  -6.022  46.376 0.0000000000
44050  -40.406  -1.321  30.821 0.0000000000
43018  -40.913  -2.037  32.012 0.0000000000
42060  -32.817  -3.732  35.160 0.0000000000
42068  -33.125  -3.264  34.834 0.0000000000
44994  -38.692  0.012  32.976 0.0000000000
45013  -38.414  -0.102  32.248 0.0000000000
44048  -38.891  -0.928  30.810 0.0000000000
42972  -35.448  -3.422  38.143 0.0000000000
42048  -35.427  -3.802  37.980 0.0000000000
41139  -34.580  -4.505  37.418 0.0000000000
40215  -33.916  -5.387  36.175 0.0000000000
40214  -33.496  -5.048  36.028 0.0000000000
52984  -42.479  7.028  14.689 0.0000000000
46127  -40.599  0.198  27.390 0.0000000000
51997  -37.197  6.499  24.814 0.0000000000
52011  -37.681  6.393  23.893 0.0000000000
39138  -25.719  -5.232  39.439 0.0000000000
40166  -25.673  -4.853  40.033 0.0000000000
40159  -25.594  -4.713  40.761 0.0000000000
41092  -25.318  -4.149  41.212 0.0000000000
41103  -24.179  -4.051  40.408 0.0000000000
41102  -23.350  -3.913  40.464 0.0000000000
45998  -42.548  0.611  35.989 0.0000000000
44956  -42.901  0.529  36.247 0.0000000000
44946  -36.542  0.117  37.950 0.0000000000
47028  -39.065  2.241  38.010 0.0000000000
48101  -39.632  2.156  36.359 0.0000000000
48122  -39.958  2.417  35.021 0.0000000000
47073  -40.028  1.644  35.691 0.0000000000
50137  -45.315  4.930  20.906 0.0000000000
49280  -44.400  4.834  19.693 0.0000000000
50149  -45.421  5.106  20.304 0.0000000000
50170  -45.299  5.419  19.805 0.0000000000
52055  -46.654  7.946  19.226 0.0000000000
53696  -45.424  7.871  17.531 0.0000000000
53697  -45.653  8.232  17.318 0.0000000000
53709  -45.908  8.467  16.672 0.0000000000
52104  -47.057  8.872  17.377 0.0000000000
52946  -47.311  9.472  17.638 0.0000000000
53598  -40.512  8.532  29.086 0.0000000000
52839  -39.511  8.490  28.957 0.0000000000
97496  -39.655  8.498  27.513 0.0000000000
97487  -40.687  8.476  26.829 0.0000000000
97499  -42.205  9.636  27.116 0.0000000000
39152  -30.195  -6.397  39.165 0.0000000000
38175  -28.896  -6.710  38.168 0.0000000000
41146  -26.360  -4.144  35.404 0.0000000000
55295  -47.528  10.987  11.426 0.0000000000
55309  -47.382  10.629  10.514 0.0000000000
56180  -47.712  11.248  11.472 0.0000000000
56197  -47.719  11.246  10.157 0.0000000000
41960  -21.702  -3.846  45.947 0.0000000000
44982  -43.197  -0.268  34.382 0.0000000000
48137  -43.455  2.289  32.824 0.0000000000
51867  -41.461  6.666  33.656 0.0000000000
44965  -34.650  -0.320  35.329 0.0000000000
44009  -34.303  -0.798  34.782 0.0000000000
44979  -34.322  -0.200  34.750 0.0000000000
46019  -33.607  0.101  34.003 0.0000000000
46033  -33.688  0.255  33.502 0.0000000000
45029  -35.045  -0.219  30.902 0.0000000000
45028  -34.168  0.487  31.197 0.0000000000
38180  -32.917  -7.066  38.578 0.0000000000
38219  -32.100  -7.022  35.733 0.0000000000
37235  -31.944  -7.663  35.927 0.0000000000
38229  -29.746  -6.193  33.441 0.0000000000
54523  -47.234  9.509  12.287 0.0000000000
97573  -47.675  9.533  12.104 0.0000000000
97574  -48.289  9.664  12.289 0.0000000000
97011  -22.005  -6.475  44.491 0.0000000000
97485  -42.176  8.637  24.956 0.0000000000
97447  -46.682  7.072  22.359 0.0000000000
97055  -25.526  -2.551  43.861 0.0000000000
97019  -23.449  -4.959  44.928 0.0000000000
97058  -23.266  -5.107  43.860 0.0000000000
97082  -22.922  -5.193  43.593 0.0000000000
38082  -20.431  -6.506  46.883 0.0000000000
38081  -20.021  -6.468  46.898 0.0000000000
40098  -17.814  -5.800  46.171 0.0000000000
43985  -37.953  -0.160  39.449 0.0000000000
98116  -40.182  2.061  38.246 0.0000000000
51062  -47.450  6.984  21.674 0.0000000000
51071  -47.220  6.736  20.965 0.0000000000
52032  -47.511  7.201  20.811 0.0000000000
52046  -47.614  7.701  20.401 0.0000000000
52057  -47.503  8.908  19.862 0.0000000000
52070  -47.135  9.442  19.039 0.0000000000
52086  -47.084  9.483  18.436 0.0000000000
52798  -39.500  7.943  30.682 0.0000000000
51924  -39.470  7.369  30.336 0.0000000000
53575  -40.042  8.726  30.280 0.0000000000
53584  -40.132  8.531  29.644 0.0000000000
53597  -40.051  8.497  29.404 0.0000000000
38205  -29.529  -6.190  36.164 0.0000000000
38204  -28.744  -6.079  36.518 0.0000000000
39203  -27.976  -5.845  35.450 0.0000000000
43062  -42.254  -1.266  30.453 0.0000000000
44082  -42.552  -0.999  31.129 0.0000000000
40249  -31.279  -5.246  33.092 0.0000000000
40231  -31.992  -5.115  34.100 0.0000000000
40250  -31.753  -4.858  33.512 0.0000000000
41181  -31.445  -4.637  33.110 0.0000000000
47078  -36.791  1.820  34.518 0.0000000000
47091  -35.098  1.146  33.587 0.0000000000
47092  -36.169  1.444  33.632 0.0000000000
46053  -36.351  1.002  32.728 0.0000000000
45011  -36.606  0.590  31.957 0.0000000000
44028  -35.865  0.283  31.492 0.0000000000
44075  -35.707  -0.157  30.775 0.0000000000
44077  -37.929  -0.870  29.979 0.0000000000
39162  -33.899  -6.097  38.824 0.0000000000
39191  -32.939  -6.473  36.447 0.0000000000
52102  -41.492  6.157  16.663 0.0000000000
52998  -50.997  9.534  14.021 0.0000000000
51961  -37.522  5.831  26.932 0.0000000000
97467  -44.057  9.917  25.409 0.0000000000
97450  -46.301  8.219  23.650 0.0000000000
39132  -26.578  -5.233  40.966 0.0000000000
39133  -27.087  -4.855  41.174 0.0000000000
97104  -22.870  -3.628  42.534 0.0000000000
38094  -15.266  -7.352  46.316 0.0000000000
46041  -41.664  -0.017  33.460 0.0000000000
44980  -42.138  -0.526  33.661 0.0000000000
46026  -42.552  -0.215  34.480 0.0000000000
44967  -42.855  -0.328  34.611 0.0000000000
45978  -43.161  0.115  36.745 0.0000000000
42976  -33.832  -2.740  36.404 0.0000000000
44944  -34.896  -0.673  37.116 0.0000000000
44954  -34.782  -0.639  36.143 0.0000000000
44966  -35.302  -0.127  35.876 0.0000000000
47069  -35.816  1.317  35.904 0.0000000000
44938  -37.235  0.080  38.622 0.0000000000
45957  -37.038  0.484  38.063 0.0000000000
47041  -37.005  1.279  37.230 0.0000000000
47058  -36.705  1.354  36.573 0.0000000000
47070  -36.756  1.813  35.455 0.0000000000
48119  -37.388  2.327  34.829 0.0000000000
47079  -37.671  1.796  34.349 0.0000000000
47081  -39.616  1.759  34.593 0.0000000000
46022  -39.040  1.127  34.398 0.0000000000
42966  -34.912  -2.396  39.277 0.0000000000
49278  -41.940  4.937  19.416 0.0000000000
50167  -42.708  4.854  19.208 0.0000000000
50186  -41.962  5.455  18.282 0.0000000000
51104  -45.855  6.430  19.807 0.0000000000
51116  -45.197  6.302  19.364 0.0000000000
52067  -45.866  6.668  18.822 0.0000000000
52066  -44.989  6.602  18.831 0.0000000000
52065  -44.024  6.423  18.251 0.0000000000
98348  -42.711  6.572  17.693 0.0000000000
52103  -42.472  6.987  16.679 0.0000000000
52972  -42.841  7.422  15.689 0.0000000000
52985  -43.247  7.598  14.514 0.0000000000
52975  -48.102  8.743  16.210 0.0000000000
52947  -47.554  9.869  17.867 0.0000000000
53711  -50.041  9.473  17.066 0.0000000000
49132  -39.436  3.274  28.891 0.0000000000
50976  -38.122  5.564  27.585 0.0000000000
50964  -38.551  7.111  29.099 0.0000000000
52817  -38.890  8.256  29.240 0.0000000000
51944  -37.869  6.657  28.073 0.0000000000
50989  -37.767  5.914  27.329 0.0000000000
51962  -37.558  6.056  27.056 0.0000000000
51981  -37.533  6.423  26.499 0.0000000000
52871  -37.721  7.224  25.777 0.0000000000
97491  -41.721  8.668  25.318 0.0000000000
97502  -42.528  10.016  28.026 0.0000000000
97498  -42.468  9.941  27.449 0.0000000000
53599  -42.793  10.362  27.256 0.0000000000
56047  -44.749  11.369  25.481 0.0000000000
38190  -28.814  -6.326  37.155 0.0000000000
39147  -25.312  -5.162  38.841 0.0000000000
55298  -50.505  10.954  10.967 0.0000000000
56191  -49.166  11.674  10.543 0.0000000000
45097  -41.223  -0.351  27.536 0.0000000000
45016  -41.418  -0.654  32.423 0.0000000000
44034  -42.254  -1.256  32.405 0.0000000000
44054  -43.149  -0.663  31.430 0.0000000000
45077  -43.206  -0.163  30.720 0.0000000000
46067  -43.470  1.053  32.146 0.0000000000
46076  -42.941  0.647  31.137 0.0000000000
45052  -41.764  0.918  30.326 0.0000000000
45051  -41.819  0.677  29.436 0.0000000000
47123  -41.513  1.642  29.629 0.0000000000
50949  -39.518  6.173  31.524 0.0000000000
51866  -40.536  6.792  33.609 0.0000000000
51895  -40.838  6.300  32.369 0.0000000000
51893  -39.856  6.657  31.633 0.0000000000
42985  -33.501  -2.671  35.876 0.0000000000
42995  -33.336  -2.571  34.817 0.0000000000
42994  -32.647  -2.345  34.207 0.0000000000
44008  -33.610  -1.458  34.620 0.0000000000
43004  -32.227  -2.410  33.229 0.0000000000
43017  -31.317  -2.251  31.894 0.0000000000
46034  -34.367  0.575  33.345 0.0000000000
46050  -33.612  0.299  32.715 0.0000000000
46065  -33.722  0.518  31.664 0.0000000000
46064  -33.331  0.482  31.969 0.0000000000
45007  -32.755  -0.402  32.546 0.0000000000
44043  -31.601  -1.525  31.401 0.0000000000
43016  -31.494  -1.897  31.448 0.0000000000
39153  -31.177  -6.300  39.155 0.0000000000
38167  -30.857  -7.062  39.018 0.0000000000
39161  -33.232  -6.424  38.374 0.0000000000
38195  -32.876  -7.066  37.884 0.0000000000
38194  -32.061  -7.183  37.411 0.0000000000
37226  -31.937  -7.773  36.646 0.0000000000
37225  -31.496  -7.199  36.901 0.0000000000
37224  -31.064  -7.046  37.146 0.0000000000
53012  -44.462  7.831  11.964 0.0000000000
53013  -44.725  8.336  11.642 0.0000000000
53021  -44.466  7.843  11.270 0.0000000000
53022  -44.793  8.304  10.826 0.0000000000
54542  -47.310  9.934  10.856 0.0000000000
54543  -47.913  9.820  11.613 0.0000000000
54531  -48.192  10.175  11.804 0.0000000000
55296  -47.853  10.600  11.936 0.0000000000
55288  -48.342  11.052  12.596 0.0000000000
97584  -49.860  11.057  12.471 0.0000000000
39090  -21.253  -6.765  46.412 0.0000000000
97007  -21.504  -6.880  45.953 0.0000000000
97008  -21.163  -7.256  46.052 0.0000000000
38098  -20.650  -7.140  46.265 0.0000000000
47141  -39.571  1.936  28.465 0.0000000000
97369  -36.793  3.698  26.016 0.0000000000
49253  -41.528  4.800  19.823 0.0000000000
52029  -42.556  6.074  21.236 0.0000000000
52043  -42.662  5.863  20.724 0.0000000000
51068  -45.055  5.369  21.175 0.0000000000
50136  -45.029  4.776  21.038 0.0000000000
51069  -45.675  5.646  21.026 0.0000000000
97464  -46.961  8.559  24.067 0.0000000000
97046  -24.622  -2.778  47.184 0.0000000000
97006  -24.358  -3.633  46.754 0.0000000000
97005  -22.868  -5.561  45.409 0.0000000000
40124  -22.859  -5.562  45.039 0.0000000000
39101  -22.442  -6.053  44.821 0.0000000000
97092  -22.608  -5.184  43.196 0.0000000000
40089  -21.436  -5.257  48.157 0.0000000000
41947  -19.136  -5.093  46.551 0.0000000000
41068  -20.030  -5.551  45.431 0.0000000000
41054  -17.077  -5.656  46.089 0.0000000000
37245  -31.780  -7.202  35.673 0.0000000000
39113  -22.296  -6.221  43.836 0.0000000000
39124  -26.817  -4.511  41.385 0.0000000000
40114  -23.159  -5.373  45.277 0.0000000000
40125  -23.105  -5.410  45.038 0.0000000000
40202  -26.582  -4.183  36.412 0.0000000000
40203  -33.748  -4.875  36.329 0.0000000000
40204  -34.075  -5.092  36.546 0.0000000000
41069  -20.406  -5.237  45.118 0.0000000000
41073  -23.160  -5.365  44.710 0.0000000000
41159  -26.689  -4.053  34.447 0.0000000000
41953  -24.489  -3.100  46.818 0.0000000000
42967  -35.461  -3.148  38.869 0.0000000000
43063  -42.432  -1.063  30.398 0.0000000000
44018  -41.805  -0.996  32.701 0.0000000000
44029  -36.159  0.315  31.497 0.0000000000
44044  -31.991  -0.869  31.446 0.0000000000
44045  -35.793  0.021  31.288 0.0000000000
44046  -36.307  -0.057  31.137 0.0000000000
44047  -36.918  0.075  31.245 0.0000000000
44076  -36.089  -0.127  30.502 0.0000000000
44083  -42.929  -0.546  31.005 0.0000000000
44084  -43.014  -0.438  30.871 0.0000000000
44110  -42.797  -0.379  30.559 0.0000000000
44111  -42.996  -0.286  30.668 0.0000000000
44948  -42.882  0.237  36.647 0.0000000000
44957  -43.020  0.347  36.473 0.0000000000
45008  -33.397  -0.099  32.944 0.0000000000
45035  -43.458  -0.323  31.873 0.0000000000
45053  -43.368  -0.288  31.342 0.0000000000
45054  -43.362  -0.127  30.893 0.0000000000
45076  -42.854  -0.152  30.263 0.0000000000
45976  -37.300  1.150  37.531 0.0000000000
46009  -34.566  0.131  34.950 0.0000000000
46011  -39.976  1.053  35.333 0.0000000000
46037  -37.322  0.924  33.373 0.0000000000
46049  -33.198  -0.001  32.641 0.0000000000
46063  -32.993  0.206  32.339 0.0000000000
46077  -43.478  -0.092  31.690 0.0000000000
46078  -43.464  -0.029  31.046 0.0000000000
46090  -42.930  0.124  30.475 0.0000000000
46091  -43.024  -0.113  30.471 0.0000000000
46092  -43.413  0.060  30.831 0.0000000000
46109  -43.027  0.099  30.009 0.0000000000
46110  -43.052  -0.208  30.138 0.0000000000
47071  -37.339  2.139  35.577 0.0000000000
47082  -40.208  1.853  34.895 0.0000000000
47103  -35.290  0.798  33.069 0.0000000000
47117  -42.901  0.821  30.973 0.0000000000
47118  -43.173  0.650  31.066 0.0000000000
47119  -43.337  0.412  31.126 0.0000000000
47125  -42.999  0.767  30.078 0.0000000000
47126  -43.337  0.300  30.910 0.0000000000
47127  -43.689  0.229  30.763 0.0000000000
47144  -43.156  0.710  29.954 0.0000000000
47145  -43.161  0.394  29.936 0.0000000000
48111  -37.778  2.409  35.399 0.0000000000
48112  -38.603  2.467  35.345 0.0000000000
48113  -39.334  2.368  35.473 0.0000000000
48114  -39.713  2.116  35.607 0.0000000000
48118  -36.885  2.333  34.987 0.0000000000
48154  -42.671  0.937  31.052 0.0000000000
48155  -43.111  1.024  31.171 0.0000000000
48156  -43.689  0.894  30.785 0.0000000000
48163  -43.061  1.342  30.201 0.0000000000
48164  -42.959  1.045  31.039 0.0000000000
48165  -43.361  1.002  30.977 0.0000000000
48176  -42.874  1.068  29.966 0.0000000000
48177  -43.030  1.008  30.066 0.0000000000
49236  -45.441  4.957  20.699 0.0000000000
49237  -45.510  5.101  20.890 0.0000000000
49254  -43.950  4.799  19.769 0.0000000000
49256  -45.428  4.937  20.541 0.0000000000
49257  -45.566  5.251  20.641 0.0000000000
50934  -39.734  6.252  31.623 0.0000000000
50987  -37.515  5.723  26.672 0.0000000000
50988  -37.594  5.441  27.112 0.0000000000
51090  -47.955  7.685  20.709 0.0000000000
51103  -45.458  6.226  19.636 0.0000000000
51980  -37.515  6.017  26.749 0.0000000000
52031  -47.338  7.168  20.635 0.0000000000
52053  -45.605  6.481  19.161 0.0000000000
52105  -47.064  9.078  17.513 0.0000000000
52131  -47.871  8.546  15.594 0.0000000000
52837  -39.856  8.445  29.580 0.0000000000
52921  -46.431  7.466  18.911 0.0000000000
52922  -46.515  7.727  19.063 0.0000000000
52923  -46.497  7.985  18.852 0.0000000000
52930  -46.502  8.208  18.719 0.0000000000
53004  -44.294  7.283  12.305 0.0000000000
53011  -44.398  7.448  12.153 0.0000000000
53677  -46.542  8.012  19.097 0.0000000000
53678  -46.291  8.074  18.974 0.0000000000
53682  -46.418  7.734  18.884 0.0000000000
53683  -46.378  7.971  18.813 0.0000000000
53684  -46.259  8.159  18.726 0.0000000000
53755  -47.362  9.518  12.016 0.0000000000
54529  -46.711  9.511  11.961 0.0000000000
56173  -48.367  11.340  12.238 0.0000000000
56181  -48.012  11.436  11.826 0.0000000000
56189  -47.708  11.232  11.064 0.0000000000
57135  -49.422  11.577  11.773 0.0000000000
57136  -49.685  11.755  11.782 0.0000000000
57143  -49.504  11.525  11.499 0.0000000000
57144  -49.702  11.622  11.601 0.0000000000
96993  -22.595  -5.819  45.312 0.0000000000
96994  -21.510  -6.651  46.262 0.0000000000
97044  -23.207  -5.305  44.223 0.0000000000
97083  -23.182  -4.936  43.660 0.0000000000
97484  -41.973  8.673  25.223 0.0000000000
97562  -49.967  10.571  12.831 0.0000000000
97583  -49.173  11.362  12.668 0.0000000000
97586  -48.393  9.820  12.064 0.0000000000
97600  -48.582  10.311  12.380 0.0000000000
97601  -48.409  10.037  11.934 0.0000000000
