#!ascii label  , from subject output2 vox2ras=TkReg
2291
38057  -14.795  -8.252  49.339 0.3333329856
39041  -16.490  -7.899  48.876 0.3333329856
38059  -17.075  -9.657  49.032 0.3333329856
37111  -16.497  -8.898  47.973 0.4444440007
37112  -17.122  -9.475  48.258 0.3333329856
36128  -17.556  -9.486  47.917 0.4444440007
36127  -16.708  -9.277  47.683 0.5555559993
36129  -18.318  -9.680  48.167 0.4444440007
35207  -17.825  -10.595  46.709 0.5555559993
35217  -17.888  -10.837  45.889 0.6666669846
35234  -18.313  -10.966  45.185 0.7777780294
38077  -14.391  -7.666  47.279 0.3333329856
37109  -14.595  -8.575  48.001 0.4444440007
38066  -14.896  -7.681  49.075 0.4444440007
39051  -16.015  -8.184  48.097 0.3333329856
39057  -15.090  -7.831  48.577 0.4444440007
38069  -16.191  -8.909  48.021 0.4444440007
36137  -16.516  -9.141  47.163 0.6666669846
36138  -16.922  -9.487  47.271 0.6666669846
36147  -17.151  -10.500  46.164 0.7777780294
37133  -16.629  -9.850  46.339 0.6666669846
36163  -17.518  -10.263  45.101 0.7777780294
35253  -18.475  -11.017  44.523 0.5555559993
35254  -18.851  -11.419  44.246 0.5555559993
38078  -15.050  -7.678  47.277 0.4444440007
38068  -15.502  -7.943  48.019 0.5555559993
37110  -15.897  -8.408  47.824 0.5555559993
37120  -16.056  -8.609  47.013 0.6666669846
37132  -16.386  -9.092  45.592 0.6666669846
36146  -16.789  -9.737  45.358 0.6666669846
36162  -17.124  -9.432  44.648 0.7777780294
36181  -18.302  -10.076  44.242 0.6666669846
36180  -17.687  -9.492  44.461 0.7777780294
36199  -18.679  -10.524  43.707 0.6666669846
36200  -19.128  -10.510  43.394 0.5555559993
97013  -19.743  -10.443  42.204 0.5555559993
96984  -21.276  -11.613  42.616 0.5555559993
96975  -22.147  -11.561  42.269 0.3333329856
36182  -18.818  -9.924  43.574 0.7777780294
97025  -19.512  -10.010  41.813 0.7777780294
96996  -20.301  -10.707  41.790 0.5555559993
96986  -20.647  -10.720  41.440 0.5555559993
35311  -21.388  -10.607  41.066 0.3333329856
97026  -19.872  -9.620  41.745 0.7777780294
35310  -19.996  -10.192  40.847 0.6666669846
36216  -21.968  -10.581  40.861 0.4444440007
36231  -21.008  -10.524  40.569 0.7777780294
39067  -13.737  -6.805  47.093 0.1111110002
39068  -14.248  -6.566  47.036 0.2222220004
38093  -14.783  -7.075  46.648 0.2222220004
37119  -15.510  -8.060  47.298 0.5555559993
39083  -13.551  -6.518  46.250 0.1111110002
38079  -15.991  -8.611  46.206 0.6666669846
37121  -16.431  -9.128  46.538 0.6666669846
37144  -16.737  -8.787  44.704 0.6666669846
37155  -17.529  -8.787  44.484 0.7777780294
37156  -18.197  -8.937  44.292 0.7777780294
37157  -18.899  -8.957  43.550 0.7777780294
97037  -19.796  -8.637  43.039 0.7777780294
96997  -20.053  -10.493  41.070 0.7777780294
97015  -23.828  -10.430  41.291 0.5555559993
36215  -20.477  -10.003  40.022 0.7777780294
97031  -22.394  -10.575  40.380 0.6666669846
97052  -24.975  -9.876  41.994 0.5555559993
97030  -21.253  -9.479  39.602 0.7777780294
97074  -23.589  -10.196  40.775 0.6666669846
40095  -13.664  -5.927  46.836 0.1111110002
39084  -14.784  -6.355  46.557 0.2222220004
37131  -15.435  -8.006  46.573 0.6666669846
38095  -15.703  -7.890  45.592 0.7777780294
38091  -13.490  -6.278  45.542 0.1111110002
38080  -16.134  -8.619  45.755 0.6666669846
38096  -16.785  -8.068  45.287 0.7777780294
38123  -18.245  -8.390  44.794 0.7777780294
38124  -18.999  -8.322  44.761 0.7777780294
38125  -19.829  -8.039  44.249 0.7777780294
97038  -20.284  -8.588  42.833 0.7777780294
97022  -20.798  -8.523  42.934 0.7777780294
97028  -21.027  -8.449  42.329 0.8888890147
97014  -20.667  -9.102  40.293 0.8888890147
97032  -22.845  -10.582  40.068 0.6666669846
97016  -23.938  -9.778  40.982 0.6666669846
97079  -22.355  -10.212  39.459 0.6666669846
39085  -15.422  -6.486  46.265 0.3333329856
40108  -13.670  -5.283  46.056 0.2222220004
38094  -15.266  -7.352  46.316 0.4444440007
39082  -13.598  -5.838  45.683 0.1111110002
38110  -17.804  -8.129  45.157 0.7777780294
39099  -18.608  -7.150  45.085 0.7777780294
39089  -19.381  -6.557  45.551 0.4444440007
38097  -19.976  -6.763  46.452 0.4444440007
38111  -18.814  -7.836  45.226 0.8888890147
38112  -19.762  -7.214  45.226 0.7777780294
97009  -21.298  -8.064  44.084 0.7777780294
97010  -21.408  -8.021  43.731 0.8888890147
38143  -21.258  -8.218  41.172 0.7777780294
97040  -22.061  -9.177  39.938 0.7777780294
97033  -23.180  -10.285  39.602 0.6666669846
38082  -20.431  -6.506  46.883 0.2222220004
38083  -20.895  -6.677  46.670 0.2222220004
39074  -21.209  -6.285  47.032 0.1111110002
97008  -21.163  -7.256  46.052 0.7777780294
96981  -21.987  -6.479  45.243 0.2222220004
38113  -20.845  -7.185  44.924 0.7777780294
97011  -22.005  -6.475  44.491 0.6666669846
39106  -21.851  -6.571  43.959 0.8888890147
39112  -21.917  -6.528  43.521 0.6666669846
38135  -21.447  -7.608  42.447 0.8888890147
97039  -21.296  -8.146  40.807 0.7777780294
37210  -21.481  -8.663  38.418 0.6666669846
36249  -24.419  -9.738  40.135 0.6666669846
36265  -24.393  -9.784  39.105 0.6666669846
37211  -22.901  -9.321  38.534 0.7777780294
36266  -25.339  -9.844  39.150 0.6666669846
40124  -22.859  -5.562  45.039 0.1111110002
40142  -22.509  -5.858  43.738 0.4444440007
39122  -21.426  -7.549  41.423 0.8888890147
97048  -21.346  -8.086  40.406 0.8888890147
97050  -21.377  -7.851  39.903 0.8888890147
36276  -24.153  -9.090  38.193 0.6666669846
36277  -25.437  -9.741  38.285 0.6666669846
36278  -26.295  -9.982  38.143 0.6666669846
40102  -23.406  -5.082  45.595 0.1111110002
97093  -22.901  -4.924  43.446 0.4444440007
97058  -23.266  -5.107  43.860 0.4444440007
97088  -22.456  -5.490  42.256 0.5555559993
97089  -22.493  -5.696  43.163 0.5555559993
97086  -22.396  -5.673  41.012 0.6666669846
97070  -21.775  -6.502  39.975 0.6666669846
97068  -21.653  -6.656  41.041 0.8888890147
39146  -22.403  -5.239  40.051 0.6666669846
97090  -21.915  -6.413  39.029 0.7777780294
97098  -21.776  -7.455  37.939 0.7777780294
97105  -23.019  -7.823  38.064 0.7777780294
36287  -25.729  -9.761  37.604 0.6666669846
35373  -26.478  -10.312  37.336 0.6666669846
35374  -27.504  -10.623  37.594 0.7777780294
35375  -28.292  -10.833  37.935 0.6666669846
35393  -27.170  -10.688  36.552 0.7777780294
34512  -28.725  -11.405  37.686 0.6666669846
40101  -23.573  -4.064  46.113 0.1111110002
97061  -24.436  -3.136  46.222 0.1111110002
97045  -23.382  -5.087  44.256 0.1111110002
97094  -23.917  -3.559  44.526 0.1111110002
97097  -22.581  -3.939  42.676 0.4444440007
97103  -23.048  -3.646  43.209 0.4444440007
40165  -22.516  -4.297  41.793 0.4444440007
97101  -22.672  -4.159  40.637 0.6666669846
97114  -24.167  -8.456  37.948 0.8888890147
35372  -24.188  -8.869  37.483 0.7777780294
37232  -24.000  -8.250  36.176 0.8888890147
36299  -25.553  -9.826  36.821 0.7777780294
36315  -25.485  -9.792  35.876 0.7777780294
36314  -24.957  -8.925  35.486 0.8888890147
35414  -26.126  -10.121  35.414 0.8888890147
35415  -26.699  -10.760  35.516 0.7777780294
34526  -28.893  -11.500  36.862 0.7777780294
96151  -40.778  -6.951  31.753 0.2222220004
35395  -28.855  -10.898  36.202 0.7777780294
39312  -39.413  -7.319  30.968 0.3333329856
35452  -27.181  -10.888  33.405 0.7777780294
35438  -28.057  -10.855  34.328 0.7777780294
39330  -39.384  -7.054  29.708 0.3333329856
39347  -38.530  -6.675  28.629 0.5555559993
39364  -37.979  -6.602  27.167 0.4444440007
97065  -24.781  -2.650  46.084 0.1111110002
97062  -24.705  -2.735  45.228 0.1111110002
97104  -22.870  -3.628  42.534 0.3333329856
97084  -23.639  -3.321  43.414 0.1111110002
42006  -22.703  -3.739  41.922 0.3333329856
97095  -23.673  -3.429  42.197 0.3333329856
97102  -22.881  -4.437  39.653 0.5555559993
97100  -23.336  -4.459  39.088 0.7777780294
97099  -22.709  -5.429  38.467 0.7777780294
97106  -23.494  -7.627  37.694 0.7777780294
97113  -22.437  -7.095  36.278 0.8888890147
39331  -40.907  -6.858  30.196 0.1111110002
37242  -24.064  -8.041  34.939 0.8888890147
36330  -25.472  -9.810  34.916 0.8888890147
36347  -25.585  -9.881  33.784 0.8888890147
35437  -27.035  -10.812  34.490 0.7777780294
35417  -29.156  -10.844  35.175 0.7777780294
35451  -26.265  -10.738  33.542 0.8888890147
35471  -26.500  -10.887  32.778 0.8888890147
39332  -42.452  -6.762  29.609 0.3333329856
35453  -28.151  -10.930  33.208 0.8888890147
35454  -29.213  -11.005  33.209 0.7777780294
39348  -39.854  -7.045  28.492 0.3333329856
39349  -41.138  -6.970  28.368 0.3333329856
39365  -39.056  -6.598  27.085 0.3333329856
39366  -40.144  -6.610  27.004 0.3333329856
39382  -39.287  -6.436  25.612 0.4444440007
97306  -37.873  -5.944  25.439 0.5555559993
97305  -38.360  -6.425  25.800 0.5555559993
42170  -35.472  -3.899  27.146 0.8888890147
41269  -35.688  -4.638  26.796 0.8888890147
41270  -36.279  -4.765  26.258 0.8888890147
97064  -24.543  -2.935  44.018 0.1111110002
97078  -24.686  -3.327  42.708 0.1111110002
42008  -23.956  -3.482  41.212 0.4444440007
41102  -23.350  -3.913  40.464 0.4444440007
41114  -23.739  -4.383  39.788 0.3333329856
40175  -24.479  -4.814  39.276 0.3333329856
97108  -24.031  -5.118  38.691 0.4444440007
97109  -22.301  -5.895  37.575 0.7777780294
97126  -23.071  -7.168  35.123 0.8888890147
37269  -24.475  -7.903  33.130 0.7777780294
36365  -25.281  -8.896  32.235 0.8888890147
36366  -25.984  -9.848  32.319 0.8888890147
35472  -27.168  -10.882  32.212 0.8888890147
36331  -29.651  -10.978  34.075 0.6666669846
36367  -26.924  -10.133  31.075 0.8888890147
35473  -28.371  -10.902  32.134 0.8888890147
35455  -30.165  -10.875  33.278 0.8888890147
35495  -30.801  -10.880  30.841 0.6666669846
35496  -32.034  -10.906  30.666 0.7777780294
36389  -32.272  -9.866  30.053 0.6666669846
37302  -32.458  -8.497  30.066 0.8888890147
38282  -32.712  -6.811  30.095 0.8888890147
38264  -30.963  -6.470  29.611 0.8888890147
39291  -31.713  -5.635  29.604 0.8888890147
40306  -31.885  -4.932  29.310 0.7777780294
41234  -32.307  -4.359  28.619 0.8888890147
42150  -32.710  -3.374  28.158 0.8888890147
42151  -33.209  -4.155  27.504 0.8888890147
42152  -34.388  -4.214  27.141 0.8888890147
42193  -36.829  -4.361  26.038 0.8888890147
97312  -37.393  -5.289  25.275 0.7777780294
44126  -34.316  -1.451  27.431 0.8888890147
43112  -34.284  -2.789  27.175 0.8888890147
43113  -35.245  -2.933  27.160 0.8888890147
43134  -36.025  -2.930  27.161 0.8888890147
42171  -36.306  -3.807  26.619 0.8888890147
97054  -25.589  -3.340  42.678 0.1111110002
40195  -23.539  -4.438  37.732 0.4444440007
97116  -22.599  -5.248  36.063 0.7777780294
38227  -23.107  -6.862  34.634 0.7777780294
38243  -24.162  -7.004  33.382 0.7777780294
37279  -25.114  -8.040  32.447 0.7777780294
37280  -25.925  -8.303  32.047 0.7777780294
37281  -26.459  -8.721  31.121 0.8888890147
39313  -43.814  -6.788  29.911 0.1111110002
35492  -27.750  -10.800  31.310 0.8888890147
36385  -28.054  -10.072  30.818 0.8888890147
35474  -29.416  -10.898  32.075 0.8888890147
35494  -29.681  -10.912  30.897 0.8888890147
35476  -31.686  -10.923  32.276 0.6666669846
39333  -43.016  -6.786  28.917 0.2222220004
39334  -43.674  -6.608  28.884 0.2222220004
36386  -28.906  -10.343  30.134 0.8888890147
36387  -29.971  -10.282  30.090 0.8888890147
36388  -30.921  -10.007  30.019 0.8888890147
39350  -42.202  -6.876  28.061 0.2222220004
45046  -33.831  -0.192  29.932 0.6666669846
45029  -35.045  -0.219  30.902 0.3333329856
45048  -36.460  -0.089  29.852 0.3333329856
44077  -37.929  -0.870  29.979 0.4444440007
38281  -31.216  -7.434  30.186 0.8888890147
41233  -31.715  -3.484  29.155 0.7777780294
44074  -33.115  -0.050  28.871 0.7777780294
45047  -35.221  -0.168  29.932 0.3333329856
45072  -36.577  -0.359  28.612 0.6666669846
44129  -37.752  -1.415  27.904 0.6666669846
43137  -38.438  -2.675  27.181 0.8888890147
42173  -38.153  -3.720  26.156 0.8888890147
39367  -41.245  -6.603  26.750 0.4444440007
39368  -42.288  -6.707  26.814 0.2222220004
40281  -30.837  -4.776  30.167 0.8888890147
43085  -32.620  -2.015  28.180 0.7777780294
45094  -34.335  -0.588  28.111 0.8888890147
45095  -35.351  -0.872  28.079 0.7777780294
44128  -36.817  -1.130  27.889 0.8888890147
44143  -37.335  -1.847  27.196 0.8888890147
42172  -37.177  -3.602  26.271 0.8888890147
97309  -38.411  -5.280  24.625 0.8888890147
97308  -39.461  -5.969  24.933 0.5555559993
40361  -40.796  -5.713  25.803 0.4444440007
44127  -35.521  -1.617  27.203 0.8888890147
44141  -35.798  -2.286  27.048 0.8888890147
43135  -36.842  -2.850  27.077 0.8888890147
97313  -39.861  -5.381  24.779 0.5555559993
40360  -40.181  -6.223  25.697 0.5555559993
41138  -24.215  -4.186  36.767 0.5555559993
41146  -26.360  -4.144  35.404 0.4444440007
41169  -24.806  -4.133  34.167 0.5555559993
41158  -25.612  -4.102  34.822 0.5555559993
39221  -24.031  -6.083  33.911 0.6666669846
40245  -25.271  -5.118  32.992 0.6666669846
46010  -35.173  0.492  35.234 0.1111110002
38257  -25.639  -6.988  32.081 0.7777780294
39266  -27.268  -6.615  32.073 0.7777780294
46021  -35.009  0.828  34.594 0.1111110002
38258  -26.372  -7.309  31.455 0.7777780294
44992  -32.789  -0.935  33.296 0.4444440007
44993  -33.364  -0.375  33.486 0.3333329856
46033  -33.688  0.255  33.502 0.2222220004
47090  -34.555  0.943  33.894 0.2222220004
47091  -35.098  1.146  33.587 0.1111110002
39314  -44.226  -6.624  29.419 0.1111110002
37297  -27.646  -8.937  31.020 0.8888890147
46034  -34.367  0.575  33.345 0.2222220004
47104  -35.600  1.164  33.043 0.2222220004
37299  -29.442  -9.173  30.024 0.8888890147
37300  -30.254  -8.916  30.067 0.8888890147
37301  -31.236  -8.772  30.036 0.8888890147
45007  -32.755  -0.402  32.546 0.4444440007
46064  -33.331  0.482  31.969 0.4444440007
45009  -34.859  0.509  31.922 0.4444440007
44080  -40.496  -1.861  30.321 0.2222220004
39352  -43.599  -6.063  28.360 0.2222220004
39351  -42.864  -6.251  28.008 0.2222220004
45045  -32.912  0.006  30.427 0.5555559993
45028  -34.168  0.487  31.197 0.4444440007
43059  -40.115  -2.166  29.493 0.5555559993
44107  -39.519  -1.883  29.250 0.5555559993
40362  -42.716  -5.887  26.595 0.2222220004
39270  -30.054  -5.565  29.786 0.8888890147
41216  -31.199  -3.915  29.611 0.7777780294
43057  -31.036  -2.077  29.408 0.7777780294
44073  -32.239  -0.488  29.265 0.7777780294
43088  -39.767  -2.166  28.566 0.6666669846
43115  -38.678  -2.091  27.825 0.7777780294
97315  -39.022  -3.162  27.013 0.8888890147
97314  -38.638  -3.466  25.377 0.8888890147
40380  -41.977  -6.043  26.117 0.2222220004
39384  -41.678  -6.370  26.327 0.4444440007
42154  -39.744  -3.147  26.958 0.7777780294
97318  -39.271  -3.769  24.127 0.8888890147
39383  -41.287  -6.087  26.287 0.4444440007
40201  -25.266  -4.161  37.099 0.4444440007
40212  -27.321  -4.239  35.269 0.4444440007
41180  -26.612  -4.573  33.104 0.5555559993
40248  -27.632  -5.513  33.177 0.5555559993
44009  -34.303  -0.798  34.782 0.1111110002
44965  -34.650  -0.320  35.329 0.1111110002
39244  -26.411  -5.994  33.021 0.6666669846
39246  -28.081  -5.996  33.102 0.6666669846
44978  -33.756  -0.426  34.331 0.2222220004
44979  -34.322  -0.200  34.750 0.2222220004
44016  -32.732  -1.617  33.814 0.3333329856
46019  -33.607  0.101  34.003 0.2222220004
40331  -44.611  -5.605  28.934 0.1111110002
39267  -28.155  -6.823  32.035 0.7777780294
38260  -28.308  -7.169  31.035 0.8888890147
44027  -32.229  -1.532  32.393 0.4444440007
39335  -44.072  -6.039  28.985 0.2222220004
38278  -28.652  -7.807  30.132 0.8888890147
38279  -29.528  -7.709  30.085 0.8888890147
44043  -31.601  -1.525  31.401 0.6666669846
45026  -32.526  0.033  31.544 0.4444440007
38280  -30.209  -7.668  30.062 0.8888890147
38263  -30.073  -6.461  30.633 0.8888890147
44071  -31.355  -1.302  30.445 0.6666669846
43060  -40.900  -2.305  29.937 0.4444440007
40347  -43.313  -5.778  27.663 0.2222220004
40348  -44.212  -5.740  28.041 0.1111110002
41197  -29.641  -3.874  30.280 0.7777780294
42092  -30.413  -3.012  30.014 0.7777780294
43084  -31.048  -1.689  29.613 0.7777780294
43089  -40.307  -2.425  28.315 0.6666669846
43117  -39.829  -2.669  28.002 0.7777780294
41288  -41.944  -5.485  25.664 0.5555559993
40363  -43.213  -5.048  27.095 0.2222220004
42135  -40.332  -2.838  27.479 0.7777780294
97317  -40.927  -4.856  24.671 0.7777780294
41287  -41.554  -5.537  25.606 0.5555559993
41271  -42.386  -4.819  25.588 0.5555559993
97321  -40.056  -3.933  24.119 0.8888890147
97322  -40.004  -3.187  24.174 0.8888890147
39189  -28.598  -6.083  35.977 0.3333329856
39203  -27.976  -5.845  35.450 0.5555559993
40247  -27.194  -4.968  33.085 0.5555559993
39223  -28.389  -5.348  34.281 0.4444440007
42995  -33.336  -2.571  34.817 0.2222220004
44000  -34.347  -1.180  35.433 0.1111110002
43995  -34.306  -1.502  36.489 0.1111110002
39224  -28.972  -6.071  33.905 0.3333329856
39247  -29.012  -6.124  32.507 0.2222220004
42994  -32.647  -2.345  34.207 0.2222220004
44007  -32.989  -1.962  34.473 0.2222220004
42075  -31.474  -3.221  32.968 0.3333329856
39268  -28.742  -7.048  31.964 0.6666669846
38261  -29.227  -7.022  31.559 0.6666669846
43004  -32.227  -2.410  33.229 0.3333329856
38262  -29.768  -7.027  31.319 0.8888890147
42083  -30.469  -4.062  32.054 0.7777780294
43017  -31.317  -2.251  31.894 0.5555559993
44026  -31.616  -1.779  31.813 0.6666669846
43091  -42.030  -1.435  29.406 0.4444440007
39269  -29.826  -5.573  30.884 0.7777780294
41190  -29.912  -4.266  31.479 0.7777780294
42084  -30.235  -3.246  31.634 0.7777780294
43016  -31.494  -1.897  31.448 0.6666669846
43032  -30.632  -2.386  30.690 0.7777780294
43090  -41.093  -2.297  28.379 0.4444440007
43061  -41.607  -1.700  30.060 0.4444440007
97326  -41.018  -1.819  27.482 0.5555559993
40364  -44.009  -4.983  27.014 0.2222220004
41255  -44.721  -5.279  28.371 0.1111110002
97337  -40.161  -1.677  26.565 0.6666669846
97323  -39.536  -2.412  25.756 0.7777780294
42174  -41.331  -3.666  24.551 0.7777780294
97319  -39.560  -1.891  25.709 0.7777780294
97316  -39.192  -2.413  24.157 0.8888890147
97327  -40.330  -2.260  24.375 0.8888890147
41272  -43.445  -4.295  26.288 0.6666669846
39204  -28.850  -6.067  35.088 0.2222220004
38217  -30.197  -6.996  35.441 0.2222220004
37256  -30.757  -6.995  35.237 0.2222220004
38216  -29.756  -6.223  34.753 0.2222220004
38230  -30.312  -6.974  34.199 0.2222220004
42060  -32.817  -3.732  35.160 0.1111110002
38229  -29.746  -6.193  33.441 0.3333329856
38231  -31.136  -6.613  34.615 0.4444440007
39225  -31.033  -5.909  33.639 0.2222220004
40230  -31.365  -5.433  34.041 0.2222220004
41182  -31.967  -4.276  33.575 0.2222220004
42068  -33.125  -3.264  34.834 0.1111110002
38245  -29.611  -6.299  32.498 0.4444440007
38246  -29.913  -6.600  32.673 0.4444440007
38247  -30.229  -6.350  32.803 0.4444440007
40250  -31.753  -4.858  33.512 0.2222220004
42067  -32.542  -3.289  34.180 0.1111110002
40249  -31.279  -5.246  33.092 0.4444440007
42074  -31.134  -4.050  32.652 0.5555559993
45074  -42.203  -0.245  28.978 0.2222220004
44109  -42.516  -0.785  30.152 0.2222220004
39248  -30.930  -5.958  31.936 0.6666669846
41189  -30.712  -4.578  32.412 0.6666669846
41181  -31.445  -4.637  33.110 0.5555559993
44108  -42.404  -0.969  28.957 0.2222220004
40264  -30.231  -5.077  31.748 0.6666669846
45098  -41.901  -0.428  28.446 0.3333329856
44131  -41.729  -1.231  28.429 0.3333329856
44130  -41.351  -1.148  27.289 0.5555559993
45113  -39.946  -0.944  26.480 0.6666669846
41273  -44.744  -4.838  26.344 0.2222220004
41289  -43.810  -3.851  26.044 0.6666669846
97320  -39.290  -1.613  25.284 0.7777780294
43139  -41.250  -2.962  24.999 0.8888890147
42195  -41.859  -3.473  24.672 0.8888890147
42175  -42.370  -3.915  25.384 0.7777780294
97333  -39.788  -1.391  25.191 0.7777780294
43181  -41.010  -2.256  25.286 0.8888890147
45051  -41.819  0.677  29.436 0.2222220004
46089  -41.991  0.917  29.453 0.2222220004
46107  -41.429  0.515  28.442 0.4444440007
45097  -41.223  -0.351  27.536 0.5555559993
46106  -40.428  1.011  27.934 0.7777780294
46127  -40.599  0.198  27.390 0.5555559993
97347  -39.286  0.507  27.089 0.7777780294
97334  -39.205  -0.606  26.113 0.6666669846
42214  -42.078  -3.201  24.454 0.8888890147
97353  -38.130  0.285  26.544 0.7777780294
43182  -41.672  -2.635  24.275 0.8888890147
42215  -42.618  -2.974  24.576 0.8888890147
44177  -41.165  -1.806  24.722 1.0000000000
43199  -42.432  -1.947  24.075 0.8888890147
44178  -43.289  -1.947  24.065 1.0000000000
44157  -44.515  -2.057  24.217 0.8888890147
97342  -38.204  -0.282  25.473 1.0000000000
97324  -40.191  -0.830  24.185 1.0000000000
44196  -42.564  -1.539  24.008 1.0000000000
45167  -43.051  -1.339  24.137 0.8888890147
47190  -37.458  0.321  25.414 1.0000000000
97325  -39.941  -0.487  23.969 1.0000000000
97328  -40.145  -0.607  23.996 1.0000000000
97341  -40.399  -0.709  23.551 0.8888890147
97348  -40.984  -0.199  23.471 1.0000000000
97339  -39.640  -0.083  23.546 1.0000000000
97340  -40.110  -0.003  23.482 1.0000000000
47124  -41.999  1.806  30.361 0.3333329856
46088  -41.500  1.116  29.102 0.5555559993
47123  -41.513  1.642  29.629 0.3333329856
48162  -41.645  2.234  30.183 0.3333329856
47143  -40.986  1.490  28.964 0.5555559993
97355  -39.947  1.019  27.555 0.8888890147
47165  -38.287  1.168  26.955 0.7777780294
45131  -44.794  -1.450  24.152 1.0000000000
97354  -37.367  0.391  26.208 1.0000000000
45153  -43.977  -1.031  24.204 0.8888890147
97330  -39.460  -0.094  24.072 1.0000000000
97349  -41.602  -0.029  23.965 1.0000000000
46169  -43.251  0.159  24.277 0.8888890147
46170  -44.765  0.285  24.142 0.7777780294
47213  -38.012  1.287  25.424 1.0000000000
97343  -38.595  0.507  24.197 1.0000000000
47214  -40.109  0.512  23.481 1.0000000000
97344  -40.731  0.190  23.540 1.0000000000
97356  -39.769  1.156  23.581 1.0000000000
47215  -40.774  0.704  23.955 1.0000000000
47216  -42.060  0.918  24.408 1.0000000000
47142  -40.264  1.771  28.555 0.7777780294
48175  -40.548  2.175  29.196 0.5555559993
47167  -39.801  1.368  27.857 0.7777780294
47166  -38.736  1.631  27.907 0.7777780294
97351  -38.751  1.055  27.398 0.8888890147
97360  -37.509  1.184  26.590 1.0000000000
97361  -36.880  1.199  26.214 1.0000000000
97346  -38.673  1.215  23.888 1.0000000000
97350  -38.735  0.693  23.681 1.0000000000
46185  -43.586  0.666  24.185 1.0000000000
47231  -43.825  0.815  24.212 1.0000000000
48234  -38.408  2.162  24.692 1.0000000000
48235  -40.705  1.698  24.171 1.0000000000
47217  -43.393  1.053  24.240 0.8888890147
47218  -44.517  1.308  24.436 0.6666669846
50080  -37.238  3.221  24.837 1.0000000000
97357  -39.385  2.032  24.280 1.0000000000
48236  -42.054  1.811  24.335 1.0000000000
48215  -43.013  1.533  24.284 1.0000000000
97370  -40.721  2.302  23.961 1.0000000000
48237  -43.241  1.873  24.348 1.0000000000
48160  -40.469  2.797  29.445 0.3333329856
48174  -39.900  2.556  29.009 0.5555559993
48173  -39.162  2.599  28.553 0.7777780294
97365  -38.517  2.882  28.041 0.6666669846
49131  -38.945  3.441  28.475 0.5555559993
97367  -37.544  2.621  27.069 0.8888890147
97368  -36.735  2.302  25.821 1.0000000000
49187  -38.665  3.153  24.609 1.0000000000
97371  -39.977  3.218  24.066 1.0000000000
48238  -44.157  2.157  25.218 0.4444440007
97363  -38.939  4.096  24.496 0.8888890147
49189  -44.110  2.703  24.986 0.4444440007
49168  -44.796  2.770  25.799 0.3333329856
97380  -41.718  3.155  24.294 1.0000000000
49188  -43.436  2.240  24.354 0.7777780294
97379  -37.774  3.989  27.352 0.5555559993
50057  -38.402  4.203  27.860 0.5555559993
97366  -37.460  4.315  26.846 0.7777780294
97369  -36.793  3.698  26.016 0.6666669846
51009  -36.673  4.391  25.283 0.6666669846
50094  -37.946  4.208  24.099 0.8888890147
50107  -38.538  4.713  24.175 0.8888890147
51041  -38.115  5.344  23.561 0.7777780294
97372  -39.229  4.873  24.054 0.8888890147
97382  -40.099  4.859  23.516 1.0000000000
97413  -44.568  2.529  24.654 0.3333329856
50108  -40.598  5.037  22.952 1.0000000000
97358  -40.349  3.513  23.745 1.0000000000
97381  -41.861  2.554  24.196 1.0000000000
49202  -43.213  2.231  24.252 0.6666669846
50058  -39.256  4.251  28.705 0.2222220004
50056  -37.877  4.812  27.416 0.4444440007
50976  -38.122  5.564  27.585 0.4444440007
51008  -37.465  5.334  25.983 0.5555559993
51025  -37.100  5.170  24.578 0.5555559993
52012  -38.348  6.560  23.013 0.5555559993
51042  -38.951  5.678  22.719 0.6666669846
50125  -40.715  4.885  22.626 1.0000000000
97398  -41.884  2.403  23.832 1.0000000000
48246  -43.170  1.958  23.735 1.0000000000
49220  -41.992  1.734  23.671 1.0000000000
51943  -38.209  6.219  27.863 0.3333329856
50989  -37.767  5.914  27.329 0.4444440007
50990  -37.929  7.101  28.351 0.2222220004
51962  -37.558  6.056  27.056 0.3333329856
51963  -37.686  6.517  27.444 0.3333329856
50991  -38.215  7.600  28.153 0.2222220004
51007  -37.509  5.899  26.483 0.5555559993
51981  -37.533  6.423  26.499 0.3333329856
51964  -38.081  7.527  27.656 0.3333329856
51024  -36.797  5.942  25.265 0.5555559993
51982  -37.984  7.466  26.674 0.3333329856
52872  -38.853  7.513  25.805 0.3333329856
51997  -37.197  6.499  24.814 0.5555559993
52011  -37.681  6.393  23.893 0.5555559993
52893  -38.436  6.841  23.798 0.5555559993
52894  -38.995  7.421  23.534 0.3333329856
52013  -39.297  6.855  22.570 0.5555559993
51043  -39.747  5.992  22.128 0.7777780294
51044  -40.476  6.252  21.820 1.0000000000
50124  -41.093  4.124  23.023 1.0000000000
97399  -41.164  3.337  23.079 1.0000000000
97391  -41.101  2.649  23.553 1.0000000000
97407  -41.509  1.572  23.311 1.0000000000
97408  -41.828  1.524  23.517 1.0000000000
97373  -41.245  1.409  22.849 1.0000000000
97402  -41.866  1.272  23.205 1.0000000000
97500  -41.582  9.141  27.999 0.1111110002
97492  -41.882  9.405  28.822 0.1111110002
55170  -42.551  10.046  29.015 0.1111110002
51965  -38.685  8.217  27.948 0.3333329856
97495  -40.421  8.520  27.626 0.1111110002
97497  -41.034  8.551  27.730 0.1111110002
97502  -42.528  10.016  28.026 0.1111110002
97493  -40.272  8.500  27.100 0.2222220004
97487  -40.687  8.476  26.829 0.1111110002
97482  -41.805  9.354  26.679 0.2222220004
51983  -39.384  8.261  26.711 0.3333329856
97488  -40.339  8.398  26.735 0.2222220004
53637  -40.914  8.486  26.259 0.1111110002
52885  -40.254  8.354  24.794 0.2222220004
52895  -40.078  7.496  23.393 0.2222220004
52014  -40.400  6.999  22.573 0.3333329856
50131  -40.666  4.672  22.332 0.8888890147
50130  -41.125  3.871  22.935 1.0000000000
49235  -40.657  3.620  22.625 1.0000000000
97364  -40.613  2.146  22.683 0.8888890147
97375  -40.437  1.159  22.561 0.8888890147
47306  -41.603  0.102  21.939 1.0000000000
45201  -40.335  -0.276  21.813 0.8888890147
46229  -41.958  -0.519  21.487 0.8888890147
45202  -42.585  -1.519  21.055 0.7777780294
97498  -42.468  9.941  27.449 0.2222220004
97489  -42.272  9.702  26.805 0.2222220004
97480  -41.798  8.938  25.605 0.2222220004
97481  -41.304  8.579  25.411 0.2222220004
97491  -41.721  8.668  25.318 0.2222220004
97483  -41.711  8.545  25.036 0.2222220004
52021  -41.658  7.168  22.600 0.5555559993
51055  -41.161  6.268  21.691 0.7777780294
97416  -41.239  4.957  21.803 0.8888890147
48282  -40.233  3.831  22.085 0.8888890147
97374  -39.653  1.881  21.688 0.8888890147
97388  -38.288  1.777  21.876 0.8888890147
45200  -38.966  -0.508  21.695 0.8888890147
45224  -41.346  -0.982  20.574 0.8888890147
45203  -43.430  -1.669  21.128 0.8888890147
45249  -40.815  -0.900  19.764 0.8888890147
45226  -43.100  -1.329  20.320 0.8888890147
45227  -44.077  -1.148  20.260 0.8888890147
97485  -42.176  8.637  24.956 0.2222220004
52897  -42.595  8.658  24.395 0.2222220004
52896  -41.355  7.932  23.482 0.2222220004
52901  -42.311  8.160  23.612 0.3333329856
52022  -43.019  7.851  23.380 0.3333329856
97420  -41.495  6.071  21.419 0.4444440007
97376  -40.163  3.372  21.691 0.8888890147
97377  -38.539  3.221  21.820 0.7777780294
47326  -37.075  1.524  20.577 0.8888890147
45247  -38.665  -0.774  19.265 0.8888890147
45253  -44.801  -0.919  19.102 0.8888890147
45263  -38.650  -0.869  18.102 0.8888890147
46295  -41.674  -0.949  18.365 0.8888890147
45252  -43.633  -0.847  19.227 0.8888890147
45280  -40.509  -0.409  17.136 0.8888890147
45266  -42.031  -0.875  17.755 0.8888890147
52025  -43.104  6.818  22.202 0.3333329856
97417  -41.654  5.800  20.996 0.6666669846
97410  -40.983  4.782  21.373 0.7777780294
97404  -40.459  4.608  20.428 0.7777780294
97395  -40.288  3.855  21.022 0.7777780294
48314  -36.853  3.449  20.961 0.8888890147
48330  -37.080  2.869  19.358 0.8888890147
46276  -45.656  -0.484  18.706 0.8888890147
46292  -37.959  0.020  18.072 0.8888890147
45278  -38.406  -0.375  17.308 0.8888890147
45282  -42.449  -0.371  17.119 0.8888890147
45281  -41.507  -0.292  17.106 0.8888890147
46329  -42.239  0.931  15.936 0.8888890147
47388  -42.085  1.925  14.980 0.8888890147
98343  -41.841  2.513  15.056 0.8888890147
51156  -42.178  3.082  14.703 0.8888890147
50251  -43.019  3.741  13.176 0.8888890147
50252  -43.911  3.570  13.259 0.8888890147
97396  -39.552  4.578  20.197 0.6666669846
48315  -37.442  4.296  19.533 0.8888890147
49276  -39.780  4.325  19.556 0.7777780294
48331  -37.833  3.313  18.242 0.8888890147
47356  -38.093  0.866  17.690 0.8888890147
47344  -38.480  2.420  17.430 0.8888890147
46312  -38.963  0.484  17.025 0.8888890147
46313  -40.034  0.555  17.040 0.8888890147
46314  -40.898  0.411  16.275 0.8888890147
48341  -39.676  2.969  17.194 0.8888890147
48342  -40.140  2.578  16.431 0.8888890147
47359  -40.193  1.426  16.162 0.8888890147
47372  -40.894  1.369  15.299 0.8888890147
48355  -40.264  2.292  15.369 0.8888890147
47386  -40.910  2.363  15.086 0.8888890147
98346  -40.954  2.740  15.084 0.8888890147
50233  -40.958  4.055  15.001 0.8888890147
52101  -41.256  5.037  15.227 0.8888890147
52118  -41.752  5.025  14.392 0.8888890147
51166  -42.146  4.231  14.085 0.8888890147
51167  -42.383  4.531  13.554 0.8888890147
50267  -43.607  4.288  13.024 0.8888890147
50253  -44.741  3.196  13.208 0.8888890147
50254  -45.531  3.226  13.350 0.7777780294
49358  -45.352  3.244  14.077 0.7777780294
49359  -46.335  3.290  14.014 0.6666669846
49360  -47.397  3.292  14.553 0.6666669846
97411  -41.511  5.228  20.401 0.5555559993
49253  -41.528  4.800  19.823 0.5555559993
49294  -39.977  3.893  18.529 0.6666669846
48332  -39.170  3.200  17.904 0.6666669846
49306  -40.220  3.818  16.848 0.8888890147
49322  -40.176  3.388  15.661 0.8888890147
50216  -40.460  4.607  15.776 0.8888890147
50215  -40.522  4.248  15.254 0.7777780294
52971  -42.418  6.958  15.181 0.8888890147
52130  -42.379  5.846  13.982 0.8888890147
51177  -43.048  4.969  13.282 0.8888890147
50268  -44.308  3.942  12.633 0.8888890147
50269  -45.289  3.416  12.535 0.7777780294
49277  -41.163  4.377  19.136 0.5555559993
49305  -39.875  3.718  17.656 0.7777780294
50186  -41.962  5.455  18.282 0.5555559993
49295  -40.587  4.431  17.969 0.7777780294
50199  -40.548  5.163  17.182 0.4444440007
52102  -41.492  6.157  16.663 0.6666669846
52120  -42.222  6.728  16.025 0.7777780294
52972  -42.841  7.422  15.689 0.4444440007
52958  -44.330  7.644  16.473 0.5555559993
52119  -41.688  6.652  15.110 0.8888890147
52984  -42.479  7.028  14.689 0.5555559993
52985  -43.247  7.598  14.514 0.5555559993
52995  -42.681  7.082  13.788 0.7777780294
52137  -43.194  6.178  13.231 0.8888890147
51178  -43.662  5.164  12.596 0.8888890147
50270  -46.006  3.354  12.965 0.7777780294
51086  -44.594  5.560  20.734 0.3333329856
50146  -42.419  4.952  19.896 0.5555559993
50147  -43.669  4.841  19.849 0.4444440007
49278  -41.940  4.937  19.416 0.5555559993
50166  -41.966  4.837  18.957 0.5555559993
98347  -42.036  6.087  17.565 0.4444440007
98348  -42.711  6.572  17.693 0.4444440007
52103  -42.472  6.987  16.679 0.3333329856
52957  -43.400  7.396  17.133 0.1111110002
53696  -45.424  7.871  17.531 0.1111110002
53723  -45.001  8.449  16.033 0.4444440007
52973  -44.216  7.732  15.253 0.5555559993
52986  -43.937  8.180  14.378 0.5555559993
53736  -44.951  8.493  14.770 0.5555559993
52996  -43.588  7.562  13.380 0.5555559993
50292  -45.051  5.220  12.605 0.8888890147
50283  -45.187  3.916  12.090 0.7777780294
49370  -46.664  3.365  12.962 0.6666669846
49371  -47.239  3.336  13.572 0.6666669846
49372  -48.010  3.359  13.826 0.6666669846
97445  -46.450  7.012  22.382 0.1111110002
52030  -45.563  6.153  21.138 0.1111110002
51085  -43.938  5.749  20.492 0.4444440007
50148  -44.684  4.961  20.397 0.1111110002
50137  -45.315  4.930  20.906 0.1111110002
49255  -44.186  4.805  19.848 0.1111110002
49280  -44.400  4.834  19.693 0.1111110002
49279  -44.095  4.805  19.575 0.3333329856
50168  -43.999  5.107  18.928 0.2222220004
50167  -42.708  4.854  19.208 0.4444440007
98344  -43.091  6.062  18.528 0.3333329856
52065  -44.024  6.423  18.251 0.2222220004
52927  -45.267  7.124  18.453 0.2222220004
52928  -45.977  7.320  18.528 0.2222220004
52944  -45.658  8.186  17.955 0.1111110002
52068  -46.553  9.095  18.155 0.1111110002
52085  -46.970  9.386  17.909 0.1111110002
52942  -43.796  6.835  17.645 0.2222220004
52943  -44.771  7.366  17.888 0.1111110002
52945  -46.299  8.648  17.846 0.1111110002
52959  -46.038  8.500  17.404 0.2222220004
52104  -47.057  8.872  17.377 0.1111110002
52961  -47.424  9.098  17.161 0.1111110002
53697  -45.653  8.232  17.318 0.1111110002
53709  -45.908  8.467  16.672 0.3333329856
52960  -46.760  8.570  17.109 0.2222220004
53710  -46.605  8.519  16.213 0.2222220004
53724  -45.951  8.518  15.616 0.4444440007
52138  -43.927  6.269  12.405 0.8888890147
53743  -44.384  8.112  13.184 0.7777780294
52139  -44.126  6.187  12.077 0.8888890147
51193  -45.346  4.689  11.893 0.7777780294
50284  -46.178  4.062  12.241 0.6666669846
49379  -46.866  3.640  12.538 0.6666669846
49381  -47.712  3.360  13.200 0.6666669846
52026  -47.139  7.414  22.631 0.1111110002
51060  -46.124  6.340  21.243 0.1111110002
51061  -46.833  6.622  21.578 0.1111110002
51069  -45.675  5.646  21.026 0.1111110002
50149  -45.421  5.106  20.304 0.1111110002
50150  -45.884  5.940  20.495 0.1111110002
50169  -44.899  4.921  19.694 0.1111110002
50170  -45.299  5.419  19.805 0.1111110002
51102  -44.915  5.720  19.499 0.1111110002
51116  -45.197  6.302  19.364 0.1111110002
52054  -46.323  6.802  19.210 0.1111110002
52044  -46.514  7.008  19.874 0.1111110002
52066  -44.989  6.602  18.831 0.2222220004
52055  -46.654  7.946  19.226 0.1111110002
52056  -47.176  8.356  19.572 0.1111110002
52083  -44.600  6.801  18.346 0.2222220004
53676  -46.476  7.844  18.976 0.1111110002
52929  -46.385  8.133  18.508 0.2222220004
52069  -46.695  9.166  18.853 0.1111110002
52086  -47.084  9.483  18.436 0.1111110002
52947  -47.554  9.869  17.867 0.1111110002
53725  -46.883  8.519  15.455 0.1111110002
52975  -48.102  8.743  16.210 0.1111110002
53744  -45.227  8.531  13.614 0.4444440007
53737  -46.188  8.532  14.584 0.3333329856
52997  -44.302  8.442  13.821 0.5555559993
53005  -44.228  7.448  12.479 0.8888890147
49380  -47.336  3.437  12.832 0.6666669846
51062  -47.450  6.984  21.674 0.1111110002
51070  -46.379  6.069  20.911 0.1111110002
51063  -47.885  7.450  21.845 0.1111110002
51087  -45.573  6.034  20.088 0.1111110002
51071  -47.220  6.736  20.965 0.1111110002
51104  -45.855  6.430  19.807 0.1111110002
51088  -46.231  6.522  20.214 0.1111110002
52045  -46.912  7.240  20.248 0.1111110002
52046  -47.614  7.701  20.401 0.1111110002
52047  -47.958  8.307  20.634 0.1111110002
52057  -47.503  8.908  19.862 0.1111110002
52924  -48.004  9.493  19.860 0.1111110002
52925  -48.058  10.423  19.219 0.1111110002
52070  -47.135  9.442  19.039 0.1111110002
52931  -47.640  9.892  19.071 0.1111110002
52962  -48.221  9.737  16.510 0.1111110002
52147  -44.799  5.485  11.746 0.8888890147
51208  -45.595  4.261  11.335 0.7777780294
52148  -45.217  4.731  11.436 0.7777780294
52157  -45.222  4.714  10.955 0.7777780294
50295  -46.279  4.132  11.276 0.7777780294
38056  -14.555  -8.167  49.078 0.2222220004
40084  -14.834  -6.877  49.043 0.4444440007
38058  -16.374  -8.967  48.895 0.3333329856
38047  -17.053  -8.960  48.739 0.3333329856
38070  -16.546  -9.237  48.418 0.3333329856
36139  -17.590  -9.993  47.197 0.5555559993
38067  -14.876  -7.824  48.437 0.4444440007
37130  -15.286  -7.769  46.888 0.5555559993
97012  -19.521  -10.604  42.857 0.6666669846
37169  -19.359  -9.848  43.149 0.7777780294
96983  -20.522  -11.453  42.665 0.5555559993
36232  -21.463  -10.568  40.768 0.4444440007
35296  -23.731  -10.752  41.899 0.4444440007
38092  -13.553  -7.517  46.557 0.1111110002
40096  -13.925  -6.153  47.134 0.2222220004
39097  -13.507  -7.092  46.134 0.1111110002
97029  -20.603  -8.838  41.093 0.7777780294
40109  -14.376  -5.795  46.595 0.2222220004
38108  -13.503  -6.928  45.431 0.1111110002
97021  -20.623  -8.415  43.896 0.8888890147
97056  -23.335  -10.438  40.150 0.6666669846
39100  -19.180  -7.139  45.154 0.7777780294
38098  -20.650  -7.140  46.265 0.3333329856
97023  -21.463  -7.235  43.855 0.8888890147
39090  -21.253  -6.765  46.412 0.2222220004
40091  -21.815  -6.314  46.338 0.1111110002
97007  -21.504  -6.880  45.953 0.5555559993
96991  -22.805  -5.578  45.879 0.1111110002
40132  -22.682  -5.696  44.483 0.4444440007
39101  -22.442  -6.053  44.821 0.4444440007
97069  -21.823  -6.563  42.335 0.6666669846
97049  -21.427  -7.348  41.230 0.8888890147
97041  -22.272  -8.982  39.389 0.8888890147
41079  -22.952  -5.481  44.247 0.3333329856
97019  -23.449  -4.959  44.928 0.1111110002
97005  -22.868  -5.561  45.409 0.1111110002
97057  -23.043  -5.400  43.953 0.4444440007
38164  -21.384  -7.617  38.999 0.8888890147
36286  -24.573  -9.647  37.438 0.6666669846
35357  -24.324  -9.201  37.772 0.6666669846
35358  -26.931  -10.557  38.303 0.6666669846
97096  -23.110  -4.437  43.552 0.3333329856
97082  -22.922  -5.193  43.593 0.4444440007
97092  -22.608  -5.184  43.196 0.4444440007
97087  -22.455  -5.752  42.761 0.5555559993
97128  -24.193  -8.602  37.680 0.8888890147
36298  -24.602  -9.495  36.411 0.6666669846
97115  -24.094  -9.022  36.934 0.6666669846
35392  -26.303  -10.204  36.250 0.7777780294
35394  -28.242  -10.857  36.926 0.7777780294
97075  -24.373  -3.185  44.335 0.1111110002
42007  -22.927  -3.538  41.479 0.4444440007
97111  -23.467  -8.335  37.140 0.8888890147
97117  -22.911  -6.828  35.755 0.8888890147
35416  -27.902  -10.779  35.605 0.7777780294
35436  -26.156  -10.482  34.614 0.7777780294
34527  -29.629  -11.536  36.224 0.6666669846
97053  -24.546  -2.926  44.534 0.1111110002
37255  -24.160  -8.402  33.835 0.8888890147
36329  -24.931  -8.989  34.338 0.8888890147
36346  -24.986  -8.943  33.098 0.7777780294
36316  -29.458  -10.874  34.544 0.7777780294
36348  -29.813  -10.993  33.716 0.6666669846
39381  -37.527  -6.518  26.087 0.5555559993
40378  -36.913  -5.711  25.537 0.6666669846
97310  -37.741  -5.200  24.844 0.7777780294
41286  -36.790  -5.027  25.590 0.7777780294
97091  -24.248  -3.491  41.924 0.1111110002
41103  -24.179  -4.051  40.408 0.3333329856
41115  -24.368  -4.354  39.886 0.3333329856
97112  -22.295  -5.157  36.744 0.6666669846
39220  -23.095  -6.190  34.672 0.7777780294
37268  -24.071  -7.649  33.779 0.7777780294
38244  -25.038  -7.051  32.923 0.7777780294
35493  -28.637  -10.903  31.072 0.8888890147
35475  -30.510  -10.913  32.249 0.6666669846
42131  -32.054  -2.891  28.969 0.7777780294
44125  -33.487  -1.257  27.998 0.8888890147
43111  -33.324  -2.482  27.554 0.8888890147
42194  -37.472  -4.619  25.392 0.8888890147
44142  -36.401  -1.974  27.079 0.8888890147
97107  -24.462  -5.245  38.376 0.4444440007
41155  -23.125  -4.748  35.600 0.6666669846
97122  -23.217  -4.264  36.771 0.4444440007
40226  -23.071  -4.959  34.834 0.5555559993
41178  -24.997  -4.268  33.250 0.5555559993
39243  -25.604  -6.091  32.795 0.6666669846
38259  -27.389  -7.527  31.093 0.8888890147
37298  -28.324  -9.092  30.177 0.8888890147
36404  -30.371  -9.546  30.055 0.8888890147
44075  -35.707  -0.157  30.775 0.3333329856
45031  -37.453  -0.195  30.964 0.1111110002
45049  -37.640  -0.339  29.739 0.3333329856
45030  -36.675  -0.168  30.759 0.3333329856
45050  -38.259  -0.594  30.195 0.4444440007
45073  -37.181  -0.674  29.116 0.5555559993
44078  -38.668  -1.014  30.229 0.4444440007
44105  -37.740  -1.120  29.098 0.6666669846
42112  -31.443  -2.351  28.997 0.7777780294
42111  -31.244  -2.967  29.225 0.7777780294
44102  -32.752  -0.589  28.223 0.7777780294
45070  -34.003  -0.115  28.780 0.8888890147
45071  -35.359  -0.074  28.779 0.7777780294
44104  -36.938  -0.936  28.807 0.7777780294
45096  -36.055  -0.966  27.958 0.8888890147
44106  -38.895  -1.425  29.246 0.6666669846
43086  -38.172  -2.056  28.611 0.6666669846
43136  -37.662  -2.851  27.043 0.8888890147
43114  -38.008  -2.139  27.654 0.7777780294
43058  -31.765  -1.638  28.584 0.8888890147
41157  -24.477  -4.073  35.130 0.5555559993
41170  -25.850  -4.003  33.804 0.5555559993
39265  -26.442  -6.396  32.145 0.7777780294
47076  -34.820  1.096  34.259 0.2222220004
46020  -34.318  0.449  34.325 0.1111110002
44017  -33.357  -1.022  33.850 0.3333329856
46050  -33.612  0.299  32.715 0.4444440007
47078  -36.791  1.820  34.518 0.1111110002
38277  -28.061  -8.070  30.659 0.8888890147
46051  -34.302  0.513  32.282 0.4444440007
46035  -34.953  0.541  33.012 0.2222220004
37318  -30.047  -9.425  30.052 0.8888890147
45044  -32.539  0.022  30.854 0.5555559993
46065  -33.722  0.518  31.664 0.4444440007
44050  -40.406  -1.321  30.821 0.2222220004
44079  -39.739  -1.426  30.041 0.3333329856
43087  -39.032  -2.110  28.638 0.6666669846
44072  -31.721  -0.628  30.283 0.6666669846
43116  -39.388  -2.362  27.641 0.7777780294
43138  -38.937  -2.390  27.352 0.8888890147
42153  -39.429  -2.883  27.259 0.8888890147
40379  -41.363  -5.665  25.962 0.5555559993
39222  -27.869  -4.972  35.029 0.5555559993
40228  -27.739  -4.376  34.046 0.5555559993
44008  -33.610  -1.458  34.620 0.3333329856
39315  -44.775  -6.158  29.705 0.1111110002
40265  -29.483  -4.841  30.597 0.7777780294
42134  -40.225  -2.986  27.706 0.7777780294
43999  -33.621  -1.845  35.655 0.1111110002
43118  -41.517  -1.718  28.474 0.5555559993
40349  -44.584  -4.879  27.313 0.2222220004
97311  -39.811  -2.246  24.192 0.8888890147
37257  -30.931  -7.033  34.897 0.3333329856
41172  -32.429  -4.358  34.662 0.2222220004
39226  -31.643  -5.846  34.779 0.3333329856
40231  -31.992  -5.115  34.100 0.2222220004
45075  -42.582  -0.147  30.152 0.2222220004
42196  -42.997  -3.421  25.412 0.7777780294
43157  -41.165  -2.879  25.039 0.8888890147
43158  -41.135  -3.028  24.106 0.8888890147
46075  -41.993  1.898  31.060 0.2222220004
46108  -42.133  0.267  28.820 0.2222220004
43159  -43.674  -2.829  24.689 0.8888890147
43183  -42.626  -2.487  24.209 0.8888890147
43198  -41.990  -2.074  24.236 1.0000000000
97331  -41.661  -1.587  23.806 1.0000000000
97335  -41.105  -0.761  23.449 0.8888890147
97336  -42.493  -0.925  23.692 0.8888890147
97332  -40.534  -0.414  23.494 1.0000000000
46186  -43.983  0.479  24.300 0.8888890147
47141  -39.571  1.936  28.465 0.6666669846
47191  -42.639  1.235  24.349 1.0000000000
47192  -43.010  1.248  24.348 1.0000000000
50977  -38.507  5.979  28.564 0.3333329856
50975  -37.892  5.289  27.426 0.4444440007
51961  -37.522  5.831  26.932 0.4444440007
51996  -37.382  6.429  25.585 0.5555559993
97383  -40.648  3.178  23.418 1.0000000000
51944  -37.869  6.657  28.073 0.2222220004
52871  -37.721  7.224  25.777 0.5555559993
52883  -37.528  6.962  25.235 0.5555559993
52884  -38.246  7.292  24.687 0.4444440007
97400  -40.888  3.232  23.260 1.0000000000
97384  -41.429  0.709  22.726 1.0000000000
97409  -43.083  0.534  22.545 1.0000000000
51946  -39.677  8.511  28.191 0.2222220004
97496  -39.655  8.498  27.513 0.2222220004
51947  -40.677  8.529  28.015 0.1111110002
97490  -41.122  8.606  27.199 0.1111110002
97486  -41.507  9.024  27.292 0.2222220004
97499  -42.205  9.636  27.116 0.2222220004
47268  -39.818  2.617  21.762 0.8888890147
97387  -39.397  0.684  21.902 0.8888890147
97389  -40.704  0.395  22.370 0.8888890147
45223  -40.136  -0.934  20.830 0.8888890147
46230  -42.142  -0.860  21.162 0.8888890147
46231  -42.662  -0.769  21.625 0.7777780294
45225  -42.261  -0.931  20.510 0.8888890147
97403  -40.352  4.077  21.663 0.7777780294
97392  -37.502  2.551  21.666 0.8888890147
46227  -37.379  0.553  21.531 0.8888890147
45222  -38.673  -0.806  20.530 0.8888890147
46248  -37.966  0.076  20.418 0.8888890147
45248  -39.659  -0.879  19.354 0.8888890147
46272  -40.595  -0.909  18.917 0.8888890147
46273  -41.338  -0.909  19.028 0.8888890147
45251  -42.629  -0.943  19.394 0.8888890147
45205  -45.345  -1.527  20.981 0.7777780294
52900  -42.123  7.760  23.326 0.3333329856
97378  -39.433  3.993  20.762 0.7777780294
46291  -37.163  0.734  18.845 0.8888890147
45264  -40.117  -0.967  18.042 0.8888890147
46275  -42.534  -0.908  18.663 0.8888890147
45267  -42.915  -0.965  18.152 0.8888890147
45279  -39.389  -0.523  17.167 0.8888890147
97394  -38.740  4.569  19.962 0.7777780294
47343  -37.588  1.677  18.148 0.8888890147
45283  -43.367  -0.280  17.110 0.8888890147
45268  -44.174  -0.801  17.796 0.8888890147
46316  -42.788  0.247  16.358 0.8888890147
46315  -41.916  0.235  16.384 0.8888890147
47373  -41.755  1.307  15.252 0.8888890147
47389  -42.741  1.663  15.095 0.8888890147
48316  -38.857  3.837  18.955 0.7777780294
47345  -39.174  2.660  17.289 0.8888890147
49321  -40.468  3.852  15.179 0.7777780294
52129  -42.222  4.913  14.059 0.8888890147
50282  -44.753  4.535  12.380 0.7777780294
51191  -44.421  4.958  12.450 0.8888890147
53708  -45.316  7.856  16.936 0.2222220004
51179  -44.008  5.664  12.370 0.8888890147
51192  -44.793  5.198  12.194 0.7777780294
97444  -46.387  6.733  21.960 0.1111110002
50136  -45.029  4.776  21.038 0.2222220004
50138  -45.688  5.426  20.838 0.1111110002
52084  -46.756  8.979  17.656 0.1111110002
52946  -47.311  9.472  17.638 0.1111110002
52067  -45.866  6.668  18.822 0.2222220004
52932  -48.373  10.386  18.277 0.1111110002
52974  -47.360  8.570  16.227 0.2222220004
51089  -46.694  6.584  20.652 0.1111110002
52032  -47.511  7.201  20.811 0.1111110002
53680  -48.337  10.149  19.515 0.1111110002
50296  -47.035  4.283  11.611 0.5555559993
40111  -16.174  -6.022  46.376 0.2222220004
39086  -16.372  -6.441  45.940 0.3333329856
40110  -15.438  -5.933  46.382 0.1111110002
39087  -17.235  -6.719  45.436 0.6666669846
39098  -17.770  -7.269  45.218 0.6666669846
40121  -14.040  -5.537  44.999 0.1111110002
40120  -13.837  -5.674  44.645 0.1111110002
41066  -16.546  -5.643  46.059 0.1111110002
39069  -17.201  -6.040  46.289 0.3333329856
41065  -15.425  -5.600  46.044 0.1111110002
39070  -17.614  -6.078  46.176 0.5555559993
41064  -14.450  -5.224  46.060 0.1111110002
41078  -14.614  -5.542  44.953 0.1111110002
40130  -14.535  -5.580  44.299 0.1111110002
40097  -16.974  -5.836  46.240 0.2222220004
41054  -17.077  -5.656  46.089 0.1111110002
40098  -17.814  -5.800  46.171 0.2222220004
39071  -18.448  -6.001  46.324 0.4444440007
41963  -15.071  -5.519  45.496 0.1111110002
41957  -16.624  -5.518  45.390 0.1111110002
41956  -15.385  -5.546  45.644 0.1111110002
39088  -18.531  -6.374  45.508 0.4444440007
38298  -34.431  -6.219  30.503 0.5555559993
38299  -34.853  -6.104  31.020 0.6666669846
97278  -35.076  -5.968  31.012 0.6666669846
97286  -34.626  -5.861  30.362 0.7777780294
97283  -35.173  -5.853  30.567 0.7777780294
40328  -35.148  -5.347  29.692 0.7777780294
40344  -35.677  -5.654  27.862 0.7777780294
97291  -34.002  -5.756  30.177 0.7777780294
97290  -34.282  -4.987  29.715 0.7777780294
41254  -35.041  -4.934  27.262 0.7777780294
38297  -33.755  -6.279  30.347 0.7777780294
39311  -33.744  -5.109  30.150 0.7777780294
41253  -32.946  -4.458  28.145 0.7777780294
44082  -42.552  -0.999  31.129 0.1111110002
42197  -44.542  -3.596  25.841 0.6666669846
43034  -41.478  -1.695  31.097 0.2222220004
44054  -43.149  -0.663  31.430 0.1111110002
43160  -44.841  -2.663  25.166 0.6666669846
46066  -43.085  2.002  31.583 0.1111110002
46056  -43.500  0.874  32.595 0.1111110002
45052  -41.764  0.918  30.326 0.1111110002
46076  -42.941  0.647  31.137 0.1111110002
46068  -43.496  0.098  32.135 0.1111110002
43161  -45.575  -2.494  25.616 0.4444440007
45077  -43.206  -0.163  30.720 0.1111110002
44158  -45.380  -1.836  24.830 0.5555559993
47110  -43.311  2.081  31.854 0.1111110002
46042  -43.612  0.644  33.356 0.1111110002
97397  -43.370  1.445  23.511 0.7777780294
97405  -44.588  0.905  23.444 0.6666669846
49112  -42.038  3.239  30.539 0.2222220004
48161  -41.188  2.505  29.638 0.2222220004
48152  -41.690  2.788  30.268 0.2222220004
48153  -42.236  2.560  30.689 0.2222220004
48144  -42.731  2.434  31.558 0.2222220004
48247  -43.993  2.065  23.736 0.8888890147
48283  -44.418  0.061  22.783 0.6666669846
48285  -45.170  -0.632  22.856 0.5555559993
47286  -44.375  -0.797  22.439 0.6666669846
46232  -43.831  -0.996  21.733 0.6666669846
50028  -42.331  4.307  31.433 0.1111110002
50041  -42.047  4.034  30.624 0.1111110002
49099  -42.474  3.311  31.256 0.1111110002
49121  -40.753  3.300  29.687 0.2222220004
49111  -41.325  3.458  30.235 0.2222220004
47287  -45.340  -1.411  22.516 0.6666669846
45204  -44.431  -1.689  21.038 0.6666669846
45228  -45.019  -1.095  20.290 0.6666669846
45229  -45.801  -0.863  20.418 0.7777780294
49110  -40.484  4.093  29.986 0.1111110002
50040  -41.099  4.419  30.556 0.1111110002
49120  -39.919  3.554  29.447 0.1111110002
46252  -46.287  -0.790  20.753 0.7777780294
45254  -45.604  -0.769  19.572 0.6666669846
47307  -46.972  -0.390  20.356 0.5555559993
46277  -46.518  -0.247  19.333 0.5555559993
45269  -45.023  -0.169  18.108 0.7777780294
97446  -44.560  7.400  22.716 0.2222220004
97442  -45.929  7.796  23.313 0.1111110002
97427  -44.078  6.883  22.330 0.2222220004
97431  -44.426  6.795  21.794 0.2222220004
52029  -42.556  6.074  21.236 0.2222220004
97426  -43.640  6.313  21.232 0.2222220004
52042  -42.271  5.829  20.950 0.4444440007
52043  -42.662  5.863  20.724 0.4444440007
51084  -43.026  5.610  20.242 0.3333329856
46278  -47.418  0.207  18.921 0.5555559993
46299  -46.023  0.177  17.554 0.7777780294
97440  -44.590  8.350  23.736 0.1111110002
97441  -44.397  7.718  23.240 0.1111110002
97449  -45.962  8.245  23.668 0.1111110002
97433  -43.969  7.600  23.090 0.2222220004
97434  -45.850  6.919  22.275 0.2222220004
97425  -44.499  6.086  21.059 0.3333329856
97432  -45.189  6.441  21.305 0.3333329856
49361  -48.374  3.356  14.893 0.5555559993
50234  -49.332  2.945  15.507 0.3333329856
50255  -49.245  3.305  15.194 0.3333329856
52015  -43.428  8.366  23.783 0.2222220004
51068  -45.055  5.369  21.175 0.3333329856
48343  -47.747  1.596  16.774 0.6666669846
46317  -43.682  0.458  16.169 0.7777780294
47347  -45.420  0.583  16.285 0.7777780294
49341  -47.729  2.815  15.616 0.5555559993
49340  -46.799  2.959  15.132 0.5555559993
49342  -48.911  2.718  15.684 0.5555559993
50285  -47.231  3.919  12.360 0.5555559993
46331  -43.412  1.207  15.334 0.7777780294
47360  -46.216  1.306  16.233 0.7777780294
47376  -46.867  1.369  16.213 0.6666669846
48357  -47.201  1.786  16.148 0.6666669846
98341  -43.246  1.893  15.079 0.7777780294
47346  -44.317  1.587  15.195 0.7777780294
47375  -46.713  1.627  16.105 0.7777780294
48369  -46.620  2.406  15.261 0.6666669846
49339  -45.809  2.652  15.123 0.7777780294
49357  -44.412  3.124  14.216 0.7777780294
51221  -45.933  4.211  10.760 0.6666669846
52156  -45.132  5.891  11.109 0.6666669846
52165  -45.760  4.931  10.195 0.5555559993
52178  -45.867  5.373  9.364 0.5555559993
51262  -46.523  5.185  9.096 0.6666669846
51263  -47.255  5.111  8.829 0.4444440007
52195  -47.330  5.712  8.098 0.4444440007
51264  -48.388  5.139  8.528 0.4444440007
98342  -43.293  3.075  14.110 0.7777780294
49356  -43.583  3.232  13.548 0.7777780294
52155  -44.428  7.076  11.298 0.7777780294
52164  -45.098  6.600  10.292 0.7777780294
52177  -45.221  6.400  9.462 0.7777780294
52193  -45.329  6.376  8.918 0.7777780294
52194  -46.203  5.881  8.419 0.5555559993
53752  -44.689  8.297  12.707 0.4444440007
53012  -44.462  7.831  11.964 0.5555559993
52154  -44.436  7.383  11.864 0.6666669846
53022  -44.793  8.304  10.826 0.6666669846
52163  -44.536  7.457  10.809 0.6666669846
53023  -45.418  8.996  10.556 0.6666669846
53032  -45.222  7.986  9.657 0.7777780294
53039  -45.247  7.373  8.400 0.7777780294
53040  -46.062  7.190  7.889 0.6666669846
52209  -46.570  6.231  7.577 0.4444440007
52210  -47.366  6.307  7.293 0.4444440007
53791  -45.717  8.301  8.102 0.7777780294
53045  -46.606  7.235  7.145 0.4444440007
53753  -45.517  8.613  12.752 0.4444440007
53761  -44.906  8.456  12.214 0.5555559993
53021  -44.466  7.843  11.270 0.5555559993
53774  -45.558  9.187  11.198 0.5555559993
53787  -45.229  8.992  8.671 0.7777780294
53792  -46.157  8.255  7.515 0.4444440007
53799  -46.924  8.366  7.140 0.4444440007
53745  -46.490  8.728  13.503 0.3333329856
54516  -46.936  9.447  12.942 0.3333329856
54553  -45.907  9.149  8.157 0.7777780294
54570  -46.508  9.402  7.528 0.5555559993
54584  -47.201  9.082  7.162 0.5555559993
54554  -46.777  9.736  9.014 0.7777780294
54555  -47.413  10.235  8.898 0.7777780294
54571  -47.392  10.068  8.246 0.6666669846
55357  -47.619  10.832  7.830 0.6666669846
54585  -47.777  9.651  7.404 0.5555559993
56236  -48.397  11.408  7.866 0.5555559993
55358  -48.325  10.656  7.254 0.5555559993
56251  -48.772  11.299  7.101 0.5555559993
56252  -49.494  11.286  6.785 0.4444440007
56266  -51.110  11.262  5.837 0.2222220004
55382  -51.344  10.825  5.575 0.3333329856
55340  -47.498  10.785  8.662 0.6666669846
56237  -49.356  11.452  7.583 0.3333329856
56238  -50.274  11.416  7.245 0.3333329856
55359  -50.898  11.315  7.246 0.3333329856
55360  -51.474  10.988  7.026 0.2222220004
56239  -50.847  11.436  6.826 0.3333329856
55371  -51.623  10.844  6.285 0.2222220004
55372  -52.258  10.653  6.289 0.2222220004
56255  -52.872  11.049  6.375 0.1111110002
56253  -50.357  11.201  6.467 0.3333329856
56254  -51.139  11.356  6.216 0.2222220004
56267  -52.819  11.361  5.551 0.1111110002
56257  -54.650  11.971  6.343 0.1111110002
55383  -52.195  10.680  5.242 0.3333329856
56268  -53.707  11.943  5.372 0.1111110002
56281  -53.441  11.892  4.738 0.1111110002
57201  -53.412  12.747  5.640 0.1111110002
57214  -52.760  12.375  4.313 0.1111110002
56235  -47.801  11.308  8.445 0.6666669846
56217  -50.148  11.360  8.159 0.3333329856
55373  -52.927  10.640  6.826 0.2222220004
56256  -53.588  11.315  6.632 0.1111110002
58045  -56.205  13.464  7.385 0.1111110002
56258  -55.204  12.490  6.663 0.1111110002
58044  -55.866  13.329  7.142 0.1111110002
57189  -55.214  13.056  6.655 0.1111110002
58937  -55.927  14.393  6.219 0.1111110002
59847  -56.307  15.212  5.766 0.1111110002
57202  -53.961  12.565  6.026 0.1111110002
58936  -55.243  14.356  6.214 0.1111110002
58958  -55.754  14.834  5.646 0.1111110002
57187  -53.737  13.286  6.273 0.1111110002
58957  -54.852  14.994  5.538 0.1111110002
61391  -54.698  17.890  5.503 0.1111110002
58956  -53.747  15.088  5.507 0.1111110002
59845  -54.173  16.091  5.517 0.1111110002
58073  -53.479  13.998  5.900 0.1111110002
56241  -54.675  11.513  7.326 0.1111110002
58060  -56.213  14.060  6.682 0.1111110002
60652  -56.478  15.553  6.137 0.1111110002
60651  -56.243  16.136  5.860 0.1111110002
49323  -48.284  2.514  16.499 0.4444440007
48358  -47.741  2.192  16.323 0.5555559993
34497  -28.695  -11.144  38.241 0.3333329856
34513  -29.535  -11.625  37.455 0.3333329856
40358  -35.440  -5.131  26.986 0.7777780294
40359  -35.868  -5.415  26.780 0.7777780294
43033  -40.841  -1.989  31.203 0.2222220004
43092  -42.356  -1.168  30.090 0.2222220004
49132  -39.436  3.274  28.891 0.1111110002
52028  -42.161  5.895  21.147 0.4444440007
46330  -42.911  1.053  15.799 0.7777780294
50250  -42.353  3.560  13.664 0.7777780294
51083  -42.220  5.725  20.403 0.4444440007
52146  -44.416  6.538  11.813 0.7777780294
52145  -44.408  7.181  12.016 0.6666669846
34541  -29.989  -11.320  35.397 0.5555559993
43062  -42.254  -1.266  30.453 0.2222220004
47116  -42.585  2.027  31.163 0.2222220004
46234  -45.763  -1.458  21.376 0.5555559993
41063  -14.072  -4.686  45.972 0.1111110002
41072  -14.088  -5.089  45.581 0.1111110002
97670  -15.252  -5.543  45.082 0.1111110002
38284  -35.199  -6.767  31.555 0.6666669846
97288  -34.506  -4.909  30.040 0.7777780294
41236  -34.330  -5.239  27.936 0.7777780294
40327  -34.981  -5.638  27.921 0.7777780294
41235  -33.625  -4.868  28.533 0.7777780294
42133  -33.702  -4.822  27.679 0.7777780294
37303  -33.701  -8.248  30.390 0.6666669846
38283  -33.923  -6.918  30.888 0.6666669846
44081  -42.486  -1.114  31.206 0.2222220004
47111  -43.488  1.489  32.241 0.1111110002
46067  -43.470  1.053  32.146 0.1111110002
45034  -43.485  -0.106  32.129 0.1111110002
48284  -44.864  -0.570  22.764 0.5555559993
46233  -44.832  -1.662  21.787 0.5555559993
47327  -47.320  0.172  19.564 0.4444440007
97421  -43.186  5.892  20.823 0.3333329856
46301  -47.747  0.437  18.571 0.4444440007
45284  -43.997  -0.040  17.058 0.7777780294
46298  -44.717  0.105  16.801 0.7777780294
50217  -49.954  2.471  15.905 0.3333329856
48333  -47.823  1.755  17.360 0.5555559993
46318  -46.884  0.646  17.132 0.7777780294
48371  -47.462  2.263  15.872 0.5555559993
48356  -46.596  2.091  15.808 0.7777780294
50315  -48.836  4.271  9.583 0.3333329856
53013  -44.725  8.336  11.642 0.6666669846
53762  -45.379  8.847  11.884 0.5555559993
53788  -45.781  9.609  9.753 0.6666669846
53754  -46.193  9.117  12.561 0.5555559993
53738  -47.429  8.663  14.608 0.2222220004
57188  -54.333  12.809  6.408 0.1111110002
56269  -54.120  12.343  5.894 0.1111110002
56242  -55.454  12.054  7.154 0.1111110002
57177  -55.667  12.944  7.244 0.1111110002
58059  -55.707  13.609  6.708 0.1111110002
58938  -56.291  14.653  6.303 0.1111110002
60629  -55.749  16.736  7.042 0.1111110002
58057  -54.084  13.648  6.447 0.1111110002
58058  -54.826  13.637  6.499 0.1111110002
59846  -55.469  15.659  5.543 0.1111110002
58935  -54.340  14.353  6.179 0.1111110002
60650  -54.798  16.768  6.032 0.1111110002
58072  -52.466  13.839  5.483 0.1111110002
59824  -56.475  15.103  6.536 0.1111110002
60630  -56.477  15.790  6.805 0.1111110002
49324  -49.097  2.440  16.607 0.3333329856
49343  -49.452  2.501  16.078 0.3333329856
48344  -48.013  2.111  17.098 0.3333329856
36130  -18.995  -9.884  48.526 0.1111110002
37100  -17.524  -9.544  48.682 0.2222220004
37101  -18.136  -9.657  49.191 0.1111110002
36118  -18.058  -9.663  48.627 0.1111110002
37098  -15.071  -9.044  49.153 0.1111110002
38031  -16.564  -8.587  49.449 0.2222220004
35200  -19.175  -10.470  48.274 0.1111110002
36140  -18.580  -10.142  47.927 0.3333329856
40073  -16.281  -7.908  49.442 0.2222220004
34348  -19.250  -11.131  47.994 0.1111110002
35220  -20.996  -11.531  46.921 0.1111110002
35208  -18.698  -10.826  47.391 0.3333329856
35218  -19.143  -11.518  46.199 0.3333329856
34372  -20.536  -11.860  45.340 0.1111110002
34361  -21.665  -11.625  46.368 0.1111110002
34359  -20.086  -11.635  45.898 0.2222220004
35235  -18.951  -11.489  44.986 0.3333329856
37097  -14.727  -8.452  48.642 0.3333329856
34373  -21.412  -11.667  45.522 0.1111110002
34371  -19.773  -11.769  45.092 0.2222220004
34390  -21.115  -11.663  44.747 0.2222220004
34408  -20.420  -11.634  44.078 0.3333329856
35295  -19.323  -11.016  43.246 0.4444440007
35276  -19.883  -11.463  43.260 0.3333329856
96964  -21.803  -11.674  44.605 0.1111110002
96973  -21.221  -11.624  43.657 0.2222220004
96965  -22.460  -11.768  44.079 0.2222220004
96985  -21.964  -11.625  43.193 0.3333329856
37158  -25.717  -8.989  43.983 0.1111110002
96989  -27.112  -7.696  44.260 0.1111110002
97002  -27.316  -8.142  43.739 0.1111110002
96990  -27.136  -7.637  44.965 0.1111110002
96988  -25.807  -9.072  42.952 0.1111110002
97001  -26.825  -8.561  42.966 0.2222220004
38144  -27.903  -8.576  44.207 0.1111110002
96998  -25.004  -9.696  42.450 0.2222220004
97000  -25.993  -9.236  42.701 0.2222220004
36217  -26.783  -9.657  42.353 0.1111110002
97018  -26.047  -9.676  42.319 0.2222220004
96999  -25.371  -9.752  42.227 0.3333329856
97017  -25.211  -9.749  41.392 0.3333329856
36233  -25.913  -9.749  41.141 0.2222220004
36251  -26.340  -9.724  40.181 0.2222220004
36250  -25.313  -9.713  39.970 0.3333329856
36234  -27.086  -9.713  41.308 0.2222220004
36252  -27.527  -10.391  40.335 0.3333329856
36267  -26.545  -10.202  39.139 0.4444440007
41056  -18.609  -5.504  46.328 0.1111110002
40099  -18.611  -5.664  46.508 0.1111110002
35327  -28.444  -10.662  40.116 0.2222220004
35328  -29.169  -10.467  40.217 0.2222220004
35343  -27.986  -10.674  39.399 0.2222220004
35313  -31.976  -10.559  41.051 0.1111110002
35344  -28.870  -10.611  39.505 0.2222220004
35331  -31.401  -11.102  40.518 0.1111110002
34464  -31.500  -11.554  39.782 0.1111110002
35342  -27.312  -10.562  38.986 0.4444440007
35346  -30.132  -10.750  39.917 0.2222220004
34462  -30.406  -11.014  39.943 0.2222220004
35359  -27.810  -10.581  38.485 0.2222220004
35315  -33.852  -10.602  41.160 0.1111110002
35298  -33.561  -10.467  42.332 0.1111110002
35314  -32.899  -10.541  41.376 0.1111110002
35332  -32.470  -11.161  40.030 0.1111110002
35361  -29.235  -10.760  39.069 0.2222220004
34481  -29.536  -11.026  39.168 0.2222220004
34483  -30.950  -11.595  39.088 0.1111110002
34482  -30.065  -11.305  39.389 0.2222220004
34499  -30.258  -11.602  38.275 0.2222220004
34436  -35.534  -11.462  42.948 0.1111110002
35299  -34.717  -10.721  42.231 0.1111110002
34500  -31.226  -11.624  37.996 0.3333329856
34514  -30.501  -11.656  37.058 0.3333329856
35300  -35.594  -10.897  42.327 0.1111110002
35333  -33.622  -10.610  40.253 0.1111110002
35347  -32.644  -10.993  38.591 0.1111110002
36291  -36.692  -10.240  37.755 0.1111110002
36302  -36.656  -9.901  36.107 0.1111110002
40309  -38.838  -5.945  31.142 0.2222220004
34484  -31.869  -11.587  38.917 0.1111110002
37246  -36.750  -9.155  35.826 0.1111110002
37258  -36.868  -9.175  34.626 0.2222220004
38249  -36.911  -7.972  33.410 0.2222220004
39249  -37.324  -7.367  33.169 0.2222220004
40282  -37.412  -6.643  31.467 0.3333329856
40283  -38.224  -5.927  31.701 0.2222220004
40308  -37.670  -5.908  30.920 0.3333329856
36319  -36.554  -10.418  34.824 0.1111110002
38233  -37.015  -8.492  34.096 0.2222220004
38267  -36.885  -7.463  32.930 0.2222220004
39271  -37.253  -6.891  32.534 0.2222220004
35316  -34.632  -10.634  41.366 0.1111110002
35335  -35.518  -10.605  40.578 0.1111110002
35334  -34.608  -10.602  40.397 0.1111110002
35350  -35.471  -10.621  39.612 0.1111110002
35351  -36.310  -10.383  39.843 0.1111110002
35366  -36.267  -10.573  38.858 0.1111110002
35348  -33.476  -10.614  39.109 0.1111110002
35349  -34.511  -10.566  39.386 0.1111110002
35381  -36.058  -10.720  38.145 0.1111110002
40330  -38.316  -6.534  30.134 0.2222220004
39186  -26.269  -4.212  37.352 0.1111110002
34501  -32.124  -11.440  37.791 0.2222220004
36290  -35.872  -10.756  37.049 0.1111110002
36318  -35.984  -10.827  35.117 0.1111110002
34516  -32.025  -10.751  37.226 0.3333329856
36352  -36.319  -9.758  33.425 0.2222220004
34515  -31.539  -11.274  36.756 0.4444440007
38248  -36.413  -8.389  33.085 0.2222220004
38266  -36.285  -7.771  32.424 0.2222220004
40266  -36.408  -6.819  31.698 0.2222220004
36350  -30.586  -11.498  34.850 0.5555559993
34528  -30.757  -11.659  35.591 0.5555559993
35364  -34.418  -10.536  38.300 0.1111110002
39187  -26.927  -4.921  37.118 0.2222220004
35363  -33.367  -10.602  37.989 0.2222220004
35365  -35.415  -10.665  38.620 0.1111110002
35380  -35.490  -10.652  37.406 0.1111110002
36301  -35.876  -10.773  35.979 0.1111110002
35444  -36.195  -10.509  34.367 0.1111110002
35420  -35.323  -10.871  35.004 0.1111110002
36334  -36.260  -9.926  34.051 0.2222220004
37271  -36.752  -9.148  33.393 0.2222220004
35376  -31.617  -10.431  36.181 0.4444440007
36333  -35.910  -10.042  33.461 0.2222220004
36351  -35.905  -9.615  33.045 0.2222220004
40307  -36.255  -6.004  31.052 0.4444440007
40346  -37.671  -6.696  29.335 0.4444440007
97188  -31.518  -11.489  35.751 0.4444440007
35459  -34.945  -10.884  32.824 0.2222220004
35479  -35.164  -10.223  32.101 0.4444440007
37284  -35.636  -8.564  32.264 0.3333329856
38265  -35.441  -7.806  32.104 0.4444440007
40329  -36.970  -6.143  29.888 0.4444440007
35456  -31.281  -11.594  34.462 0.5555559993
35480  -35.792  -9.930  32.323 0.3333329856
37283  -34.896  -8.318  31.762 0.4444440007
97280  -35.968  -6.544  31.406 0.5555559993
39328  -36.362  -6.546  29.171 0.4444440007
40345  -37.195  -6.795  29.301 0.4444440007
39363  -36.958  -6.573  27.131 0.4444440007
97277  -35.201  -5.937  30.771 0.5555559993
39362  -36.356  -5.952  27.094 0.5555559993
39380  -36.695  -6.275  26.038 0.5555559993
39202  -27.752  -4.798  36.120 0.2222220004
35378  -33.056  -10.632  37.005 0.2222220004
35379  -34.130  -10.567  37.214 0.1111110002
97190  -31.759  -11.492  35.627 0.4444440007
35419  -34.130  -10.721  35.232 0.2222220004
35442  -34.564  -10.770  34.039 0.2222220004
37304  -34.392  -7.766  31.141 0.4444440007
39379  -36.375  -5.778  26.475 0.6666669846
35398  -33.647  -10.813  36.272 0.2222220004
35397  -32.592  -11.065  36.292 0.2222220004
35418  -33.133  -11.166  35.471 0.2222220004
35441  -33.434  -10.895  34.374 0.3333329856
34564  -32.180  -11.678  34.692 0.4444440007
35477  -32.888  -10.847  31.949 0.3333329856
35478  -33.968  -10.240  31.913 0.4444440007
35497  -33.307  -10.673  30.553 0.5555559993
36368  -34.521  -9.475  31.466 0.4444440007
36390  -33.400  -9.550  30.152 0.5555559993
42176  -45.581  -3.937  26.543 0.1111110002
41290  -44.251  -4.256  26.148 0.2222220004
43141  -45.750  -2.651  26.774 0.1111110002
43140  -45.718  -3.393  26.686 0.1111110002
42177  -45.449  -3.320  26.329 0.1111110002
44132  -46.894  -1.825  28.169 0.1111110002
44145  -46.447  -2.045  27.413 0.1111110002
43142  -46.115  -2.587  27.595 0.1111110002
44144  -46.141  -1.519  26.760 0.1111110002
44159  -45.859  -1.701  25.801 0.2222220004
42198  -45.203  -2.930  26.002 0.2222220004
44179  -45.751  -1.359  24.589 0.5555559993
45154  -45.542  -1.014  24.269 0.5555559993
45099  -47.275  -0.619  28.401 0.1111110002
45115  -46.781  -0.907  27.129 0.1111110002
45114  -46.436  -1.172  26.703 0.1111110002
45155  -45.917  -0.914  25.323 0.4444440007
97419  -46.143  3.049  24.727 0.2222220004
48264  -46.611  1.743  24.783 0.2222220004
97457  -45.268  2.195  24.563 0.2222220004
97412  -45.296  1.350  23.927 0.2222220004
47251  -47.237  0.290  24.819 0.2222220004
48248  -47.837  0.751  24.796 0.2222220004
47252  -47.740  -0.348  24.752 0.1111110002
47250  -45.954  0.346  23.800 0.2222220004
46198  -46.684  -0.814  24.196 0.1111110002
97406  -45.029  2.086  24.039 0.3333329856
46199  -47.561  -0.871  24.145 0.1111110002
47249  -45.225  0.191  23.367 0.3333329856
47269  -45.455  -0.495  23.104 0.2222220004
46212  -46.386  -0.973  23.554 0.3333329856
46200  -48.233  -0.683  24.451 0.1111110002
45188  -47.922  -1.531  23.551 0.1111110002
45178  -48.970  -0.797  23.766 0.1111110002
46213  -47.216  -1.724  23.171 0.1111110002
47271  -47.096  -1.660  21.794 0.1111110002
45189  -48.549  -1.389  22.694 0.1111110002
47270  -46.181  -1.272  22.838 0.4444440007
47288  -46.427  -1.394  21.457 0.1111110002
45190  -49.618  -0.681  22.667 0.1111110002
45209  -49.386  -0.674  21.453 0.1111110002
45208  -48.627  -0.886  21.469 0.1111110002
46214  -47.984  -1.614  21.747 0.1111110002
47289  -47.337  -0.734  20.932 0.1111110002
46253  -46.174  -0.791  20.970 0.4444440007
45232  -49.029  -0.605  20.912 0.1111110002
47272  -47.721  -0.990  21.240 0.1111110002
46236  -48.361  -0.683  20.924 0.1111110002
46254  -48.927  -0.289  20.509 0.1111110002
47309  -48.685  0.266  20.174 0.2222220004
47308  -47.949  0.172  19.898 0.2222220004
48298  -48.372  0.822  19.290 0.2222220004
48299  -48.738  1.366  19.636 0.2222220004
48300  -49.118  1.447  20.310 0.2222220004
47328  -47.876  0.615  19.078 0.3333329856
49258  -48.858  2.161  19.577 0.2222220004
48317  -48.287  1.438  18.898 0.3333329856
49281  -49.070  2.336  19.230 0.2222220004
48335  -48.472  1.967  18.627 0.2222220004
46300  -47.412  0.217  17.966 0.4444440007
46319  -47.409  0.643  17.236 0.3333329856
48334  -47.934  2.080  18.090 0.3333329856
47348  -47.775  1.114  17.444 0.4444440007
50272  -50.082  3.530  13.936 0.4444440007
50297  -47.644  4.172  12.142 0.4444440007
51194  -48.420  4.086  12.267 0.4444440007
50303  -46.650  4.201  11.089 0.4444440007
51210  -48.015  4.296  11.690 0.4444440007
51222  -46.892  4.355  10.710 0.4444440007
52166  -46.528  4.971  10.153 0.4444440007
51241  -46.999  5.146  9.780 0.4444440007
51240  -46.462  5.168  9.397 0.4444440007
52179  -46.310  5.131  9.863 0.5555559993
54517  -47.904  9.509  12.923 0.3333329856
53033  -45.543  9.268  10.246 0.5555559993
54522  -46.692  9.462  12.282 0.4444440007
54530  -46.941  9.512  12.058 0.3333329856
53763  -46.228  9.495  11.821 0.4444440007
53764  -47.109  9.550  11.742 0.4444440007
54541  -46.691  10.248  10.097 0.5555559993
55321  -47.003  10.308  9.654 0.6666669846
53776  -47.240  9.682  11.240 0.2222220004
53775  -46.365  9.596  10.847 0.4444440007
55310  -47.575  10.334  11.260 0.3333329856
54542  -47.310  9.934  10.856 0.4444440007
55309  -47.382  10.629  10.514 0.3333329856
55322  -47.345  10.606  9.509 0.4444440007
56214  -47.762  11.283  9.228 0.4444440007
96976  -24.299  -10.832  43.632 0.2222220004
36201  -24.947  -9.882  42.772 0.2222220004
37170  -25.506  -9.480  42.997 0.1111110002
96977  -24.768  -10.138  44.652 0.1111110002
37085  -15.871  -8.817  49.385 0.2222220004
39031  -17.168  -8.780  49.765 0.2222220004
38060  -18.107  -9.313  49.564 0.1111110002
39043  -17.526  -9.036  49.740 0.1111110002
34388  -19.422  -11.695  44.518 0.2222220004
96974  -22.299  -11.679  43.213 0.2222220004
35360  -28.646  -10.716  38.705 0.2222220004
34498  -29.296  -11.300  38.538 0.2222220004
40377  -36.445  -5.520  26.043 0.6666669846
39170  -25.628  -4.798  37.888 0.3333329856
47193  -45.197  1.748  25.105 0.4444440007
50286  -48.237  3.567  12.679 0.4444440007
50271  -49.096  3.426  14.065 0.4444440007
97189  -30.895  -11.685  34.971 0.5555559993
34563  -31.889  -11.733  34.986 0.5555559993
35457  -32.582  -11.289  33.629 0.4444440007
39345  -36.297  -6.174  28.254 0.6666669846
47361  -47.187  1.149  16.717 0.5555559993
50302  -46.413  4.159  10.906 0.4444440007
97195  -30.332  -11.415  35.157 0.5555559993
37282  -34.245  -8.626  31.130 0.4444440007
36119  -18.740  -9.587  48.914 0.1111110002
36116  -15.117  -9.487  48.911 0.1111110002
36109  -16.764  -9.931  49.474 0.1111110002
37067  -16.865  -8.884  50.405 0.2222220004
35209  -19.738  -11.616  47.921 0.2222220004
35219  -20.174  -11.563  46.654 0.1111110002
34389  -20.125  -12.088  44.580 0.2222220004
36268  -27.337  -10.492  39.493 0.2222220004
34463  -30.759  -11.399  39.986 0.2222220004
35317  -35.559  -10.705  41.483 0.1111110002
39292  -37.925  -6.386  32.069 0.2222220004
35362  -32.582  -10.831  37.510 0.2222220004
35377  -32.101  -10.171  36.634 0.2222220004
37270  -35.932  -8.740  32.953 0.2222220004
35399  -34.768  -10.578  36.187 0.1111110002
35443  -35.692  -10.654  33.864 0.2222220004
35396  -32.294  -10.236  36.033 0.3333329856
35460  -35.814  -10.473  32.787 0.2222220004
36370  -35.802  -9.287  32.467 0.3333329856
39346  -37.224  -6.779  28.504 0.4444440007
36369  -35.273  -9.349  32.114 0.3333329856
35458  -33.767  -10.959  33.069 0.3333329856
35498  -33.927  -9.975  30.811 0.4444440007
35440  -32.682  -11.265  34.760 0.3333329856
36391  -33.889  -9.238  30.803 0.4444440007
44180  -45.823  -1.441  24.999 0.4444440007
45133  -46.207  -0.976  26.309 0.2222220004
97415  -45.611  1.923  24.741 0.2222220004
97414  -45.391  2.651  24.751 0.1111110002
47233  -47.715  0.394  24.835 0.1111110002
47290  -48.015  -0.469  20.552 0.1111110002
47349  -47.862  0.993  18.348 0.3333329856
50287  -49.704  3.322  13.068 0.4444440007
51195  -49.015  4.024  12.324 0.4444440007
51209  -47.327  4.297  11.325 0.4444440007
54523  -47.234  9.509  12.287 0.2222220004
55295  -47.528  10.987  11.426 0.2222220004
56197  -47.719  11.246  10.157 0.4444440007
56190  -48.313  11.485  10.815 0.3333329856
96967  -25.026  -10.698  45.145 0.1111110002
38076  -13.783  -7.789  47.070 0.1111110002
96966  -23.812  -10.969  44.656 0.1111110002
40269  -40.000  -5.669  32.922 0.1111110002
40285  -40.059  -5.779  32.112 0.1111110002
40310  -39.482  -6.737  31.814 0.1111110002
45010  -35.590  0.439  31.710 0.2222220004
46053  -36.351  1.002  32.728 0.1111110002
44028  -35.865  0.283  31.492 0.1111110002
45011  -36.606  0.590  31.957 0.1111110002
44030  -36.697  0.355  31.486 0.1111110002
46171  -45.924  0.157  25.211 0.3333329856
47219  -45.849  0.367  25.946 0.3333329856
46149  -45.636  0.984  24.581 0.2222220004
47194  -45.836  0.704  25.928 0.3333329856
46129  -45.652  1.355  25.555 0.2222220004
46150  -45.785  1.042  25.345 0.2222220004
47168  -45.378  1.585  25.772 0.2222220004
48193  -45.492  1.783  26.151 0.2222220004
47169  -45.831  1.304  26.103 0.2222220004
48216  -44.947  2.045  26.158 0.2222220004
48194  -46.049  2.128  26.234 0.2222220004
51223  -48.225  4.386  10.474 0.3333329856
51242  -48.288  4.718  9.525 0.3333329856
51243  -49.315  4.305  9.455 0.2222220004
52196  -48.094  5.925  7.885 0.3333329856
52211  -48.305  6.408  7.239 0.2222220004
52212  -49.335  6.330  7.181 0.2222220004
53800  -47.868  8.475  7.222 0.2222220004
53047  -48.734  7.439  6.827 0.2222220004
53046  -47.624  7.368  7.026 0.3333329856
53048  -49.505  6.944  6.771 0.2222220004
53801  -48.383  8.702  6.734 0.2222220004
53059  -48.664  7.968  5.841 0.2222220004
53815  -48.603  8.945  5.882 0.3333329856
53060  -49.924  7.328  6.164 0.3333329856
53076  -48.930  8.417  5.547 0.3333329856
54586  -48.570  9.732  6.728 0.3333329856
53826  -49.168  8.809  5.415 0.4444440007
55368  -48.896  10.677  6.601 0.4444440007
54596  -49.195  9.745  6.165 0.4444440007
54606  -49.449  9.592  5.368 0.4444440007
53077  -49.499  8.015  5.085 0.3333329856
53827  -49.519  8.757  4.758 0.3333329856
54614  -49.841  9.540  4.314 0.4444440007
55369  -49.672  10.542  6.282 0.4444440007
54597  -49.531  10.031  5.891 0.4444440007
55381  -50.405  10.623  5.478 0.4444440007
55389  -49.786  10.289  5.007 0.4444440007
55390  -50.538  10.418  4.729 0.4444440007
55380  -49.787  10.333  5.664 0.3333329856
46052  -35.318  0.649  32.540 0.2222220004
47232  -44.176  0.886  24.180 0.5555559993
97418  -45.277  3.100  25.031 0.2222220004
49382  -49.946  3.298  12.943 0.3333329856
48217  -45.504  2.707  26.226 0.2222220004
54605  -49.029  9.249  5.686 0.4444440007
55370  -50.258  10.697  6.023 0.3333329856
38034  -17.825  -8.926  50.283 0.1111110002
39059  -19.953  -5.771  48.248 0.1111110002
37259  -37.558  -8.605  34.512 0.1111110002
39227  -37.932  -7.221  34.084 0.1111110002
38234  -37.631  -7.949  34.113 0.1111110002
37244  -31.363  -7.122  35.531 0.1111110002
38219  -32.100  -7.022  35.733 0.1111110002
38170  -33.044  -6.789  38.926 0.1111110002
39161  -33.232  -6.424  38.374 0.1111110002
39173  -33.281  -6.442  37.344 0.1111110002
38208  -32.813  -7.083  37.078 0.1111110002
39191  -32.939  -6.473  36.447 0.1111110002
39190  -32.369  -6.677  36.125 0.1111110002
39206  -33.439  -5.909  35.825 0.1111110002
39205  -32.335  -6.211  35.714 0.1111110002
40213  -32.483  -5.225  35.363 0.1111110002
39192  -34.092  -6.113  36.573 0.1111110002
39207  -34.025  -5.613  36.037 0.1111110002
45032  -38.720  -0.458  30.873 0.1111110002
44051  -41.716  -1.289  31.806 0.1111110002
44052  -42.341  -1.224  31.689 0.1111110002
44049  -39.452  -1.108  31.120 0.2222220004
46152  -47.147  0.204  26.053 0.1111110002
45134  -46.759  -0.343  26.203 0.1111110002
45156  -45.851  -0.371  26.070 0.2222220004
47196  -47.365  0.736  26.164 0.1111110002
46151  -46.538  0.228  26.079 0.1111110002
47220  -46.131  0.453  26.129 0.1111110002
47195  -46.534  0.747  26.099 0.1111110002
47170  -46.992  1.488  26.124 0.1111110002
47146  -47.666  1.754  26.610 0.1111110002
48195  -47.081  2.331  26.444 0.1111110002
49147  -47.039  2.830  27.088 0.1111110002
49134  -47.814  3.287  27.079 0.1111110002
49238  -49.537  1.931  20.333 0.1111110002
49133  -46.941  3.452  27.069 0.1111110002
50992  -46.901  4.301  27.210 0.1111110002
49146  -46.512  3.105  26.348 0.1111110002
50151  -50.145  2.425  19.283 0.1111110002
50188  -51.376  2.850  18.151 0.1111110002
49310  -51.103  2.575  17.424 0.1111110002
50172  -50.988  3.164  18.792 0.1111110002
50171  -50.422  2.617  18.842 0.1111110002
50189  -51.994  3.386  17.975 0.1111110002
50200  -51.573  3.082  17.584 0.1111110002
50201  -51.956  3.430  17.272 0.1111110002
49299  -50.802  2.487  17.963 0.1111110002
51130  -52.504  3.564  17.445 0.1111110002
49298  -50.086  2.446  18.226 0.1111110002
50187  -50.772  2.675  18.475 0.1111110002
49282  -49.681  2.386  18.982 0.1111110002
50203  -53.178  3.533  17.019 0.1111110002
50204  -53.836  3.570  16.965 0.1111110002
50219  -51.615  3.246  15.838 0.1111110002
50202  -52.456  3.497  16.934 0.1111110002
50222  -53.999  3.643  16.340 0.1111110002
50221  -53.350  3.611  16.312 0.1111110002
50220  -52.524  3.599  16.212 0.1111110002
51144  -54.551  4.255  16.212 0.1111110002
49297  -48.911  2.331  18.381 0.1111110002
50240  -53.968  3.577  15.719 0.1111110002
50239  -53.552  3.558  15.733 0.1111110002
49366  -53.864  3.463  15.120 0.1111110002
49307  -48.556  2.350  17.469 0.2222220004
49308  -49.501  2.438  17.444 0.2222220004
49325  -49.988  2.516  16.505 0.1111110002
50218  -50.608  2.347  15.978 0.1111110002
51143  -52.379  3.519  15.642 0.1111110002
50276  -53.394  4.162  14.179 0.1111110002
51168  -52.317  3.458  14.954 0.1111110002
49364  -53.335  3.484  14.844 0.1111110002
51170  -53.734  4.068  14.184 0.1111110002
51183  -53.429  4.371  13.603 0.1111110002
50235  -49.840  2.784  15.676 0.1111110002
50236  -50.840  2.962  15.335 0.2222220004
50237  -51.520  3.297  15.323 0.1111110002
51182  -52.159  4.403  13.327 0.1111110002
51184  -54.669  4.482  13.382 0.1111110002
50274  -51.783  4.364  14.122 0.1111110002
50275  -52.832  4.244  14.171 0.1111110002
51198  -52.480  4.273  12.448 0.1111110002
51199  -53.707  4.311  12.524 0.1111110002
52149  -55.999  4.973  12.512 0.1111110002
52158  -55.899  4.335  12.096 0.1111110002
50256  -49.993  3.508  14.890 0.2222220004
49344  -51.217  3.390  14.961 0.2222220004
50258  -51.605  3.572  14.716 0.1111110002
51200  -54.894  4.844  12.575 0.1111110002
49373  -50.188  3.432  13.324 0.2222220004
51180  -50.757  4.080  13.109 0.1111110002
51181  -51.116  4.381  13.204 0.1111110002
52160  -56.568  6.035  11.771 0.1111110002
51215  -53.991  4.256  11.702 0.1111110002
51197  -51.340  4.276  12.387 0.1111110002
51213  -51.525  4.260  11.405 0.1111110002
51214  -52.744  4.319  11.495 0.1111110002
50288  -50.310  3.445  13.106 0.2222220004
51196  -50.412  3.711  12.532 0.1111110002
51212  -50.390  4.290  11.435 0.1111110002
51225  -50.494  4.219  10.380 0.1111110002
51226  -51.743  4.338  10.403 0.1111110002
51244  -50.651  4.257  9.311 0.1111110002
51227  -53.040  4.398  10.633 0.1111110002
50305  -49.166  4.141  9.875 0.1111110002
51265  -49.671  5.155  8.578 0.1111110002
51266  -50.792  4.793  8.305 0.1111110002
51211  -49.243  4.294  11.494 0.2222220004
51224  -49.379  4.207  10.415 0.1111110002
50316  -49.046  4.189  9.662 0.1111110002
51281  -48.804  5.392  7.509 0.1111110002
50304  -48.792  4.153  9.882 0.2222220004
52988  -48.159  8.657  15.437 0.1111110002
53747  -48.700  9.729  14.361 0.1111110002
97555  -49.786  9.629  14.031 0.1111110002
97559  -50.251  9.533  13.938 0.1111110002
52998  -50.997  9.534  14.021 0.1111110002
52999  -51.552  10.009  14.081 0.1111110002
53746  -47.488  9.234  13.680 0.1111110002
97561  -49.919  10.102  13.416 0.1111110002
53006  -51.005  9.930  13.562 0.1111110002
97564  -50.810  10.559  13.360 0.1111110002
55323  -50.772  10.690  8.735 0.2222220004
56215  -48.441  11.463  8.893 0.2222220004
54615  -50.679  10.131  3.887 0.1111110002
55391  -51.509  10.744  4.334 0.1111110002
55361  -52.336  10.528  7.417 0.1111110002
55342  -51.582  10.530  8.143 0.1111110002
55392  -52.339  11.239  4.585 0.1111110002
54616  -51.269  10.407  3.654 0.1111110002
56279  -51.906  11.549  3.653 0.1111110002
55404  -51.809  10.656  3.364 0.1111110002
55362  -53.137  10.631  7.587 0.1111110002
51185  -55.685  5.087  13.281 0.1111110002
52159  -56.580  4.997  12.028 0.1111110002
51171  -54.514  4.058  14.352 0.1111110002
51245  -52.043  4.397  9.326 0.1111110002
44048  -38.891  -0.928  30.810 0.2222220004
38232  -32.050  -6.759  34.997 0.1111110002
38218  -31.757  -7.051  35.265 0.1111110002
43035  -42.036  -1.402  30.922 0.1111110002
56265  -50.770  11.174  5.878 0.2222220004
56216  -49.266  11.463  8.521 0.3333329856
55341  -50.811  10.860  7.748 0.2222220004
43019  -41.215  -1.775  31.747 0.1111110002
49326  -50.871  2.467  16.715 0.1111110002
49296  -48.425  2.319  18.008 0.2222220004
49309  -50.405  2.496  17.395 0.1111110002
38250  -37.650  -7.577  33.550 0.1111110002
37076  -18.249  -9.544  50.552 0.1111110002
97560  -48.970  9.623  12.875 0.1111110002
50257  -50.803  3.539  14.604 0.2222220004
50273  -50.643  3.988  13.636 0.1111110002
39250  -37.977  -6.915  33.369 0.1111110002
37235  -31.944  -7.663  35.927 0.1111110002
39174  -34.063  -6.137  37.795 0.1111110002
44034  -42.254  -1.256  32.405 0.1111110002
49327  -51.251  2.628  16.937 0.1111110002
50238  -52.900  3.529  15.508 0.1111110002
51142  -51.917  3.513  15.807 0.1111110002
49347  -53.739  3.513  15.328 0.1111110002
50259  -52.721  3.558  14.725 0.1111110002
50260  -53.544  3.680  14.567 0.1111110002
51157  -52.043  3.405  15.296 0.1111110002
56200  -50.104  11.393  9.146 0.2222220004
55204  -43.444  10.400  25.841 0.1111110002
54423  -42.725  9.611  25.429 0.1111110002
55205  -44.339  10.841  25.631 0.1111110002
54442  -43.473  9.573  25.109 0.1111110002
97477  -42.285  8.856  25.137 0.1111110002
55193  -43.816  10.867  26.467 0.1111110002
56019  -44.241  11.752  27.300 0.1111110002
56029  -44.535  11.563  26.005 0.1111110002
55192  -42.656  10.209  26.661 0.1111110002
53599  -42.793  10.362  27.256 0.1111110002
55180  -43.303  10.754  27.305 0.1111110002
54396  -42.818  10.375  27.623 0.1111110002
47077  -35.652  1.335  34.657 0.1111110002
53641  -43.157  9.378  24.851 0.1111110002
51926  -38.856  7.600  29.440 0.1111110002
50964  -38.551  7.111  29.099 0.1111110002
50978  -38.314  7.409  28.544 0.1111110002
52798  -39.500  7.943  30.682 0.1111110002
52815  -39.565  8.192  29.907 0.1111110002
52817  -38.890  8.256  29.240 0.1111110002
51945  -38.625  8.194  28.835 0.1111110002
52839  -39.511  8.490  28.957 0.1111110002
53061  -50.684  6.964  5.778 0.1111110002
52245  -51.132  6.723  5.618 0.2222220004
53078  -50.987  7.440  5.073 0.2222220004
56180  -47.712  11.248  11.472 0.2222220004
56191  -49.166  11.674  10.543 0.1111110002
55311  -50.944  11.278  9.799 0.1111110002
55324  -51.574  10.593  9.326 0.1111110002
55343  -52.437  10.722  8.631 0.1111110002
56199  -49.244  11.690  9.513 0.1111110002
56198  -48.379  11.630  9.850 0.1111110002
53091  -49.556  8.163  4.341 0.2222220004
50963  -39.252  6.278  29.738 0.1111110002
51925  -39.336  7.355  29.837 0.1111110002
52816  -39.213  8.163  29.509 0.1111110002
56192  -50.007  11.439  10.219 0.1111110002
38081  -20.021  -6.468  46.898 0.1111110002
39073  -20.567  -6.214  47.506 0.1111110002
39072  -19.616  -6.216  47.167 0.1111110002
36218  -27.596  -9.621  42.259 0.1111110002
37183  -28.516  -9.747  42.809 0.1111110002
36235  -28.206  -9.735  41.537 0.1111110002
37193  -28.800  -9.877  42.007 0.1111110002
36253  -28.685  -10.050  40.706 0.1111110002
41997  -24.720  -3.612  41.622 0.1111110002
41091  -24.623  -4.005  40.985 0.2222220004
41104  -24.973  -4.319  40.300 0.2222220004
40184  -24.559  -5.132  38.805 0.2222220004
40166  -25.673  -4.853  40.033 0.1111110002
39147  -25.312  -5.162  38.841 0.2222220004
39158  -25.851  -5.716  38.416 0.2222220004
38190  -28.814  -6.326  37.155 0.1111110002
38192  -30.498  -7.003  37.414 0.1111110002
38206  -30.268  -7.015  36.484 0.1111110002
38204  -28.744  -6.079  36.518 0.1111110002
38205  -29.529  -6.190  36.164 0.1111110002
37243  -30.847  -7.249  35.915 0.1111110002
45033  -39.309  -0.637  31.267 0.1111110002
49221  -47.248  2.979  24.715 0.1111110002
48265  -47.728  1.733  24.744 0.1111110002
51327  -51.777  5.803  4.405 0.1111110002
51315  -51.327  5.378  5.113 0.1111110002
51340  -51.283  6.066  3.613 0.1111110002
51339  -51.003  6.130  3.352 0.1111110002
52278  -51.504  6.506  3.206 0.1111110002
52263  -51.770  6.415  4.484 0.1111110002
97571  -48.731  9.944  12.379 0.1111110002
97573  -47.675  9.533  12.104 0.1111110002
97587  -48.567  9.987  12.149 0.1111110002
54531  -48.192  10.175  11.804 0.1111110002
97574  -48.289  9.664  12.289 0.1111110002
54543  -47.913  9.820  11.613 0.1111110002
55296  -47.853  10.600  11.936 0.1111110002
52246  -51.732  6.645  5.113 0.1111110002
53835  -49.627  8.513  3.802 0.1111110002
53092  -49.961  7.471  3.811 0.1111110002
53093  -51.410  7.165  3.937 0.1111110002
53079  -51.562  6.958  4.632 0.1111110002
52292  -51.063  7.106  2.562 0.1111110002
53104  -51.201  7.417  2.897 0.1111110002
97570  -49.185  10.601  12.975 0.1111110002
55297  -48.279  10.407  12.142 0.1111110002
55288  -48.342  11.052  12.596 0.1111110002
53836  -49.605  7.960  3.207 0.1111110002
53115  -50.645  7.261  2.566 0.1111110002
53844  -49.881  8.811  3.515 0.1111110002
53845  -50.061  8.503  3.017 0.1111110002
53103  -50.102  7.634  2.681 0.1111110002
54625  -50.294  9.256  3.498 0.1111110002
39188  -27.875  -5.938  36.703 0.1111110002
37233  -30.973  -7.118  36.652 0.1111110002
36236  -29.173  -9.745  41.449 0.1111110002
54624  -49.779  9.050  3.739 0.1111110002
40159  -25.594  -4.713  40.761 0.2222220004
38191  -29.508  -7.087  37.262 0.1111110002
37224  -31.064  -7.046  37.146 0.1111110002
97585  -49.729  10.454  12.966 0.1111110002
39148  -26.088  -6.082  39.220 0.1111110002
39138  -25.719  -5.232  39.439 0.1111110002
34339  -19.340  -10.908  48.244 0.1111110002
34340  -19.424  -11.211  48.257 0.1111110002
34347  -19.152  -10.830  47.976 0.1111110002
34406  -19.235  -11.530  44.084 0.5555559993
34407  -19.700  -11.575  44.046 0.2222220004
34552  -32.230  -11.318  35.579 0.4444440007
35192  -19.421  -10.105  48.763 0.1111110002
35193  -19.518  -10.399  48.696 0.1111110002
35274  -18.504  -10.918  43.981 0.6666669846
35275  -19.046  -11.247  43.642 0.5555559993
35345  -29.568  -10.730  39.642 0.2222220004
35421  -35.994  -10.709  34.631 0.1111110002
35439  -28.955  -10.859  34.086 0.7777780294
36288  -31.725  -10.462  35.923 0.4444440007
36289  -31.628  -9.824  36.058 0.4444440007
36300  -31.982  -10.013  35.897 0.3333329856
36317  -32.174  -10.429  35.859 0.3333329856
36332  -30.021  -10.891  34.832 0.5555559993
36349  -30.278  -11.042  34.208 0.6666669846
36403  -30.245  -9.833  29.982 0.8888890147
37065  -15.825  -8.487  49.966 0.2222220004
37066  -16.489  -8.930  50.075 0.2222220004
37068  -17.615  -9.006  50.533 0.2222220004
37073  -15.884  -8.927  49.584 0.2222220004
37075  -17.191  -9.326  50.400 0.2222220004
37099  -16.245  -9.513  49.170 0.1111110002
37122  -16.902  -9.607  46.860 0.6666669846
37241  -23.430  -7.691  34.551 0.8888890147
37245  -31.780  -7.202  35.673 0.1111110002
37254  -23.878  -7.777  34.267 0.8888890147
37317  -29.923  -9.699  30.024 0.8888890147
38030  -15.977  -8.269  49.311 0.2222220004
38032  -16.806  -8.765  50.042 0.2222220004
38033  -17.257  -8.752  50.206 0.2222220004
38037  -15.065  -7.733  49.270 0.3333329856
38038  -15.118  -7.979  49.470 0.3333329856
38039  -15.783  -7.969  49.017 0.2222220004
38044  -14.947  -7.523  49.155 0.4444440007
38045  -14.812  -7.928  49.342 0.3333329856
38046  -15.035  -8.239  49.526 0.3333329856
38048  -17.361  -9.296  49.556 0.1111110002
38055  -14.915  -7.422  48.884 0.2222220004
38090  -13.546  -6.051  45.389 0.1111110002
38126  -21.869  -6.560  44.203 0.6666669846
38228  -23.437  -7.119  34.181 0.7777780294
39020  -16.293  -8.401  49.145 0.2222220004
39021  -16.735  -8.178  49.347 0.2222220004
39022  -17.170  -8.866  49.864 0.2222220004
39023  -17.478  -8.785  50.024 0.2222220004
39024  -17.864  -8.723  50.124 0.1111110002
39027  -15.223  -7.790  49.372 0.3333329856
39028  -15.419  -7.760  49.629 0.2222220004
39029  -16.027  -8.109  48.960 0.2222220004
39030  -16.528  -8.188  49.023 0.3333329856
39032  -17.683  -8.866  49.899 0.1111110002
39033  -18.054  -8.758  50.009 0.1111110002
39038  -15.380  -7.483  49.217 0.4444440007
39039  -15.580  -7.449  49.846 0.2222220004
39040  -16.034  -7.044  48.959 0.3333329856
39042  -16.996  -8.997  49.654 0.3333329856
39048  -14.942  -7.071  49.042 0.4444440007
39049  -15.438  -6.893  48.983 0.4444440007
39050  -15.992  -6.905  48.768 0.4444440007
39055  -15.178  -6.965  48.974 0.4444440007
39056  -15.223  -7.370  48.855 0.4444440007
39058  -15.285  -8.837  48.698 0.4444440007
39096  -13.518  -6.505  45.942 0.1111110002
39107  -22.265  -6.262  44.159 0.7777780294
39113  -22.296  -6.221  43.836 0.4444440007
39242  -24.674  -6.042  33.098 0.7777780294
39245  -27.163  -6.049  32.968 0.7777780294
39264  -25.962  -6.207  32.305 0.7777780294
39329  -36.889  -6.807  29.268 0.4444440007
39394  -37.054  -6.102  25.568 0.6666669846
39395  -37.329  -6.225  25.652 0.6666669846
40072  -15.901  -7.019  50.127 0.2222220004
40074  -16.261  -8.022  49.157 0.2222220004
40078  -15.100  -6.746  49.468 0.4444440007
40079  -15.620  -6.999  49.330 0.4444440007
40080  -16.264  -6.936  49.386 0.2222220004
40081  -16.166  -7.585  49.046 0.2222220004
40085  -15.672  -6.742  49.384 0.4444440007
40086  -16.067  -6.687  49.178 0.4444440007
40114  -23.159  -5.373  45.277 0.1111110002
40125  -23.105  -5.410  45.038 0.1111110002
40202  -26.582  -4.183  36.412 0.2222220004
40227  -23.666  -5.086  34.082 0.6666669846
40229  -27.884  -5.165  33.503 0.5555559993
40244  -24.295  -5.056  33.232 0.5555559993
40246  -26.209  -5.181  33.084 0.5555559993
40343  -35.383  -5.400  27.343 0.7777780294
40396  -37.438  -5.782  25.434 0.5555559993
41042  -15.686  -6.036  49.973 0.4444440007
41043  -15.815  -6.186  50.111 0.4444440007
41044  -15.240  -5.897  49.687 0.4444440007
41045  -16.049  -6.007  49.526 0.4444440007
41073  -23.160  -5.365  44.710 0.3333329856
41144  -23.824  -4.208  36.007 0.6666669846
41145  -25.239  -4.137  35.977 0.5555559993
41156  -23.610  -4.143  35.275 0.6666669846
41159  -26.689  -4.053  34.447 0.4444440007
41167  -23.227  -4.333  35.039 0.6666669846
41168  -23.714  -4.179  34.493 0.5555559993
41171  -26.795  -4.159  33.458 0.5555559993
41177  -24.200  -4.388  33.714 0.5555559993
41179  -25.984  -4.427  33.141 0.5555559993
41252  -32.801  -4.135  28.107 0.7777780294
41954  -14.190  -4.849  45.842 0.1111110002
41955  -14.414  -5.017  45.940 0.1111110002
41962  -14.296  -5.093  45.733 0.1111110002
41970  -14.595  -5.465  45.341 0.1111110002
42130  -31.636  -3.105  29.063 0.7777780294
42132  -33.396  -4.759  27.847 0.7777780294
43031  -31.240  -1.895  30.714 0.7777780294
43055  -31.083  -1.470  30.066 0.7777780294
43056  -30.940  -1.562  29.871 0.7777780294
43063  -42.432  -1.063  30.398 0.2222220004
43082  -31.165  -1.371  29.948 0.7777780294
43083  -31.150  -1.504  29.745 0.7777780294
44029  -36.159  0.315  31.497 0.1111110002
44044  -31.991  -0.869  31.446 0.6666669846
44045  -35.793  0.021  31.288 0.1111110002
44046  -36.307  -0.057  31.137 0.1111110002
44047  -36.918  0.075  31.245 0.1111110002
44053  -43.258  -1.126  31.922 0.1111110002
44070  -31.211  -1.437  30.282 0.6666669846
44076  -36.089  -0.127  30.502 0.3333329856
44083  -42.929  -0.546  31.005 0.1111110002
44084  -43.014  -0.438  30.871 0.1111110002
44099  -31.256  -1.299  30.107 0.6666669846
44100  -31.359  -1.193  29.917 0.7777780294
44101  -31.339  -1.362  29.695 0.7777780294
44103  -33.260  -0.144  28.509 0.7777780294
44110  -42.797  -0.379  30.559 0.1111110002
44111  -42.996  -0.286  30.668 0.1111110002
44197  -46.083  -1.000  24.787 0.5555559993
44198  -46.074  -1.200  24.929 0.5555559993
45008  -33.397  -0.099  32.944 0.4444440007
45027  -33.117  0.499  31.246 0.5555559993
45035  -43.458  -0.323  31.873 0.1111110002
45053  -43.368  -0.288  31.342 0.1111110002
45054  -43.362  -0.127  30.893 0.1111110002
45069  -33.373  -0.204  28.308 0.8888890147
45076  -42.854  -0.152  30.263 0.1111110002
45093  -33.557  -0.433  28.167 0.8888890147
45132  -44.769  -1.780  24.096 0.6666669846
45135  -47.368  -0.166  26.229 0.1111110002
45168  -45.748  -1.158  24.447 0.5555559993
45169  -45.817  -1.168  24.690 0.4444440007
45177  -48.229  -1.091  23.741 0.1111110002
45199  -38.355  -0.562  21.314 0.8888890147
45206  -45.784  -1.007  21.010 0.4444440007
45207  -45.955  -0.836  20.966 0.4444440007
45221  -38.156  -0.423  21.028 0.8888890147
45230  -46.039  -0.815  20.752 0.4444440007
45231  -48.726  -0.642  20.920 0.1111110002
45250  -41.758  -1.003  19.738 0.8888890147
45262  -38.229  -0.572  17.716 0.8888890147
45265  -41.149  -0.897  17.732 0.8888890147
46009  -34.566  0.131  34.950 0.2222220004
46049  -33.198  -0.001  32.641 0.4444440007
46063  -32.993  0.206  32.339 0.4444440007
46077  -43.478  -0.092  31.690 0.1111110002
46078  -43.464  -0.029  31.046 0.1111110002
46090  -42.930  0.124  30.475 0.1111110002
46091  -43.024  -0.113  30.471 0.1111110002
46092  -43.413  0.060  30.831 0.1111110002
46109  -43.027  0.099  30.009 0.1111110002
46110  -43.052  -0.208  30.138 0.1111110002
46128  -45.638  1.410  25.195 0.2222220004
46172  -46.046  0.099  26.146 0.1111110002
46228  -37.973  0.176  21.454 0.8888890147
46235  -46.050  -0.951  21.165 0.4444440007
46247  -37.160  0.670  21.094 0.8888890147
46249  -38.251  -0.429  19.640 0.8888890147
46250  -41.335  -0.765  21.383 0.8888890147
46251  -41.786  -0.850  20.940 0.8888890147
46269  -37.186  0.748  19.930 0.8888890147
46270  -37.776  0.101  19.244 0.8888890147
46271  -38.212  -0.511  18.736 0.8888890147
46274  -42.070  -0.903  18.938 0.8888890147
46293  -38.191  -0.605  18.235 0.8888890147
46294  -40.986  -1.012  18.400 0.8888890147
46296  -42.333  -0.942  18.377 0.8888890147
46297  -42.622  -0.944  18.396 0.8888890147
46311  -38.238  0.417  17.314 0.8888890147
46328  -41.528  1.081  16.053 0.8888890147
47103  -35.290  0.798  33.069 0.2222220004
47117  -42.901  0.821  30.973 0.1111110002
47118  -43.173  0.650  31.066 0.1111110002
47119  -43.337  0.412  31.126 0.1111110002
47125  -42.999  0.767  30.078 0.1111110002
47126  -43.337  0.300  30.910 0.1111110002
47127  -43.689  0.229  30.763 0.1111110002
47144  -43.156  0.710  29.954 0.1111110002
47145  -43.161  0.394  29.936 0.1111110002
47285  -37.419  0.939  21.698 0.8888890147
47305  -37.140  1.424  21.334 0.8888890147
47342  -37.035  1.675  19.473 0.8888890147
47357  -38.356  1.291  17.270 0.8888890147
47358  -39.482  1.794  17.123 0.8888890147
47374  -42.367  1.262  15.275 0.7777780294
47387  -41.472  2.001  14.997 0.8888890147
48154  -42.671  0.937  31.052 0.1111110002
48155  -43.111  1.024  31.171 0.1111110002
48156  -43.689  0.894  30.785 0.1111110002
48163  -43.061  1.342  30.201 0.1111110002
48164  -42.959  1.045  31.039 0.1111110002
48165  -43.361  1.002  30.977 0.1111110002
48176  -42.874  1.068  29.966 0.1111110002
48177  -43.030  1.008  30.066 0.1111110002
48214  -42.871  2.008  25.560 1.0000000000
48275  -45.041  0.026  22.911 0.3333329856
48280  -37.747  1.337  21.833 0.8888890147
48281  -40.232  3.818  21.812 0.8888890147
48297  -37.438  1.730  21.698 0.8888890147
48313  -37.056  2.204  21.174 0.8888890147
48318  -48.675  2.001  19.102 0.2222220004
48329  -37.076  2.368  20.302 0.8888890147
48354  -40.697  3.028  15.080 0.7777780294
48368  -41.086  3.201  15.028 0.8888890147
48370  -47.137  2.276  15.503 0.5555559993
49236  -45.441  4.957  20.699 0.1111110002
49237  -45.510  5.101  20.890 0.1111110002
49254  -43.950  4.799  19.769 0.1111110002
49256  -45.428  4.937  20.541 0.1111110002
49257  -45.566  5.251  20.641 0.1111110002
49311  -51.466  3.008  17.041 0.1111110002
49338  -40.902  3.486  15.107 0.8888890147
49345  -51.509  3.438  14.995 0.1111110002
49346  -53.325  3.491  15.170 0.1111110002
49348  -53.993  3.523  15.332 0.1111110002
49362  -51.243  3.593  14.717 0.2222220004
49363  -51.385  3.525  14.794 0.1111110002
49365  -53.657  3.471  14.967 0.1111110002
49374  -50.358  3.597  13.300 0.1111110002
49383  -50.091  3.327  13.115 0.3333329856
50261  -53.921  3.377  14.857 0.1111110002
50281  -44.732  4.920  12.476 0.8888890147
50293  -44.880  4.753  12.404 0.8888890147
50294  -45.022  4.548  12.325 0.8888890147
50987  -37.515  5.723  26.672 0.4444440007
50988  -37.594  5.441  27.112 0.4444440007
51103  -45.458  6.226  19.636 0.1111110002
51158  -52.477  3.508  15.290 0.1111110002
51169  -52.692  3.354  15.047 0.1111110002
51190  -44.017  4.870  12.719 0.8888890147
51205  -44.737  5.052  12.510 0.8888890147
51206  -44.844  5.078  12.401 0.8888890147
51207  -45.101  4.801  12.307 0.8888890147
51980  -37.515  6.017  26.749 0.5555559993
52031  -47.338  7.168  20.635 0.1111110002
52053  -45.605  6.481  19.161 0.2222220004
52105  -47.064  9.078  17.513 0.1111110002
52921  -46.431  7.466  18.911 0.1111110002
52922  -46.515  7.727  19.063 0.1111110002
52923  -46.497  7.985  18.852 0.2222220004
52930  -46.502  8.208  18.719 0.2222220004
53004  -44.294  7.283  12.305 0.6666669846
53011  -44.398  7.448  12.153 0.6666669846
53677  -46.542  8.012  19.097 0.1111110002
53678  -46.291  8.074  18.974 0.2222220004
53682  -46.418  7.734  18.884 0.1111110002
53683  -46.378  7.971  18.813 0.1111110002
53684  -46.259  8.159  18.726 0.2222220004
53755  -47.362  9.518  12.016 0.1111110002
54529  -46.711  9.511  11.961 0.3333329856
54569  -46.118  8.765  7.927 0.5555559993
55308  -47.068  10.508  9.933 0.5555559993
56189  -47.708  11.232  11.064 0.2222220004
58959  -56.153  14.749  5.871 0.1111110002
96982  -19.727  -10.316  41.526 0.7777780294
96992  -19.824  -10.396  41.264 0.7777780294
96993  -22.595  -5.819  45.312 0.1111110002
96994  -21.510  -6.651  46.262 0.2222220004
96995  -19.971  -10.986  42.485 0.5555559993
97024  -19.512  -10.015  42.448 0.6666669846
97027  -19.612  -9.499  42.626 0.7777780294
97044  -23.207  -5.305  44.223 0.3333329856
97083  -23.182  -4.936  43.660 0.4444440007
97110  -23.832  -8.309  37.507 0.8888890147
97118  -22.339  -6.340  35.852 0.7777780294
97119  -22.222  -5.910  36.091 0.7777780294
97120  -24.250  -8.899  37.844 0.8888890147
97121  -23.346  -7.678  35.634 0.8888890147
97123  -22.977  -4.678  36.259 0.4444440007
97124  -22.541  -5.694  35.479 0.7777780294
97125  -23.563  -8.126  37.445 0.8888890147
97127  -22.670  -6.568  35.532 0.8888890147
97129  -24.073  -8.203  37.728 0.8888890147
97191  -31.192  -11.698  35.265 0.4444440007
97192  -31.784  -11.682  35.203 0.4444440007
97193  -32.305  -10.733  35.968 0.3333329856
97194  -31.893  -10.870  35.833 0.4444440007
97196  -31.915  -10.448  35.894 0.3333329856
97279  -35.139  -5.798  30.273 0.7777780294
97281  -34.918  -5.966  30.833 0.7777780294
97282  -34.875  -5.683  30.248 0.7777780294
97284  -34.865  -5.929  30.583 0.7777780294
97285  -35.116  -5.636  30.085 0.7777780294
97287  -34.514  -5.039  30.031 0.7777780294
97289  -34.609  -5.334  30.125 0.7777780294
97307  -37.835  -5.461  25.089 0.7777780294
97329  -39.998  -0.473  23.684 1.0000000000
97338  -39.230  0.423  23.399 1.0000000000
97345  -40.645  -0.093  23.480 1.0000000000
97352  -37.668  0.062  26.278 1.0000000000
97359  -37.753  0.609  26.507 1.0000000000
97362  -37.263  0.405  25.739 1.0000000000
97385  -38.572  0.238  21.812 0.8888890147
97386  -38.180  0.859  21.735 0.8888890147
97390  -41.224  0.320  22.498 1.0000000000
97393  -37.944  4.518  20.928 0.8888890147
97401  -41.850  1.623  23.015 1.0000000000
97447  -46.682  7.072  22.359 0.1111110002
97484  -41.973  8.673  25.223 0.2222220004
97586  -48.393  9.820  12.064 0.1111110002
97589  -49.730  10.683  12.806 0.1111110002
97600  -48.582  10.311  12.380 0.1111110002
97601  -48.409  10.037  11.934 0.1111110002
98345  -41.327  2.814  14.964 0.8888890147
98349  -41.287  3.090  14.945 0.8888890147
98350  -41.215  3.264  14.774 0.8888890147
