#!ascii label  , from subject output2 vox2ras=TkReg
1098
68142  -40.263  25.303  7.360 0.0000000000
60701  -47.487  15.747  1.744 0.0000000000
71674  -47.243  30.720  11.941 0.0000000000
64714  -48.044  20.432  10.876 0.0000000000
66518  -50.393  23.346  15.335 0.0000000000
65694  -48.815  23.494  5.063 0.0000000000
71009  -48.747  28.904  3.428 0.0000000000
73294  -40.343  31.629  4.679 0.0000000000
64616  -46.268  20.581  15.561 0.0000000000
98912  -45.587  23.633  9.255 0.0000000000
98897  -44.903  20.880  6.542 0.0000000000
68857  -43.760  26.257  5.878 0.0000000000
99814  -44.280  32.285  7.230 0.0000000000
71700  -50.619  31.441  9.721 0.0000000000
99801  -49.464  34.383  6.614 0.0000000000
70939  -44.933  29.874  5.645 0.0000000000
73995  -45.140  33.588  2.565 0.0000000000
61454  -46.048  17.504  0.394 0.0000000000
69546  -39.920  27.739  11.398 0.0000000000
70228  -42.544  28.775  9.499 0.0000000000
65674  -53.717  22.033  8.745 0.0000000000
66565  -49.456  23.292  12.749 0.0000000000
67405  -45.269  23.483  11.390 0.0000000000
66533  -45.106  22.189  13.763 0.0000000000
62127  -45.491  18.856  4.066 0.0000000000
64845  -45.720  21.600  1.460 0.0000000000
69587  -46.917  28.587  7.154 0.0000000000
69607  -49.619  27.329  4.601 0.0000000000
66711  -46.398  23.424  0.730 0.0000000000
68228  -44.550  25.889  2.973 0.0000000000
68894  -41.577  26.836  2.803 0.0000000000
67460  -42.162  24.344  7.488 0.0000000000
67462  -43.225  24.324  6.768 0.0000000000
68853  -42.264  26.306  6.868 0.0000000000
74708  -43.343  34.465  5.150 0.0000000000
99781  -46.776  33.999  6.564 0.0000000000
76389  -47.224  35.318  5.314 0.0000000000
99786  -46.785  34.636  4.604 0.0000000000
60709  -46.371  16.596  0.692 0.0000000000
69521  -40.337  27.361  13.106 0.0000000000
68811  -42.179  28.761  12.862 0.0000000000
67378  -50.880  23.800  14.267 0.0000000000
67407  -47.062  24.400  12.024 0.0000000000
67375  -47.549  23.939  13.515 0.0000000000
65556  -46.285  21.417  15.343 0.0000000000
64687  -39.719  20.870  11.057 0.0000000000
66601  -37.136  23.358  9.474 0.0000000000
63815  -37.327  20.596  11.336 0.0000000000
61355  -47.737  18.511  8.930 0.0000000000
98899  -47.481  22.063  5.764 0.0000000000
98891  -44.602  19.947  6.295 0.0000000000
63878  -46.421  20.572  5.023 0.0000000000
63927  -44.618  20.122  2.831 0.0000000000
64814  -46.760  22.152  3.173 0.0000000000
70897  -44.559  30.102  10.581 0.0000000000
70238  -44.841  28.805  8.335 0.0000000000
70903  -46.568  30.244  9.209 0.0000000000
71713  -51.602  30.370  7.287 0.0000000000
70255  -51.082  28.699  7.150 0.0000000000
70293  -50.097  28.091  4.631 0.0000000000
98952  -47.842  24.540  2.361 0.0000000000
98944  -47.439  25.884  3.518 0.0000000000
67525  -45.625  24.558  2.488 0.0000000000
69657  -46.743  27.421  2.958 0.0000000000
71726  -42.285  30.507  5.493 0.0000000000
69620  -43.063  27.780  4.249 0.0000000000
70283  -40.368  28.666  4.508 0.0000000000
69634  -39.411  26.914  3.468 0.0000000000
71739  -38.494  29.830  3.965 0.0000000000
65661  -46.375  22.220  10.647 0.0000000000
63843  -45.636  20.154  9.577 0.0000000000
63842  -44.809  21.726  8.898 0.0000000000
98918  -44.388  23.013  5.456 0.0000000000
68181  -45.396  25.161  5.467 0.0000000000
72481  -46.576  31.438  10.271 0.0000000000
71699  -48.197  31.249  9.389 0.0000000000
73260  -47.806  33.007  8.341 0.0000000000
73262  -50.682  32.520  8.506 0.0000000000
70942  -49.646  30.763  6.276 0.0000000000
70974  -47.105  29.260  4.746 0.0000000000
72502  -47.246  30.805  6.623 0.0000000000
72516  -44.689  31.817  6.137 0.0000000000
73297  -42.268  32.582  4.635 0.0000000000
61470  -46.434  17.831  -1.304 0.0000000000
69570  -39.607  27.488  8.408 0.0000000000
69572  -41.448  27.818  7.854 0.0000000000
69556  -41.073  28.575  10.303 0.0000000000
70223  -43.013  29.487  11.137 0.0000000000
71671  -44.739  30.313  11.972 0.0000000000
71645  -45.218  31.070  14.505 0.0000000000
72451  -45.583  31.388  12.255 0.0000000000
64737  -51.963  21.365  9.855 0.0000000000
65631  -52.197  22.397  11.602 0.0000000000
65629  -49.169  21.556  12.070 0.0000000000
66577  -47.627  23.374  11.341 0.0000000000
67434  -44.923  24.248  9.790 0.0000000000
63763  -50.120  21.249  15.577 0.0000000000
63780  -47.826  20.448  13.918 0.0000000000
64641  -47.939  21.457  15.509 0.0000000000
66515  -47.833  23.258  15.159 0.0000000000
67372  -44.444  22.766  12.324 0.0000000000
67430  -39.513  24.339  8.370 0.0000000000
60663  -47.117  15.606  4.291 0.0000000000
98894  -46.449  18.397  8.233 0.0000000000
61402  -45.548  17.541  5.558 0.0000000000
60689  -46.105  16.613  2.913 0.0000000000
62155  -45.538  17.986  1.719 0.0000000000
62167  -44.976  18.656  -0.071 0.0000000000
63971  -44.272  20.297  -1.141 0.0000000000
70247  -43.111  28.170  7.525 0.0000000000
69595  -45.098  27.436  6.504 0.0000000000
68166  -47.265  26.488  5.645 0.0000000000
70923  -48.402  29.476  7.945 0.0000000000
70261  -48.971  27.935  6.531 0.0000000000
98942  -49.206  24.555  3.737 0.0000000000
66694  -48.850  23.617  2.181 0.0000000000
64860  -46.564  22.654  0.634 0.0000000000
64888  -45.434  21.625  -1.779 0.0000000000
69639  -44.947  27.741  3.332 0.0000000000
68910  -42.818  26.513  2.535 0.0000000000
67513  -42.529  24.582  3.655 0.0000000000
68224  -40.482  25.854  2.668 0.0000000000
68238  -38.911  25.744  1.857 0.0000000000
67459  -41.565  24.352  7.422 0.0000000000
68154  -42.186  25.173  7.090 0.0000000000
68852  -41.559  26.242  7.172 0.0000000000
99819  -45.479  35.586  4.973 0.0000000000
77983  -46.279  36.709  4.519 0.0000000000
60700  -47.038  16.032  1.542 0.0000000000
67341  -50.852  24.093  15.248 0.0000000000
67358  -49.288  24.367  14.486 0.0000000000
67339  -48.913  24.253  15.165 0.0000000000
63807  -40.257  20.123  12.585 0.0000000000
63817  -38.941  20.161  11.551 0.0000000000
64746  -49.946  20.134  9.683 0.0000000000
64734  -47.996  19.622  9.387 0.0000000000
65712  -48.403  22.649  5.148 0.0000000000
98901  -46.902  21.322  5.491 0.0000000000
98919  -47.797  21.693  4.618 0.0000000000
64795  -46.684  21.244  3.988 0.0000000000
64817  -49.075  22.613  4.086 0.0000000000
71687  -45.981  30.491  11.347 0.0000000000
70902  -46.025  30.089  9.512 0.0000000000
71697  -46.830  30.520  10.159 0.0000000000
72556  -50.286  29.998  4.521 0.0000000000
99769  -50.942  29.697  5.494 0.0000000000
70976  -49.622  28.529  4.233 0.0000000000
70310  -49.396  27.409  3.501 0.0000000000
69659  -48.584  27.691  3.418 0.0000000000
68897  -46.958  26.564  2.868 0.0000000000
69658  -47.918  27.629  4.100 0.0000000000
72513  -41.461  31.228  5.188 0.0000000000
70935  -41.500  29.548  5.007 0.0000000000
71741  -40.205  30.460  4.509 0.0000000000
70952  -39.740  29.603  4.505 0.0000000000
71740  -39.192  30.490  4.191 0.0000000000
98910  -45.862  23.318  9.428 0.0000000000
64730  -45.131  21.968  9.565 0.0000000000
65682  -44.253  23.191  7.918 0.0000000000
67472  -43.301  24.712  6.327 0.0000000000
66640  -43.422  23.982  6.570 0.0000000000
67488  -43.599  24.351  5.806 0.0000000000
67489  -44.594  24.288  5.090 0.0000000000
68868  -44.600  25.899  5.524 0.0000000000
73258  -46.209  31.652  8.908 0.0000000000
73246  -46.992  31.826  9.535 0.0000000000
99787  -46.199  32.478  7.653 0.0000000000
99789  -48.944  34.485  6.656 0.0000000000
73261  -49.162  33.116  7.510 0.0000000000
99779  -49.752  33.948  7.123 0.0000000000
72497  -50.344  32.043  6.922 0.0000000000
99775  -49.585  32.467  6.867 0.0000000000
71732  -48.935  30.798  6.365 0.0000000000
99767  -48.099  32.743  7.072 0.0000000000
99809  -46.165  34.500  3.923 0.0000000000
72499  -45.918  33.141  6.172 0.0000000000
73284  -44.046  33.091  5.441 0.0000000000
73283  -43.226  32.447  5.429 0.0000000000
73298  -43.315  32.852  4.165 0.0000000000
61462  -46.331  17.683  -0.669 0.0000000000
69562  -39.116  27.706  9.338 0.0000000000
69563  -40.193  27.890  9.146 0.0000000000
69555  -40.082  27.786  10.367 0.0000000000
68823  -42.857  29.256  13.179 0.0000000000
69549  -42.382  29.446  11.925 0.0000000000
70218  -43.372  29.472  12.694 0.0000000000
70879  -44.250  29.713  12.360 0.0000000000
70874  -44.474  29.989  13.398 0.0000000000
72423  -46.037  31.659  14.724 0.0000000000
72442  -44.707  31.432  12.968 0.0000000000
73207  -44.579  32.630  13.130 0.0000000000
72450  -44.503  31.458  12.020 0.0000000000
73206  -43.681  32.867  12.451 0.0000000000
64748  -52.053  20.598  9.028 0.0000000000
64738  -52.702  21.632  9.451 0.0000000000
66568  -52.721  23.122  12.420 0.0000000000
65617  -51.807  22.575  12.188 0.0000000000
65630  -51.325  21.716  11.749 0.0000000000
65615  -49.633  22.351  12.481 0.0000000000
65627  -48.108  22.675  11.582 0.0000000000
65613  -48.432  23.042  11.950 0.0000000000
68110  -45.823  24.186  11.554 0.0000000000
68123  -46.287  24.419  10.980 0.0000000000
66608  -44.906  24.037  10.162 0.0000000000
63761  -47.394  20.548  15.133 0.0000000000
64640  -47.275  21.724  15.618 0.0000000000
66514  -46.139  22.167  14.483 0.0000000000
65570  -47.729  22.572  15.384 0.0000000000
66535  -46.564  22.936  14.432 0.0000000000
66548  -45.911  23.311  13.335 0.0000000000
66547  -44.895  22.628  13.098 0.0000000000
66603  -39.299  23.377  9.038 0.0000000000
60664  -48.240  16.094  4.551 0.0000000000
98908  -46.089  19.394  8.922 0.0000000000
64733  -45.867  20.348  7.229 0.0000000000
98895  -44.759  19.731  5.459 0.0000000000
62113  -45.466  18.777  5.695 0.0000000000
61415  -45.541  17.680  4.296 0.0000000000
60676  -45.645  16.506  3.829 0.0000000000
61426  -45.599  17.251  2.789 0.0000000000
61440  -46.092  17.487  1.932 0.0000000000
62141  -45.359  18.289  3.077 0.0000000000
64831  -45.620  21.151  2.584 0.0000000000
63025  -44.516  19.461  1.548 0.0000000000
63952  -44.646  20.169  1.049 0.0000000000
63050  -44.665  19.395  -0.531 0.0000000000
63953  -45.393  20.874  0.665 0.0000000000
70236  -42.318  28.255  8.305 0.0000000000
69573  -42.121  27.757  7.534 0.0000000000
70249  -45.383  28.515  7.436 0.0000000000
70259  -44.642  27.939  6.783 0.0000000000
69596  -46.236  28.040  6.558 0.0000000000
68859  -46.391  26.603  6.092 0.0000000000
69597  -47.228  28.027  6.555 0.0000000000
72492  -48.826  31.517  9.405 0.0000000000
71707  -48.694  31.096  8.831 0.0000000000
71708  -49.970  30.829  9.334 0.0000000000
70263  -50.403  28.123  6.241 0.0000000000
70262  -49.982  27.547  6.865 0.0000000000
69599  -49.968  26.955  6.172 0.0000000000
98937  -48.754  26.470  4.647 0.0000000000
69600  -49.194  26.589  4.575 0.0000000000
66680  -48.721  23.756  2.969 0.0000000000
67516  -48.949  24.820  2.779 0.0000000000
66712  -46.971  23.539  1.086 0.0000000000
65787  -47.270  23.303  1.047 0.0000000000
65786  -46.735  23.006  0.417 0.0000000000
64874  -45.472  21.871  -0.656 0.0000000000
65785  -45.906  22.822  -0.072 0.0000000000
65795  -45.362  22.275  -0.821 0.0000000000
66710  -45.706  23.275  0.567 0.0000000000
68229  -45.470  25.423  2.842 0.0000000000
65766  -44.810  23.046  1.624 0.0000000000
70956  -46.238  29.368  5.000 0.0000000000
69622  -46.062  27.932  4.411 0.0000000000
70306  -44.677  28.390  3.886 0.0000000000
69637  -42.683  27.490  3.329 0.0000000000
69654  -43.293  27.217  2.707 0.0000000000
69653  -42.298  27.099  2.619 0.0000000000
68210  -42.856  25.333  3.231 0.0000000000
68225  -41.464  25.833  2.687 0.0000000000
68208  -41.379  25.463  3.355 0.0000000000
68908  -40.764  26.161  2.661 0.0000000000
69633  -38.409  27.421  3.419 0.0000000000
68907  -39.478  26.178  2.342 0.0000000000
68905  -37.430  26.698  2.618 0.0000000000
68923  -37.751  26.186  1.874 0.0000000000
66628  -44.029  23.578  8.431 0.0000000000
67461  -43.186  23.883  7.350 0.0000000000
68155  -42.642  25.242  6.599 0.0000000000
68856  -42.892  26.340  6.345 0.0000000000
99813  -45.045  32.350  6.498 0.0000000000
99806  -46.050  34.577  6.039 0.0000000000
75538  -46.795  35.368  6.037 0.0000000000
99816  -48.377  35.512  5.914 0.0000000000
99773  -47.646  34.096  5.436 0.0000000000
77213  -47.379  35.606  4.398 0.0000000000
75539  -47.878  35.905  3.452 0.0000000000
69535  -40.481  28.027  12.159 0.0000000000
70216  -40.781  28.897  12.311 0.0000000000
69523  -41.569  27.968  13.190 0.0000000000
66553  -50.207  23.753  13.437 0.0000000000
66551  -48.507  23.661  13.213 0.0000000000
67376  -48.521  24.125  13.611 0.0000000000
67392  -46.918  24.365  12.546 0.0000000000
68100  -45.813  23.991  12.158 0.0000000000
64626  -45.962  20.922  15.469 0.0000000000
64653  -43.929  21.582  14.231 0.0000000000
64708  -40.366  20.968  10.086 0.0000000000
65656  -38.931  22.277  8.986 0.0000000000
64706  -38.021  21.440  10.080 0.0000000000
64705  -36.951  21.234  10.286 0.0000000000
98903  -46.028  21.076  6.129 0.0000000000
98904  -46.223  21.518  5.544 0.0000000000
98896  -45.465  20.706  5.770 0.0000000000
63893  -45.339  20.278  4.569 0.0000000000
62992  -45.233  19.483  3.668 0.0000000000
63894  -46.208  20.630  4.142 0.0000000000
64812  -45.753  21.010  3.292 0.0000000000
65749  -46.987  22.466  2.687 0.0000000000
70900  -44.131  29.566  9.788 0.0000000000
70237  -43.582  28.892  8.699 0.0000000000
70910  -44.554  29.486  9.001 0.0000000000
70911  -45.404  29.471  8.911 0.0000000000
70240  -46.411  29.114  8.190 0.0000000000
71703  -52.359  30.562  9.395 0.0000000000
70917  -51.285  29.635  9.095 0.0000000000
70927  -51.471  29.436  7.186 0.0000000000
70933  -51.149  28.854  5.766 0.0000000000
69606  -49.471  26.964  3.954 0.0000000000
69605  -48.503  25.928  2.920 0.0000000000
98950  -48.043  25.463  2.788 0.0000000000
67530  -46.732  25.006  1.758 0.0000000000
66703  -45.963  23.524  1.428 0.0000000000
68240  -46.515  25.161  2.144 0.0000000000
68896  -46.217  26.502  2.956 0.0000000000
68895  -45.572  26.614  2.844 0.0000000000
70938  -44.038  29.811  5.545 0.0000000000
70287  -44.451  28.813  4.880 0.0000000000
70268  -42.810  28.902  5.429 0.0000000000
69619  -42.062  27.679  4.220 0.0000000000
69618  -40.998  27.703  4.240 0.0000000000
69635  -40.564  27.072  3.548 0.0000000000
69617  -39.895  27.723  4.281 0.0000000000
69616  -38.816  27.853  4.261 0.0000000000
70972  -37.628  28.802  3.268 0.0000000000
64713  -47.437  21.121  11.041 0.0000000000
63831  -47.030  19.871  10.415 0.0000000000
63829  -46.463  21.124  10.554 0.0000000000
98905  -43.493  23.200  7.066 0.0000000000
64757  -44.174  22.374  7.287 0.0000000000
98928  -45.863  23.201  5.216 0.0000000000
67490  -45.979  24.072  4.586 0.0000000000
98927  -48.427  23.939  5.347 0.0000000000
72468  -47.165  31.282  11.476 0.0000000000
71689  -47.305  30.837  10.926 0.0000000000
72482  -47.277  31.251  10.002 0.0000000000
72483  -48.325  31.645  9.531 0.0000000000
73248  -48.898  32.435  9.161 0.0000000000
73249  -50.337  32.192  9.514 0.0000000000
72494  -51.765  31.378  8.536 0.0000000000
99785  -50.394  30.066  5.457 0.0000000000
71761  -48.901  29.529  4.684 0.0000000000
70992  -47.660  29.144  3.937 0.0000000000
71744  -48.303  29.414  5.964 0.0000000000
71731  -47.571  29.937  6.698 0.0000000000
71730  -46.158  29.527  6.569 0.0000000000
99770  -47.106  33.178  6.691 0.0000000000
72500  -46.043  31.831  6.536 0.0000000000
71729  -45.214  30.285  6.166 0.0000000000
72515  -43.347  31.575  5.524 0.0000000000
72514  -42.300  31.399  5.497 0.0000000000
73281  -41.401  31.931  5.455 0.0000000000
68847  -40.032  26.494  8.032 0.0000000000
68851  -40.607  26.367  7.153 0.0000000000
69571  -40.393  27.591  7.848 0.0000000000
69564  -41.156  27.837  8.910 0.0000000000
70221  -42.032  28.594  10.169 0.0000000000
69548  -41.386  29.303  12.086 0.0000000000
69558  -42.494  29.169  11.173 0.0000000000
70229  -43.157  29.476  9.992 0.0000000000
70896  -43.872  29.525  10.760 0.0000000000
71686  -45.028  30.484  11.331 0.0000000000
71672  -45.632  30.523  12.064 0.0000000000
70871  -44.890  30.146  14.446 0.0000000000
71654  -44.677  30.873  13.718 0.0000000000
71658  -44.744  30.847  12.637 0.0000000000
72444  -46.822  30.937  12.555 0.0000000000
72467  -46.187  31.435  11.461 0.0000000000
73244  -44.482  31.402  10.611 0.0000000000
73256  -43.798  32.286  8.932 0.0000000000
64747  -50.893  20.438  9.452 0.0000000000
65664  -50.604  20.448  9.835 0.0000000000
67411  -52.903  23.264  11.227 0.0000000000
66593  -52.678  23.164  10.471 0.0000000000
65646  -52.465  22.116  10.709 0.0000000000
64695  -50.278  21.240  11.493 0.0000000000
64694  -49.241  21.030  11.513 0.0000000000
64692  -47.795  21.830  11.478 0.0000000000
66592  -46.976  23.038  10.488 0.0000000000
98920  -46.379  24.071  9.900 0.0000000000
67408  -47.196  24.353  11.229 0.0000000000
98931  -46.465  24.231  10.299 0.0000000000
66619  -44.666  24.037  9.202 0.0000000000
66618  -43.599  23.542  8.786 0.0000000000
63781  -48.729  20.521  14.517 0.0000000000
64628  -47.301  20.779  15.997 0.0000000000
63762  -48.960  20.904  15.400 0.0000000000
64642  -49.401  21.752  15.698 0.0000000000
65571  -48.821  22.532  15.485 0.0000000000
66517  -49.390  23.374  15.383 0.0000000000
66550  -47.470  23.867  14.051 0.0000000000
66562  -45.695  23.423  12.750 0.0000000000
67404  -44.561  23.136  11.568 0.0000000000
67442  -40.140  24.625  7.873 0.0000000000
68141  -39.590  25.527  8.128 0.0000000000
68134  -38.975  25.666  9.040 0.0000000000
69561  -38.327  27.672  9.902 0.0000000000
69553  -38.257  27.669  10.862 0.0000000000
60679  -48.500  15.819  3.523 0.0000000000
60678  -47.488  15.978  3.355 0.0000000000
98893  -44.716  18.995  7.438 0.0000000000
98892  -45.404  18.158  7.103 0.0000000000
60624  -46.265  17.163  6.620 0.0000000000
60662  -46.312  16.021  4.682 0.0000000000
60677  -46.525  16.096  3.498 0.0000000000
60690  -46.925  16.538  2.462 0.0000000000
61427  -46.309  17.058  2.279 0.0000000000
61441  -46.452  17.118  1.418 0.0000000000
62169  -45.951  17.605  0.925 0.0000000000
62140  -44.666  18.831  2.341 0.0000000000
62154  -44.837  18.658  1.044 0.0000000000
62178  -46.462  18.003  -0.155 0.0000000000
62177  -45.926  18.524  -0.745 0.0000000000
63060  -45.526  18.860  -1.517 0.0000000000
63068  -45.399  19.141  -2.354 0.0000000000
69582  -41.812  27.208  7.178 0.0000000000
69583  -42.566  27.525  6.740 0.0000000000
69593  -43.363  27.026  6.355 0.0000000000
70248  -44.309  28.205  7.414 0.0000000000
69585  -44.350  27.636  6.821 0.0000000000
69594  -44.183  27.038  6.479 0.0000000000
68858  -44.944  26.527  6.040 0.0000000000
68869  -45.704  26.019  5.514 0.0000000000
68182  -47.280  25.477  5.066 0.0000000000
71705  -47.118  30.538  9.389 0.0000000000
70913  -46.999  29.994  8.509 0.0000000000
70251  -47.712  28.968  7.472 0.0000000000
70925  -50.414  29.378  7.826 0.0000000000
70252  -48.676  28.739  7.301 0.0000000000
69588  -47.895  28.276  6.740 0.0000000000
68860  -47.921  26.831  6.312 0.0000000000
68870  -48.309  26.460  4.973 0.0000000000
98932  -49.285  24.336  4.788 0.0000000000
66696  -49.391  23.130  2.858 0.0000000000
65767  -47.139  22.598  1.701 0.0000000000
98951  -48.376  24.160  2.399 0.0000000000
65779  -47.463  23.209  1.665 0.0000000000
64846  -46.389  22.417  1.179 0.0000000000
63962  -45.406  20.970  -0.392 0.0000000000
63972  -45.332  20.862  -1.443 0.0000000000
66709  -45.437  22.939  0.996 0.0000000000
69641  -46.846  27.744  4.263 0.0000000000
69656  -45.501  27.325  2.810 0.0000000000
68912  -44.995  26.784  2.690 0.0000000000
69638  -43.812  27.827  3.490 0.0000000000
68911  -43.894  26.609  2.553 0.0000000000
67523  -43.989  25.212  2.569 0.0000000000
67514  -43.621  24.622  3.187 0.0000000000
66677  -42.883  23.551  3.550 0.0000000000
66670  -42.122  23.501  3.930 0.0000000000
68223  -39.439  25.862  2.366 0.0000000000
73312  -40.086  31.855  4.519 0.0000000000
72543  -39.563  31.623  3.886 0.0000000000
71758  -39.299  30.746  3.258 0.0000000000
70990  -38.283  29.812  2.503 0.0000000000
71004  -36.990  29.221  2.405 0.0000000000
68153  -41.291  25.096  7.204 0.0000000000
66519  -51.308  23.588  15.447 0.0000000000
67342  -51.663  24.189  15.303 0.0000000000
67340  -49.874  23.705  14.837 0.0000000000
63791  -40.727  20.186  13.346 0.0000000000
64735  -50.024  20.464  10.009 0.0000000000
98924  -48.083  21.838  5.105 0.0000000000
65713  -48.587  22.801  4.861 0.0000000000
64816  -48.417  22.441  4.215 0.0000000000
98925  -48.758  22.723  4.526 0.0000000000
71688  -46.809  30.517  11.260 0.0000000000
71696  -46.031  30.497  10.435 0.0000000000
71776  -49.933  30.112  4.054 0.0000000000
70995  -50.266  29.645  3.990 0.0000000000
71010  -49.383  29.235  3.712 0.0000000000
69660  -48.953  27.861  3.394 0.0000000000
70323  -48.488  27.927  3.891 0.0000000000
69671  -48.298  27.870  4.123 0.0000000000
69670  -48.280  28.077  4.143 0.0000000000
72528  -40.798  31.221  4.665 0.0000000000
71742  -41.107  30.347  4.601 0.0000000000
72527  -39.954  31.264  4.463 0.0000000000
98909  -45.741  23.121  9.336 0.0000000000
98911  -45.689  23.414  9.290 0.0000000000
68164  -43.206  25.448  6.297 0.0000000000
68165  -43.596  25.323  5.840 0.0000000000
68180  -44.215  25.196  5.492 0.0000000000
68867  -43.953  25.729  5.553 0.0000000000
99799  -44.862  32.321  8.094 0.0000000000
99803  -49.586  34.794  6.500 0.0000000000
99774  -49.513  34.378  7.237 0.0000000000
99783  -49.928  34.673  6.928 0.0000000000
99797  -49.762  33.091  7.176 0.0000000000
99784  -48.900  32.839  7.262 0.0000000000
74727  -45.626  34.119  3.099 0.0000000000
73975  -45.166  33.589  4.154 0.0000000000
73299  -44.057  33.428  4.473 0.0000000000
73974  -43.982  33.444  3.803 0.0000000000
60714  -45.727  17.376  0.222 0.0000000000
69554  -39.034  27.889  10.547 0.0000000000
69525  -43.572  29.275  13.699 0.0000000000
69537  -43.257  29.386  13.179 0.0000000000
70206  -43.845  29.494  13.118 0.0000000000
70205  -43.705  29.488  12.465 0.0000000000
73217  -43.881  31.985  12.397 0.0000000000
64749  -53.158  21.321  8.644 0.0000000000
65666  -53.238  22.381  9.436 0.0000000000
65616  -50.900  22.233  12.466 0.0000000000
65614  -48.716  22.774  12.298 0.0000000000
68109  -45.594  23.885  11.085 0.0000000000
66590  -44.811  23.497  10.473 0.0000000000
66589  -44.099  23.062  10.261 0.0000000000
63748  -46.954  20.567  15.938 0.0000000000
66534  -45.662  22.539  13.908 0.0000000000
65657  -40.146  22.286  9.076 0.0000000000
60643  -47.361  16.505  6.043 0.0000000000
62977  -45.132  19.742  4.578 0.0000000000
63941  -45.259  20.689  1.708 0.0000000000
69586  -46.149  28.583  7.543 0.0000000000
72484  -49.665  31.691  9.576 0.0000000000
72493  -49.302  31.416  9.261 0.0000000000
66704  -46.775  24.112  1.636 0.0000000000
67524  -44.571  24.685  2.620 0.0000000000
70940  -45.442  29.383  5.908 0.0000000000
70955  -45.225  29.387  5.077 0.0000000000
69636  -41.626  27.245  3.198 0.0000000000
69652  -41.795  26.962  2.674 0.0000000000
68909  -41.771  26.478  2.606 0.0000000000
68893  -41.138  26.612  3.029 0.0000000000
69632  -37.716  27.824  3.240 0.0000000000
69650  -38.032  27.143  2.707 0.0000000000
99788  -44.810  33.414  6.081 0.0000000000
75519  -44.451  34.730  5.351 0.0000000000
76398  -46.358  35.408  5.188 0.0000000000
75537  -46.086  35.154  5.547 0.0000000000
99815  -47.796  35.553  5.948 0.0000000000
77221  -47.544  37.536  3.550 0.0000000000
77214  -48.332  36.537  3.730 0.0000000000
75555  -47.482  35.761  2.877 0.0000000000
59897  -46.813  15.631  0.869 0.0000000000
69522  -40.821  27.741  13.010 0.0000000000
70195  -41.277  28.088  12.718 0.0000000000
66552  -49.122  23.742  13.316 0.0000000000
67377  -49.774  24.371  13.898 0.0000000000
68101  -46.257  24.240  12.255 0.0000000000
67374  -46.527  23.908  12.938 0.0000000000
64672  -41.878  20.907  12.150 0.0000000000
64688  -41.037  20.401  11.262 0.0000000000
64707  -39.160  21.040  9.941 0.0000000000
64685  -37.619  21.082  10.987 0.0000000000
63876  -45.128  20.471  5.005 0.0000000000
64796  -47.122  21.676  3.825 0.0000000000
64813  -46.370  21.506  3.320 0.0000000000
70901  -45.053  30.225  9.688 0.0000000000
70912  -46.204  29.536  8.788 0.0000000000
71714  -52.219  30.130  7.768 0.0000000000
70919  -52.322  29.853  7.956 0.0000000000
70928  -52.028  29.921  7.569 0.0000000000
70943  -49.982  28.983  5.362 0.0000000000
70272  -50.321  27.839  4.994 0.0000000000
70271  -49.752  27.606  4.513 0.0000000000
69625  -49.663  27.031  3.961 0.0000000000
98948  -47.920  25.979  3.524 0.0000000000
98949  -48.321  26.352  2.916 0.0000000000
98945  -47.797  25.580  3.056 0.0000000000
68241  -46.959  25.510  2.511 0.0000000000
68914  -46.804  26.893  2.603 0.0000000000
68213  -46.477  25.877  3.383 0.0000000000
68212  -45.532  26.153  3.356 0.0000000000
68913  -45.984  26.965  2.558 0.0000000000
71727  -43.230  30.659  5.530 0.0000000000
70937  -43.049  29.754  5.520 0.0000000000
70284  -41.448  28.608  4.692 0.0000000000
70267  -41.990  28.863  5.348 0.0000000000
70951  -38.847  29.492  4.410 0.0000000000
70282  -39.353  28.691  4.502 0.0000000000
70281  -38.651  28.757  4.265 0.0000000000
70304  -38.131  28.471  3.681 0.0000000000
70950  -38.414  29.217  3.966 0.0000000000
64711  -46.421  21.883  10.816 0.0000000000
63828  -46.280  21.647  10.632 0.0000000000
98898  -44.803  22.719  8.594 0.0000000000
98913  -43.561  23.193  5.917 0.0000000000
65710  -44.985  22.410  5.499 0.0000000000
98921  -44.816  23.178  5.322 0.0000000000
73247  -47.793  32.174  9.333 0.0000000000
73946  -46.997  32.589  7.673 0.0000000000
72486  -51.773  31.673  9.175 0.0000000000
73263  -51.424  32.107  8.543 0.0000000000
99766  -49.942  30.747  6.243 0.0000000000
99772  -49.861  30.209  5.557 0.0000000000
70959  -49.700  30.457  5.869 0.0000000000
71760  -48.334  29.485  5.021 0.0000000000
70941  -49.281  30.540  6.035 0.0000000000
71720  -47.889  30.929  6.588 0.0000000000
72519  -47.300  30.295  6.685 0.0000000000
72518  -46.809  30.359  6.662 0.0000000000
72517  -45.893  30.816  6.620 0.0000000000
71728  -44.312  30.736  5.606 0.0000000000
73282  -42.244  32.146  5.386 0.0000000000
62186  -46.228  18.274  -1.808 0.0000000000
70227  -41.735  28.483  9.270 0.0000000000
70222  -42.516  29.073  10.506 0.0000000000
70890  -43.767  29.504  11.641 0.0000000000
70891  -44.392  29.845  11.440 0.0000000000
72422  -45.570  31.633  14.333 0.0000000000
72443  -45.987  31.213  12.982 0.0000000000
72452  -46.660  31.305  12.321 0.0000000000
73228  -43.742  31.603  11.309 0.0000000000
73229  -44.362  31.411  11.172 0.0000000000
73243  -43.610  31.674  10.032 0.0000000000
64770  -51.895  19.781  7.479 0.0000000000
64736  -50.865  20.621  9.961 0.0000000000
65673  -50.824  20.461  9.716 0.0000000000
66579  -52.646  23.119  11.295 0.0000000000
67395  -52.961  23.281  11.749 0.0000000000
66580  -53.011  23.448  10.984 0.0000000000
64675  -50.027  21.575  12.097 0.0000000000
64676  -50.708  21.572  12.043 0.0000000000
64693  -48.381  21.273  11.561 0.0000000000
65628  -48.571  22.013  12.079 0.0000000000
65626  -47.420  22.754  11.099 0.0000000000
98930  -46.968  23.778  10.469 0.0000000000
66591  -46.478  23.285  9.972 0.0000000000
67393  -47.564  23.905  12.579 0.0000000000
66563  -47.638  23.751  11.889 0.0000000000
67435  -45.380  24.232  10.236 0.0000000000
68135  -45.889  24.359  10.387 0.0000000000
67446  -45.512  24.279  9.805 0.0000000000
63764  -50.679  21.675  15.511 0.0000000000
63796  -48.597  20.193  13.595 0.0000000000
64627  -46.647  21.015  16.118 0.0000000000
65557  -46.460  21.285  15.630 0.0000000000
63782  -49.903  20.533  14.792 0.0000000000
65593  -47.619  23.091  15.087 0.0000000000
65572  -49.905  22.608  15.736 0.0000000000
66516  -48.366  23.524  15.225 0.0000000000
66537  -48.253  23.856  14.793 0.0000000000
66536  -47.671  23.550  14.620 0.0000000000
66561  -45.302  23.319  12.792 0.0000000000
67391  -45.548  23.561  12.269 0.0000000000
67390  -44.809  23.218  12.237 0.0000000000
66604  -40.480  23.335  9.030 0.0000000000
66605  -41.696  23.258  9.075 0.0000000000
67431  -40.763  24.080  8.538 0.0000000000
67429  -38.478  24.548  8.984 0.0000000000
65655  -37.793  22.231  9.316 0.0000000000
66602  -38.132  23.388  9.129 0.0000000000
68121  -37.886  25.928  10.433 0.0000000000
68839  -38.154  26.848  10.123 0.0000000000
68830  -38.013  26.853  11.155 0.0000000000
69544  -38.213  27.586  11.888 0.0000000000
61387  -45.555  17.775  6.374 0.0000000000
60623  -45.886  17.579  7.077 0.0000000000
60641  -45.684  17.044  6.191 0.0000000000
60642  -46.427  16.483  5.795 0.0000000000
60661  -45.708  16.769  5.088 0.0000000000
62156  -46.012  17.542  1.463 0.0000000000
62991  -44.612  19.608  3.141 0.0000000000
63008  -44.515  19.629  2.380 0.0000000000
62168  -45.776  18.292  0.416 0.0000000000
63970  -43.966  19.836  -0.661 0.0000000000
63051  -45.386  19.085  -0.942 0.0000000000
63059  -44.888  19.503  -1.284 0.0000000000
63067  -45.217  19.329  -1.815 0.0000000000
63980  -44.543  19.829  -2.040 0.0000000000
69581  -41.078  27.207  7.199 0.0000000000
70246  -42.521  27.912  7.542 0.0000000000
71698  -47.526  31.002  9.845 0.0000000000
70914  -48.077  30.112  8.536 0.0000000000
70922  -47.592  29.530  8.048 0.0000000000
70926  -51.158  29.369  7.723 0.0000000000
70254  -50.525  28.589  7.128 0.0000000000
70253  -49.704  28.606  7.164 0.0000000000
98939  -48.963  26.081  3.794 0.0000000000
98936  -48.784  26.088  3.584 0.0000000000
98941  -48.704  25.462  4.198 0.0000000000
66683  -49.437  23.447  3.872 0.0000000000
66682  -49.257  23.524  3.422 0.0000000000
65769  -48.845  22.655  2.453 0.0000000000
65768  -47.830  23.044  2.399 0.0000000000
98943  -48.265  24.866  2.476 0.0000000000
98946  -48.003  24.317  2.446 0.0000000000
65778  -47.170  22.771  0.853 0.0000000000
64859  -45.555  22.101  0.440 0.0000000000
63981  -45.357  20.454  -2.712 0.0000000000
66691  -46.208  23.957  2.235 0.0000000000
65777  -44.937  22.701  1.225 0.0000000000
70991  -47.518  29.245  4.430 0.0000000000
70975  -47.311  28.925  4.340 0.0000000000
70290  -46.801  28.474  4.496 0.0000000000
70307  -45.406  28.059  3.904 0.0000000000
69640  -45.901  27.563  3.622 0.0000000000
69655  -44.398  27.288  2.777 0.0000000000
70286  -43.454  28.435  4.774 0.0000000000
70305  -43.960  28.448  4.111 0.0000000000
69621  -43.547  28.159  4.106 0.0000000000
68227  -43.416  25.707  2.655 0.0000000000
68209  -42.101  25.399  3.205 0.0000000000
66671  -42.519  23.937  3.918 0.0000000000
67503  -42.330  24.160  4.096 0.0000000000
68196  -41.158  25.332  4.128 0.0000000000
68207  -40.437  25.589  3.295 0.0000000000
68892  -40.281  26.478  2.983 0.0000000000
68924  -38.714  25.996  1.656 0.0000000000
68925  -39.160  25.971  1.766 0.0000000000
72551  -39.804  31.307  2.861 0.0000000000
71770  -39.582  30.706  2.411 0.0000000000
71006  -38.750  30.528  1.618 0.0000000000
75535  -44.357  35.178  5.202 0.0000000000
77991  -45.694  37.505  4.352 0.0000000000
99827  -46.100  37.967  3.500 0.0000000000
68796  -40.633  27.083  13.631 0.0000000000
68797  -41.732  27.277  13.635 0.0000000000
67360  -51.390  24.376  14.849 0.0000000000
67359  -50.372  23.974  14.595 0.0000000000
67357  -48.285  24.201  14.460 0.0000000000
63818  -40.008  20.074  11.757 0.0000000000
98914  -49.838  19.671  9.385 0.0000000000
98923  -49.390  19.368  8.854 0.0000000000
65711  -47.138  22.421  5.465 0.0000000000
98907  -46.844  21.925  5.512 0.0000000000
63895  -47.074  21.133  4.496 0.0000000000
63913  -47.721  22.020  4.249 0.0000000000
65731  -47.808  22.415  3.550 0.0000000000
71695  -45.305  30.489  10.649 0.0000000000
72504  -51.201  30.485  6.126 0.0000000000
99777  -50.349  29.826  4.836 0.0000000000
71762  -50.336  29.827  4.229 0.0000000000
70312  -49.838  28.187  4.474 0.0000000000
70291  -49.475  27.370  3.732 0.0000000000
69644  -49.078  27.917  3.158 0.0000000000
69643  -49.077  27.586  3.231 0.0000000000
68915  -47.970  26.842  2.749 0.0000000000
68197  -47.205  26.414  3.502 0.0000000000
70936  -42.172  29.622  5.485 0.0000000000
71725  -41.607  30.334  5.173 0.0000000000
70953  -40.753  29.574  4.534 0.0000000000
64745  -45.932  22.697  9.704 0.0000000000
65660  -46.008  22.310  10.294 0.0000000000
64744  -45.351  22.492  9.368 0.0000000000
67471  -43.025  24.677  6.613 0.0000000000
98916  -43.465  23.862  6.155 0.0000000000
98917  -43.916  23.892  5.505 0.0000000000
66672  -44.312  23.529  5.326 0.0000000000
72490  -45.950  31.444  9.716 0.0000000000
73245  -46.615  31.603  9.586 0.0000000000
73259  -47.025  32.465  8.698 0.0000000000
99793  -48.397  34.353  7.059 0.0000000000
99780  -49.097  34.211  7.184 0.0000000000
75495  -50.029  33.463  6.760 0.0000000000
99765  -49.348  31.893  6.489 0.0000000000
99764  -49.136  32.087  6.530 0.0000000000
71721  -48.619  31.950  6.523 0.0000000000
99798  -46.068  34.377  4.981 0.0000000000
99778  -45.740  34.222  4.404 0.0000000000
68822  -42.493  29.184  12.763 0.0000000000
68821  -42.092  29.191  12.419 0.0000000000
69550  -42.900  29.437  12.647 0.0000000000
70217  -43.249  29.485  12.080 0.0000000000
70878  -43.754  29.493  12.125 0.0000000000
72435  -45.298  31.808  13.791 0.0000000000
64759  -52.371  20.469  8.004 0.0000000000
66567  -51.659  23.289  12.712 0.0000000000
68111  -46.584  24.426  11.753 0.0000000000
68122  -45.721  24.186  10.804 0.0000000000
66607  -44.323  23.676  9.670 0.0000000000
65568  -45.874  21.531  14.771 0.0000000000
65569  -46.698  21.953  15.274 0.0000000000
65592  -47.316  22.785  14.920 0.0000000000
65658  -41.405  22.229  9.016 0.0000000000
59860  -47.494  15.591  5.082 0.0000000000
59859  -46.847  15.649  4.994 0.0000000000
63928  -45.043  20.507  2.533 0.0000000000
63940  -44.630  20.155  2.014 0.0000000000
63041  -44.515  19.376  0.476 0.0000000000
63961  -44.527  20.098  -0.124 0.0000000000
70235  -41.653  28.092  8.586 0.0000000000
70260  -45.053  28.244  6.718 0.0000000000
70915  -49.104  30.172  8.501 0.0000000000
69598  -49.316  26.906  6.308 0.0000000000
98947  -48.830  26.491  4.871 0.0000000000
98938  -48.898  26.450  4.112 0.0000000000
66681  -48.916  23.633  2.920 0.0000000000
66705  -47.525  23.942  2.006 0.0000000000
66690  -44.950  23.608  2.199 0.0000000000
70289  -46.408  28.505  4.507 0.0000000000
70288  -45.513  28.694  4.440 0.0000000000
68226  -42.383  25.848  2.658 0.0000000000
67512  -41.954  25.007  3.557 0.0000000000
69651  -38.675  26.655  2.840 0.0000000000
68906  -38.396  26.447  2.129 0.0000000000
68237  -38.196  25.748  1.907 0.0000000000
99807  -46.239  34.618  6.197 0.0000000000
75536  -45.368  34.847  5.481 0.0000000000
99808  -46.357  34.848  6.063 0.0000000000
99794  -48.007  35.187  6.452 0.0000000000
99791  -48.625  35.275  6.264 0.0000000000
99805  -49.097  35.184  6.271 0.0000000000
76399  -48.007  35.622  4.014 0.0000000000
99810  -47.045  35.398  3.993 0.0000000000
74746  -46.941  34.518  2.775 0.0000000000
74015  -46.421  33.823  1.418 0.0000000000
70203  -40.895  28.323  12.471 0.0000000000
69536  -41.734  28.452  12.865 0.0000000000
68798  -42.391  28.119  13.761 0.0000000000
66554  -51.332  23.657  13.576 0.0000000000
64615  -46.030  20.635  15.525 0.0000000000
64639  -45.377  20.847  14.896 0.0000000000
64655  -45.053  20.896  14.551 0.0000000000
64654  -44.523  20.940  14.448 0.0000000000
65591  -45.140  21.331  14.475 0.0000000000
64726  -39.698  21.372  9.167 0.0000000000
64725  -38.654  21.463  9.234 0.0000000000
64686  -38.594  21.021  10.956 0.0000000000
65641  -37.287  21.927  9.996 0.0000000000
62965  -44.825  20.330  5.227 0.0000000000
63911  -45.290  20.327  3.485 0.0000000000
63912  -45.946  20.833  3.571 0.0000000000
64832  -46.438  21.910  2.105 0.0000000000
70239  -45.818  28.770  8.284 0.0000000000
69574  -46.217  28.700  8.007 0.0000000000
69575  -46.480  28.817  7.735 0.0000000000
71691  -52.215  30.705  10.928 0.0000000000
71701  -51.479  30.914  10.034 0.0000000000
70905  -52.182  29.945  9.309 0.0000000000
70918  -52.002  29.533  8.373 0.0000000000
71722  -51.491  29.766  6.303 0.0000000000
69624  -49.427  27.057  3.206 0.0000000000
98940  -48.151  25.262  2.588 0.0000000000
67531  -47.697  25.061  2.295 0.0000000000
66692  -46.563  24.469  1.897 0.0000000000
67526  -46.341  24.692  2.203 0.0000000000
68230  -46.197  25.234  2.544 0.0000000000
68211  -45.126  26.416  3.108 0.0000000000
70954  -44.627  29.407  5.331 0.0000000000
70270  -44.250  29.220  5.404 0.0000000000
70269  -43.710  29.036  5.479 0.0000000000
70285  -42.481  28.361  4.786 0.0000000000
70303  -37.654  28.377  3.293 0.0000000000
63830  -46.963  20.534  10.525 0.0000000000
64731  -45.557  21.742  10.084 0.0000000000
98906  -45.664  21.771  5.552 0.0000000000
67505  -45.328  23.634  4.746 0.0000000000
72485  -50.588  31.557  10.642 0.0000000000
73230  -51.473  31.951  10.782 0.0000000000
73251  -52.105  31.441  10.411 0.0000000000
72495  -52.458  30.989  8.983 0.0000000000
71710  -51.510  31.042  7.805 0.0000000000
99776  -50.108  29.450  5.257 0.0000000000
71774  -48.542  29.538  4.035 0.0000000000
71788  -48.046  29.350  3.753 0.0000000000
71773  -48.168  29.489  4.249 0.0000000000
71772  -47.836  29.404  4.455 0.0000000000
71759  -47.667  29.428  4.988 0.0000000000
71743  -47.176  29.370  5.697 0.0000000000
71718  -45.358  29.630  6.342 0.0000000000
72503  -47.210  31.964  6.548 0.0000000000
72501  -46.639  31.141  6.587 0.0000000000
70931  -45.050  29.941  6.022 0.0000000000
73280  -41.022  31.747  5.345 0.0000000000
72512  -40.929  31.604  5.139 0.0000000000
69547  -40.558  28.514  11.564 0.0000000000
69557  -42.097  28.726  11.105 0.0000000000
71673  -46.639  30.519  12.036 0.0000000000
71659  -46.271  30.659  12.607 0.0000000000
71661  -47.149  30.743  12.181 0.0000000000
72453  -47.196  30.958  12.284 0.0000000000
72466  -45.018  31.420  11.374 0.0000000000
72480  -45.545  31.414  10.487 0.0000000000
73257  -44.906  31.735  9.505 0.0000000000
73242  -42.902  32.406  9.539 0.0000000000
64758  -50.856  19.719  8.578 0.0000000000
65672  -50.540  20.359  9.616 0.0000000000
64715  -49.433  20.412  10.829 0.0000000000
64717  -51.668  21.396  10.481 0.0000000000
65645  -51.853  21.608  11.128 0.0000000000
64716  -50.797  21.163  10.762 0.0000000000
65644  -46.811  22.436  10.908 0.0000000000
64691  -47.344  22.296  11.365 0.0000000000
65662  -46.457  22.779  10.167 0.0000000000
66564  -48.326  23.391  12.440 0.0000000000
68112  -46.784  24.354  10.620 0.0000000000
67445  -42.811  23.449  7.922 0.0000000000
67444  -42.013  24.166  8.043 0.0000000000
67443  -40.985  24.190  7.565 0.0000000000
65573  -50.831  22.748  15.505 0.0000000000
62912  -48.787  19.674  12.179 0.0000000000
62906  -49.131  19.638  13.072 0.0000000000
63797  -49.470  20.277  13.701 0.0000000000
64643  -50.444  21.945  15.962 0.0000000000
66549  -46.985  23.573  13.792 0.0000000000
67373  -45.987  23.583  12.644 0.0000000000
66576  -44.684  23.041  10.950 0.0000000000
66546  -44.099  22.283  12.469 0.0000000000
67371  -44.059  22.793  12.157 0.0000000000
66560  -43.890  22.584  11.815 0.0000000000
67389  -44.019  23.192  11.977 0.0000000000
66575  -44.274  22.534  11.127 0.0000000000
68846  -39.152  26.740  8.593 0.0000000000
69545  -38.953  27.804  11.655 0.0000000000
69534  -39.912  27.506  12.452 0.0000000000
69532  -38.282  27.376  12.484 0.0000000000
68809  -39.587  26.833  12.813 0.0000000000
60692  -48.102  15.465  2.852 0.0000000000
60691  -47.698  15.727  2.324 0.0000000000
59838  -46.658  16.025  5.219 0.0000000000
62126  -44.894  18.940  3.333 0.0000000000
62187  -46.470  18.016  -1.011 0.0000000000
62176  -45.270  18.899  -0.592 0.0000000000
69584  -43.632  27.626  6.861 0.0000000000
98933  -48.677  24.741  4.941 0.0000000000
71706  -47.789  30.622  9.173 0.0000000000
70250  -46.938  29.259  7.738 0.0000000000
71709  -50.761  30.275  9.365 0.0000000000
70916  -50.184  29.994  8.624 0.0000000000
70924  -49.407  29.413  7.853 0.0000000000
68167  -47.627  26.475  5.406 0.0000000000
65733  -49.388  23.185  4.207 0.0000000000
64834  -49.262  22.701  3.651 0.0000000000
65751  -48.498  22.503  3.346 0.0000000000
66695  -49.367  23.202  2.529 0.0000000000
66693  -47.889  23.626  2.391 0.0000000000
66702  -45.347  23.150  1.316 0.0000000000
70322  -47.653  28.434  4.277 0.0000000000
69642  -47.455  27.986  4.445 0.0000000000
69623  -46.543  28.046  4.470 0.0000000000
67502  -41.799  24.568  4.117 0.0000000000
74030  -45.057  33.622  0.847 0.0000000000
73296  -41.295  32.471  4.926 0.0000000000
73295  -40.590  31.974  5.096 0.0000000000
72544  -40.270  31.871  3.119 0.0000000000
71757  -38.598  30.195  3.353 0.0000000000
71784  -39.331  30.535  1.917 0.0000000000
71769  -38.929  30.467  2.514 0.0000000000
70973  -38.094  29.391  3.375 0.0000000000
70989  -37.440  29.232  2.749 0.0000000000
62976  -44.929  20.225  4.747 0.0000000000
63049  -44.276  19.597  -0.686 0.0000000000
63058  -44.184  19.555  -1.014 0.0000000000
63819  -40.640  20.080  11.969 0.0000000000
63877  -45.519  20.478  4.976 0.0000000000
63892  -44.969  20.400  4.917 0.0000000000
63896  -47.488  21.687  4.257 0.0000000000
63910  -44.711  20.054  3.202 0.0000000000
63914  -47.939  22.190  4.303 0.0000000000
63960  -44.293  19.729  -0.475 0.0000000000
64712  -46.819  21.738  11.141 0.0000000000
64732  -46.082  21.932  10.549 0.0000000000
64797  -47.549  22.108  3.923 0.0000000000
64798  -48.459  22.377  4.991 0.0000000000
64815  -48.130  22.452  4.056 0.0000000000
64833  -48.946  22.520  3.688 0.0000000000
65643  -46.526  22.030  11.022 0.0000000000
65654  -37.085  22.566  9.907 0.0000000000
65663  -50.313  20.371  9.770 0.0000000000
65695  -49.349  23.600  4.480 0.0000000000
65714  -48.698  23.018  4.746 0.0000000000
65715  -49.155  23.171  4.488 0.0000000000
65730  -47.421  22.238  3.551 0.0000000000
65732  -49.151  22.906  4.352 0.0000000000
65752  -48.837  22.514  3.472 0.0000000000
65753  -49.415  22.889  3.954 0.0000000000
65754  -49.465  23.126  4.008 0.0000000000
65770  -49.222  22.690  3.113 0.0000000000
65771  -49.437  22.926  3.472 0.0000000000
65772  -49.488  23.044  3.766 0.0000000000
66520  -52.098  23.777  15.384 0.0000000000
66578  -48.189  23.149  11.771 0.0000000000
66609  -46.623  23.079  10.175 0.0000000000
66610  -52.877  23.214  9.843 0.0000000000
66697  -49.417  23.191  3.507 0.0000000000
67336  -45.231  22.194  13.977 0.0000000000
67337  -45.423  22.179  14.098 0.0000000000
67338  -48.482  24.036  14.924 0.0000000000
67354  -45.433  22.292  13.879 0.0000000000
67355  -45.605  22.343  14.048 0.0000000000
67356  -47.711  24.065  14.214 0.0000000000
67394  -48.133  23.610  13.113 0.0000000000
67406  -45.597  23.833  11.853 0.0000000000
67409  -47.418  24.244  11.131 0.0000000000
67410  -47.586  24.103  10.990 0.0000000000
67412  -53.554  23.659  11.370 0.0000000000
67419  -45.341  23.833  10.643 0.0000000000
67420  -47.365  23.979  10.657 0.0000000000
67421  -47.774  23.965  10.757 0.0000000000
67504  -44.841  23.551  4.970 0.0000000000
68088  -45.862  23.755  12.374 0.0000000000
68089  -46.097  23.901  12.457 0.0000000000
68113  -47.350  24.116  10.705 0.0000000000
68124  -47.592  23.774  10.429 0.0000000000
68125  -47.520  23.951  10.645 0.0000000000
68239  -39.164  25.791  1.909 0.0000000000
68810  -40.190  26.952  12.971 0.0000000000
68831  -47.787  24.215  9.951 0.0000000000
68832  -47.931  23.919  10.049 0.0000000000
68833  -47.250  24.149  10.435 0.0000000000
69661  -48.952  28.138  3.321 0.0000000000
70196  -41.484  28.249  12.812 0.0000000000
70204  -41.241  28.611  12.551 0.0000000000
70215  -40.601  28.561  12.187 0.0000000000
70292  -49.553  27.541  4.059 0.0000000000
70308  -46.768  28.206  4.483 0.0000000000
70309  -47.124  28.370  4.463 0.0000000000
70311  -49.431  27.842  3.786 0.0000000000
70324  -48.911  28.163  3.508 0.0000000000
70325  -49.406  28.283  3.795 0.0000000000
70335  -48.016  28.497  3.952 0.0000000000
70336  -48.440  28.323  3.746 0.0000000000
70337  -49.105  28.907  3.275 0.0000000000
70904  -51.819  30.267  9.631 0.0000000000
70906  -52.450  30.002  8.692 0.0000000000
70932  -45.199  29.678  6.039 0.0000000000
70957  -46.830  28.848  4.527 0.0000000000
70958  -49.453  30.465  5.887 0.0000000000
70960  -49.937  28.552  4.948 0.0000000000
70977  -49.676  28.975  4.877 0.0000000000
70993  -49.456  28.810  3.799 0.0000000000
70994  -49.637  29.047  4.215 0.0000000000
71007  -39.414  30.630  1.409 0.0000000000
71008  -48.098  28.910  3.541 0.0000000000
71011  -50.283  29.609  3.630 0.0000000000
71023  -49.033  29.002  3.075 0.0000000000
71024  -49.013  29.215  3.447 0.0000000000
71660  -46.965  30.743  12.336 0.0000000000
71675  -52.094  31.131  11.337 0.0000000000
71676  -52.248  30.953  11.285 0.0000000000
71677  -52.388  30.957  11.073 0.0000000000
71690  -51.832  30.912  11.371 0.0000000000
71692  -52.374  30.857  10.463 0.0000000000
71702  -52.115  30.588  10.008 0.0000000000
71711  -52.215  30.521  8.309 0.0000000000
71717  -45.184  29.855  6.214 0.0000000000
71719  -47.526  30.405  6.706 0.0000000000
71745  -49.093  30.174  5.610 0.0000000000
71771  -40.199  30.847  2.177 0.0000000000
71775  -49.071  29.583  4.085 0.0000000000
71777  -50.500  30.032  3.984 0.0000000000
71789  -48.639  29.331  3.661 0.0000000000
71790  -49.177  29.420  3.681 0.0000000000
71791  -49.748  29.549  3.768 0.0000000000
71803  -48.887  29.108  3.409 0.0000000000
71804  -48.854  28.929  2.976 0.0000000000
72445  -47.031  30.945  12.456 0.0000000000
72454  -51.896  31.442  11.167 0.0000000000
72455  -52.182  31.253  11.167 0.0000000000
72456  -52.318  31.114  11.140 0.0000000000
72465  -44.363  31.432  11.469 0.0000000000
72469  -51.898  31.513  10.585 0.0000000000
72470  -52.192  31.364  10.983 0.0000000000
72471  -52.350  31.197  10.829 0.0000000000
72487  -52.267  31.307  9.744 0.0000000000
72491  -46.385  31.523  9.614 0.0000000000
72529  -41.316  30.807  4.789 0.0000000000
72554  -48.842  29.588  4.055 0.0000000000
72555  -49.222  29.942  4.099 0.0000000000
72557  -50.383  30.050  4.311 0.0000000000
72567  -49.015  29.702  4.066 0.0000000000
72568  -49.449  29.983  3.992 0.0000000000
73218  -51.855  31.601  10.972 0.0000000000
73219  -52.075  31.472  11.000 0.0000000000
73231  -51.974  31.515  10.756 0.0000000000
73232  -52.189  31.365  10.750 0.0000000000
73250  -51.539  31.851  9.732 0.0000000000
73996  -46.558  34.419  2.015 0.0000000000
73997  -46.880  34.404  1.783 0.0000000000
74013  -44.616  33.544  1.829 0.0000000000
74014  -45.424  33.644  1.560 0.0000000000
74016  -47.391  33.875  1.052 0.0000000000
74031  -46.031  33.509  0.584 0.0000000000
74032  -47.029  33.496  0.321 0.0000000000
74044  -45.737  33.667  0.133 0.0000000000
74045  -46.585  33.633  -0.234 0.0000000000
74709  -43.993  34.418  5.242 0.0000000000
74744  -45.500  33.910  2.429 0.0000000000
74745  -46.002  34.416  2.344 0.0000000000
74763  -45.352  33.718  2.121 0.0000000000
74764  -45.610  33.999  1.927 0.0000000000
75556  -47.911  36.259  3.201 0.0000000000
76411  -48.048  36.481  3.023 0.0000000000
76412  -48.227  36.448  3.306 0.0000000000
98900  -46.646  21.674  5.541 0.0000000000
98915  -45.949  23.092  9.469 0.0000000000
98922  -45.252  23.252  5.203 0.0000000000
98926  -48.766  23.765  5.319 0.0000000000
98929  -46.133  23.186  9.600 0.0000000000
98934  -48.452  26.404  4.130 0.0000000000
98935  -46.870  24.016  10.349 0.0000000000
99768  -49.287  32.334  6.698 0.0000000000
99771  -48.711  32.526  6.907 0.0000000000
99782  -49.439  34.520  6.865 0.0000000000
99790  -49.147  34.722  6.440 0.0000000000
99792  -48.882  34.881  6.330 0.0000000000
99795  -49.515  34.750  6.729 0.0000000000
99796  -49.607  34.907  6.748 0.0000000000
99800  -44.900  34.052  5.266 0.0000000000
99802  -49.347  34.766  6.548 0.0000000000
99804  -47.450  35.552  5.985 0.0000000000
99811  -46.073  34.772  5.781 0.0000000000
99812  -49.910  35.207  6.647 0.0000000000
99817  -46.194  34.450  3.065 0.0000000000
