#!ascii label  , from subject output2 vox2ras=TkReg
1134
37323  -51.306  -8.213  31.206 0.0000000000
33534  -34.835  -12.547  39.925 0.0000000000
39400  -50.854  -5.499  25.459 0.0000000000
95530  -44.390  -10.536  25.971 0.0000000000
43124  -48.528  -1.837  28.251 0.0000000000
36337  -41.070  -9.089  34.637 0.0000000000
96474  -43.173  -15.855  38.805 0.0000000000
31922  -41.767  -13.114  30.366 0.0000000000
31757  -32.355  -13.424  44.643 0.0000000000
98149  -57.483  0.550  25.178 0.0000000000
28595  -35.659  -18.266  38.795 0.0000000000
35544  -48.224  -9.254  28.879 0.0000000000
38312  -46.530  -6.216  29.005 0.0000000000
40316  -49.591  -5.118  30.477 0.0000000000
35465  -47.807  -10.272  33.763 0.0000000000
36427  -38.801  -8.847  29.079 0.0000000000
34601  -45.811  -10.033  28.914 0.0000000000
33694  -42.781  -9.763  27.242 0.0000000000
46243  -57.762  0.142  21.890 0.0000000000
32590  -32.948  -13.538  42.743 0.0000000000
28544  -31.416  -18.371  41.491 0.0000000000
29336  -33.536  -17.423  40.717 0.0000000000
43185  -49.013  -2.585  25.520 0.0000000000
35382  -37.784  -10.469  36.967 0.0000000000
31096  -35.938  -15.776  36.181 0.0000000000
96490  -37.341  -13.871  32.871 0.0000000000
32705  -42.970  -14.761  34.128 0.0000000000
35281  -30.998  -11.139  43.566 0.0000000000
48198  -50.303  2.343  27.008 0.0000000000
45139  -53.596  -0.288  26.171 0.0000000000
50071  -57.403  4.099  26.853 0.0000000000
42203  -54.779  -3.508  27.047 0.0000000000
42244  -55.540  -1.933  23.360 0.0000000000
31048  -29.556  -15.450  40.598 0.0000000000
96433  -40.071  -17.433  40.736 0.0000000000
37321  -49.750  -8.774  30.371 0.0000000000
38300  -49.209  -7.093  30.449 0.0000000000
39321  -50.907  -6.712  30.549 0.0000000000
36376  -48.999  -9.501  32.653 0.0000000000
35510  -46.363  -10.108  30.632 0.0000000000
36411  -48.207  -9.501  30.456 0.0000000000
34621  -47.011  -10.457  28.590 0.0000000000
38379  -49.324  -5.927  23.991 0.0000000000
40415  -50.630  -4.897  24.187 0.0000000000
32620  -34.278  -13.203  41.678 0.0000000000
31809  -31.538  -15.107  40.764 0.0000000000
31824  -32.340  -14.711  38.743 0.0000000000
95531  -42.643  -9.964  25.157 0.0000000000
41240  -47.477  -4.689  28.892 0.0000000000
97293  -45.514  -6.116  27.950 0.0000000000
42157  -46.648  -4.092  28.055 0.0000000000
97298  -47.405  -4.164  26.360 0.0000000000
44146  -48.392  -1.558  26.441 0.0000000000
35424  -39.078  -10.886  35.384 0.0000000000
34556  -37.386  -11.448  34.485 0.0000000000
35462  -37.900  -10.720  33.272 0.0000000000
33638  -40.821  -11.873  28.999 0.0000000000
32748  -40.795  -13.866  31.825 0.0000000000
33607  -43.045  -13.528  32.142 0.0000000000
33714  -43.658  -11.039  26.355 0.0000000000
47198  -51.340  1.465  26.396 0.0000000000
46138  -56.118  0.469  27.412 0.0000000000
44151  -56.511  -1.161  26.573 0.0000000000
42220  -55.373  -2.144  25.580 0.0000000000
44187  -57.250  -2.183  24.854 0.0000000000
43235  -57.936  -2.913  21.503 0.0000000000
33463  -31.349  -12.287  43.818 0.0000000000
32617  -30.113  -13.793  41.725 0.0000000000
31036  -29.999  -15.667  42.686 0.0000000000
28571  -33.327  -18.432  39.884 0.0000000000
28577  -31.645  -18.404  39.088 0.0000000000
29371  -34.038  -17.705  37.467 0.0000000000
31069  -39.340  -15.508  38.253 0.0000000000
96441  -39.265  -17.082  40.526 0.0000000000
29346  -41.987  -16.313  40.231 0.0000000000
95528  -47.362  -9.372  27.829 0.0000000000
37352  -46.237  -8.574  28.257 0.0000000000
38327  -47.824  -8.246  29.138 0.0000000000
39337  -48.038  -6.235  29.690 0.0000000000
42139  -48.311  -3.017  29.883 0.0000000000
96124  -45.257  -8.524  32.974 0.0000000000
37285  -39.194  -8.500  32.145 0.0000000000
37320  -44.603  -8.602  30.810 0.0000000000
36447  -43.055  -8.881  28.623 0.0000000000
35558  -43.054  -9.531  28.258 0.0000000000
96092  -41.315  -10.361  28.210 0.0000000000
33660  -44.556  -10.372  28.091 0.0000000000
33677  -45.548  -10.485  27.406 0.0000000000
46220  -57.451  -0.150  23.658 0.0000000000
47298  -57.971  1.955  21.196 0.0000000000
31771  -32.327  -13.631  44.403 0.0000000000
29296  -30.969  -16.836  43.512 0.0000000000
30213  -31.483  -16.519  42.686 0.0000000000
28529  -33.365  -18.425  42.233 0.0000000000
28546  -35.387  -18.915  41.425 0.0000000000
38338  -45.064  -7.821  27.521 0.0000000000
97297  -47.599  -4.635  25.439 0.0000000000
40384  -50.172  -4.856  26.360 0.0000000000
34504  -36.387  -11.506  38.132 0.0000000000
32668  -33.263  -13.866  36.953 0.0000000000
33582  -34.292  -11.942  34.659 0.0000000000
31873  -36.403  -14.973  34.973 0.0000000000
31100  -39.946  -16.499  35.644 0.0000000000
34579  -38.469  -12.141  31.474 0.0000000000
31116  -39.914  -15.452  33.561 0.0000000000
31103  -43.316  -15.917  36.367 0.0000000000
40294  -53.046  -5.651  31.569 0.0000000000
34466  -37.484  -11.581  40.158 0.0000000000
36294  -39.226  -9.321  37.054 0.0000000000
96109  -41.665  -9.269  35.677 0.0000000000
42098  -52.124  -3.566  31.511 0.0000000000
44090  -51.304  -1.565  30.656 0.0000000000
45080  -50.059  -0.834  29.254 0.0000000000
47150  -50.462  1.277  28.860 0.0000000000
45117  -49.167  -0.270  27.725 0.0000000000
45137  -50.132  -0.401  26.009 0.0000000000
44184  -51.325  -1.570  25.431 0.0000000000
42201  -52.291  -3.649  26.622 0.0000000000
48199  -55.197  2.265  27.490 0.0000000000
44148  -54.339  -2.024  27.454 0.0000000000
40387  -53.093  -4.483  26.123 0.0000000000
41321  -53.104  -3.403  24.834 0.0000000000
44207  -57.379  -2.123  23.266 0.0000000000
33481  -29.501  -12.028  41.954 0.0000000000
30253  -29.605  -16.362  37.531 0.0000000000
29334  -30.546  -17.743  40.713 0.0000000000
29351  -29.933  -17.315  37.949 0.0000000000
30247  -34.139  -16.531  38.420 0.0000000000
96422  -37.838  -17.597  42.851 0.0000000000
29353  -37.593  -17.236  38.636 0.0000000000
30257  -39.511  -16.619  36.912 0.0000000000
37322  -50.456  -8.517  30.700 0.0000000000
37342  -49.744  -8.326  30.348 0.0000000000
38302  -51.214  -7.607  30.732 0.0000000000
37307  -50.617  -8.742  31.502 0.0000000000
36398  -49.206  -9.472  31.288 0.0000000000
36399  -50.138  -9.274  30.916 0.0000000000
36412  -49.258  -9.286  30.148 0.0000000000
38354  -50.079  -6.106  25.257 0.0000000000
38366  -49.929  -6.070  24.695 0.0000000000
40414  -50.086  -5.244  23.831 0.0000000000
39410  -50.757  -5.465  24.853 0.0000000000
33516  -34.779  -12.608  41.087 0.0000000000
32634  -32.816  -13.517  40.341 0.0000000000
32649  -34.060  -13.298  39.169 0.0000000000
95578  -42.657  -10.110  25.575 0.0000000000
95524  -44.740  -9.874  26.368 0.0000000000
42138  -47.988  -3.478  29.106 0.0000000000
42158  -47.229  -3.887  28.482 0.0000000000
42178  -47.589  -2.691  27.084 0.0000000000
43144  -48.271  -1.802  27.586 0.0000000000
36320  -40.444  -9.493  35.103 0.0000000000
34558  -38.671  -11.044  34.734 0.0000000000
36335  -39.655  -9.600  33.908 0.0000000000
33639  -41.382  -12.771  29.793 0.0000000000
33622  -41.272  -12.744  30.655 0.0000000000
32750  -42.193  -13.561  31.148 0.0000000000
31912  -42.652  -14.105  31.368 0.0000000000
34668  -44.290  -10.972  25.872 0.0000000000
34667  -41.792  -10.234  25.994 0.0000000000
34678  -42.814  -10.491  25.924 0.0000000000
46160  -57.147  0.681  26.395 0.0000000000
45141  -57.371  -0.051  26.081 0.0000000000
44167  -56.754  -1.156  25.262 0.0000000000
98137  -57.368  -0.214  25.186 0.0000000000
32574  -32.126  -12.733  44.591 0.0000000000
32572  -31.161  -13.359  43.617 0.0000000000
31769  -31.128  -14.123  43.664 0.0000000000
28580  -35.034  -18.419  39.496 0.0000000000
28579  -33.811  -18.397  39.042 0.0000000000
29372  -35.025  -17.974  37.632 0.0000000000
29417  -35.121  -17.478  36.248 0.0000000000
29394  -35.414  -17.469  37.107 0.0000000000
31061  -41.357  -15.525  39.107 0.0000000000
31052  -40.986  -15.497  39.884 0.0000000000
96466  -43.005  -15.546  39.785 0.0000000000
36466  -47.870  -9.116  28.462 0.0000000000
37368  -47.702  -8.968  28.299 0.0000000000
37354  -48.286  -8.682  29.013 0.0000000000
39320  -49.709  -6.368  30.499 0.0000000000
39338  -48.744  -6.635  30.416 0.0000000000
40334  -48.752  -5.682  30.288 0.0000000000
41242  -48.601  -4.545  30.072 0.0000000000
41221  -49.297  -4.040  30.423 0.0000000000
36374  -46.532  -9.027  33.486 0.0000000000
96141  -44.148  -8.513  31.718 0.0000000000
36373  -46.612  -9.492  32.331 0.0000000000
34594  -45.976  -10.380  30.014 0.0000000000
36408  -45.479  -9.576  30.282 0.0000000000
36449  -45.103  -9.279  28.797 0.0000000000
36463  -43.209  -9.342  28.308 0.0000000000
35540  -45.031  -9.576  28.430 0.0000000000
34618  -44.057  -10.093  28.308 0.0000000000
34619  -45.240  -10.096  28.230 0.0000000000
34623  -47.708  -9.607  28.758 0.0000000000
95536  -46.600  -10.471  28.145 0.0000000000
95535  -46.784  -10.371  27.835 0.0000000000
95523  -45.855  -10.361  26.879 0.0000000000
31785  -32.560  -13.658  43.534 0.0000000000
31031  -31.572  -15.081  43.224 0.0000000000
31784  -32.170  -14.426  43.069 0.0000000000
29335  -32.803  -17.207  40.807 0.0000000000
30220  -31.729  -16.523  41.426 0.0000000000
29312  -33.730  -17.923  42.226 0.0000000000
27792  -34.562  -19.001  42.094 0.0000000000
29313  -34.806  -18.023  42.304 0.0000000000
38325  -45.817  -7.278  28.451 0.0000000000
40365  -45.075  -5.499  27.476 0.0000000000
39386  -44.406  -5.976  27.327 0.0000000000
40381  -44.363  -5.704  26.176 0.0000000000
43163  -48.651  -4.090  25.766 0.0000000000
97302  -49.614  -4.985  26.059 0.0000000000
42199  -49.941  -3.480  25.514 0.0000000000
34505  -37.200  -10.976  37.590 0.0000000000
34530  -35.469  -11.459  36.338 0.0000000000
34531  -36.331  -11.211  36.136 0.0000000000
33589  -36.749  -12.441  33.386 0.0000000000
32701  -36.317  -13.454  34.116 0.0000000000
32702  -36.778  -13.966  33.589 0.0000000000
31854  -37.850  -15.526  35.418 0.0000000000
32682  -38.118  -15.368  33.703 0.0000000000
37337  -39.629  -8.705  29.725 0.0000000000
36372  -38.272  -9.473  31.882 0.0000000000
35507  -39.195  -10.644  30.450 0.0000000000
32718  -42.323  -14.856  33.359 0.0000000000
33603  -39.955  -14.762  32.541 0.0000000000
31898  -41.530  -15.518  33.477 0.0000000000
31118  -41.121  -16.482  34.713 0.0000000000
33674  -42.712  -9.404  27.771 0.0000000000
35384  -40.325  -9.371  36.569 0.0000000000
38224  -47.693  -9.614  35.267 0.0000000000
41205  -52.789  -4.722  31.532 0.0000000000
44059  -51.884  -1.297  31.386 0.0000000000
46082  -51.111  -0.135  30.508 0.0000000000
44089  -50.573  -1.205  30.215 0.0000000000
46096  -50.703  0.079  29.842 0.0000000000
48182  -50.443  2.172  28.000 0.0000000000
47149  -49.955  1.152  28.313 0.0000000000
46134  -49.796  0.812  27.555 0.0000000000
45136  -49.355  -0.331  26.835 0.0000000000
47197  -50.625  1.436  26.726 0.0000000000
47199  -52.287  1.522  26.409 0.0000000000
46174  -51.980  0.012  25.498 0.0000000000
45160  -52.878  -0.800  25.540 0.0000000000
44163  -51.948  -1.898  26.331 0.0000000000
44164  -52.755  -1.889  26.404 0.0000000000
49155  -56.320  3.444  27.348 0.0000000000
43147  -55.734  -2.376  27.239 0.0000000000
44149  -55.112  -1.458  27.473 0.0000000000
43146  -54.775  -2.666  27.460 0.0000000000
42181  -54.280  -3.609  27.330 0.0000000000
41277  -54.338  -4.046  27.099 0.0000000000
41295  -53.719  -4.419  26.112 0.0000000000
41308  -54.204  -3.410  25.997 0.0000000000
42231  -54.545  -1.960  25.128 0.0000000000
42230  -53.478  -2.228  24.638 0.0000000000
43212  -53.877  -1.544  23.816 0.0000000000
46221  -58.081  0.703  22.259 0.0000000000
45195  -56.886  -1.416  22.935 0.0000000000
31800  -29.585  -14.586  41.101 0.0000000000
32616  -29.653  -13.630  41.267 0.0000000000
31808  -29.532  -14.471  39.991 0.0000000000
31065  -29.564  -15.243  38.191 0.0000000000
29309  -30.954  -17.312  42.710 0.0000000000
29325  -30.542  -17.441  41.820 0.0000000000
28543  -30.733  -18.247  41.325 0.0000000000
28591  -30.999  -18.344  38.487 0.0000000000
29433  -32.492  -17.032  34.273 0.0000000000
31870  -33.509  -15.434  35.338 0.0000000000
31077  -33.520  -15.693  37.374 0.0000000000
96455  -35.406  -16.339  37.413 0.0000000000
96444  -39.679  -17.226  41.157 0.0000000000
96439  -37.644  -17.469  41.682 0.0000000000
96424  -39.014  -17.990  42.175 0.0000000000
96420  -37.845  -18.451  41.660 0.0000000000
96430  -38.692  -17.666  40.326 0.0000000000
30256  -38.234  -16.629  37.081 0.0000000000
36434  -48.679  -9.019  29.326 0.0000000000
38315  -49.453  -8.050  30.007 0.0000000000
38301  -49.921  -7.578  30.485 0.0000000000
40317  -50.636  -5.648  30.675 0.0000000000
36375  -48.239  -10.268  32.962 0.0000000000
35503  -47.189  -10.415  31.903 0.0000000000
36396  -47.584  -10.287  31.584 0.0000000000
36410  -47.539  -9.928  30.909 0.0000000000
35525  -46.716  -10.438  29.842 0.0000000000
35541  -46.732  -10.462  29.294 0.0000000000
36450  -47.483  -10.015  29.670 0.0000000000
35528  -48.337  -9.348  29.415 0.0000000000
41319  -51.359  -4.256  24.105 0.0000000000
32604  -33.572  -13.461  42.276 0.0000000000
31803  -32.252  -14.315  41.751 0.0000000000
32618  -32.530  -13.862  41.103 0.0000000000
31817  -31.664  -14.782  39.943 0.0000000000
30237  -32.916  -16.461  39.329 0.0000000000
40332  -47.339  -5.325  29.055 0.0000000000
97296  -46.124  -6.311  28.540 0.0000000000
97301  -46.239  -5.380  27.998 0.0000000000
97304  -46.022  -4.555  26.975 0.0000000000
97294  -45.611  -4.398  26.703 0.0000000000
97303  -46.997  -3.773  26.978 0.0000000000
43162  -48.258  -2.544  26.335 0.0000000000
43184  -48.672  -2.209  25.765 0.0000000000
35401  -38.498  -10.184  36.283 0.0000000000
34545  -37.301  -11.189  35.325 0.0000000000
34547  -38.541  -11.295  35.116 0.0000000000
34557  -38.117  -11.324  34.490 0.0000000000
34572  -37.464  -11.840  32.908 0.0000000000
35538  -39.316  -10.848  28.317 0.0000000000
35523  -39.518  -11.925  30.105 0.0000000000
33637  -40.238  -12.515  30.511 0.0000000000
33604  -41.325  -13.361  31.325 0.0000000000
32719  -43.127  -14.128  33.512 0.0000000000
31901  -44.157  -15.158  33.632 0.0000000000
31900  -43.479  -14.622  32.832 0.0000000000
33695  -43.708  -10.473  26.884 0.0000000000
34652  -41.785  -9.380  26.724 0.0000000000
49150  -50.560  3.422  26.645 0.0000000000
48218  -50.752  2.351  26.384 0.0000000000
49171  -51.541  3.075  26.276 0.0000000000
48220  -52.436  2.382  26.386 0.0000000000
47200  -53.348  1.575  26.552 0.0000000000
49175  -57.444  2.825  26.502 0.0000000000
48201  -56.935  2.423  27.132 0.0000000000
47202  -56.880  0.996  26.580 0.0000000000
45120  -56.483  -0.383  27.023 0.0000000000
43148  -56.388  -1.874  27.088 0.0000000000
43188  -54.912  -2.589  26.601 0.0000000000
43189  -55.374  -2.345  26.309 0.0000000000
43190  -56.322  -2.324  25.536 0.0000000000
42232  -55.954  -2.343  24.561 0.0000000000
46244  -58.531  0.894  21.109 0.0000000000
45213  -57.140  -0.853  21.756 0.0000000000
44215  -58.443  -1.888  21.079 0.0000000000
34416  -31.072  -11.640  43.590 0.0000000000
33482  -30.283  -12.258  42.717 0.0000000000
32588  -30.691  -13.245  43.246 0.0000000000
31792  -30.263  -14.598  42.208 0.0000000000
31043  -29.574  -15.672  41.705 0.0000000000
28559  -32.939  -18.845  40.539 0.0000000000
28569  -31.445  -18.423  40.010 0.0000000000
28578  -32.654  -18.394  38.922 0.0000000000
28593  -33.092  -18.144  37.791 0.0000000000
29392  -33.274  -17.373  36.734 0.0000000000
29434  -33.588  -17.313  34.295 0.0000000000
29416  -34.107  -17.510  35.613 0.0000000000
31080  -37.731  -15.526  37.319 0.0000000000
96456  -36.752  -15.972  37.827 0.0000000000
96449  -38.479  -15.911  39.801 0.0000000000
30231  -40.238  -15.921  40.773 0.0000000000
96443  -40.957  -16.446  40.239 0.0000000000
36465  -46.207  -9.637  27.064 0.0000000000
37367  -46.770  -8.982  27.534 0.0000000000
38326  -47.258  -7.815  28.823 0.0000000000
38314  -48.518  -7.638  29.786 0.0000000000
39336  -47.188  -6.161  29.483 0.0000000000
40333  -48.180  -5.213  29.590 0.0000000000
41241  -47.732  -4.251  29.242 0.0000000000
43097  -48.126  -2.436  28.960 0.0000000000
37338  -42.393  -7.945  32.903 0.0000000000
96136  -39.975  -8.125  32.832 0.0000000000
37351  -42.000  -8.488  30.780 0.0000000000
36445  -41.109  -8.439  29.239 0.0000000000
36395  -46.130  -9.424  31.257 0.0000000000
36430  -44.401  -8.826  29.739 0.0000000000
96100  -41.350  -8.775  27.804 0.0000000000
96098  -41.973  -9.091  27.790 0.0000000000
35557  -41.889  -9.880  28.391 0.0000000000
32756  -41.432  -11.512  29.050 0.0000000000
34634  -42.992  -9.471  28.026 0.0000000000
33675  -43.799  -10.294  27.777 0.0000000000
34620  -46.231  -10.451  28.673 0.0000000000
33662  -45.591  -10.477  27.769 0.0000000000
33676  -44.787  -10.470  27.223 0.0000000000
33696  -44.177  -10.684  26.524 0.0000000000
34653  -44.643  -10.348  26.478 0.0000000000
98140  -57.498  0.070  24.887 0.0000000000
47277  -57.679  1.098  22.545 0.0000000000
47278  -58.194  1.307  21.632 0.0000000000
47318  -59.077  1.930  20.500 0.0000000000
31758  -32.619  -13.512  45.020 0.0000000000
31021  -30.968  -15.006  44.187 0.0000000000
31022  -31.416  -14.817  44.052 0.0000000000
29297  -31.293  -16.992  43.201 0.0000000000
29310  -31.565  -17.473  42.201 0.0000000000
31038  -31.517  -15.552  42.146 0.0000000000
29326  -31.829  -17.343  41.853 0.0000000000
27789  -32.668  -18.619  41.794 0.0000000000
27800  -33.542  -19.302  41.697 0.0000000000
28561  -34.975  -19.156  40.758 0.0000000000
28573  -35.260  -18.560  40.284 0.0000000000
37366  -44.600  -8.925  26.276 0.0000000000
38337  -45.315  -6.977  27.712 0.0000000000
41274  -49.476  -5.536  25.523 0.0000000000
39370  -50.726  -5.254  26.267 0.0000000000
34503  -35.223  -11.675  38.657 0.0000000000
33551  -33.722  -12.802  38.301 0.0000000000
34517  -34.447  -11.640  37.714 0.0000000000
33580  -33.780  -12.304  35.735 0.0000000000
32679  -34.262  -14.082  34.986 0.0000000000
34554  -35.813  -11.534  34.660 0.0000000000
32700  -35.522  -13.151  34.271 0.0000000000
31852  -36.494  -15.471  35.556 0.0000000000
31098  -37.862  -15.498  36.406 0.0000000000
31082  -39.735  -15.583  37.262 0.0000000000
96467  -42.091  -16.681  38.202 0.0000000000
36354  -39.225  -9.297  32.994 0.0000000000
36371  -37.752  -10.193  32.347 0.0000000000
33601  -37.341  -13.714  31.898 0.0000000000
34580  -39.267  -12.257  31.276 0.0000000000
33619  -38.589  -13.374  31.335 0.0000000000
32747  -38.142  -14.647  33.040 0.0000000000
31856  -39.157  -15.721  34.101 0.0000000000
31101  -41.795  -16.798  36.340 0.0000000000
38285  -51.833  -7.267  31.589 0.0000000000
39298  -52.298  -6.327  31.573 0.0000000000
34395  -32.134  -11.320  44.602 0.0000000000
32561  -33.472  -12.990  45.526 0.0000000000
31759  -33.596  -13.719  45.519 0.0000000000
31760  -34.184  -14.386  45.372 0.0000000000
33484  -35.214  -12.908  42.606 0.0000000000
33504  -35.498  -12.476  41.766 0.0000000000
33517  -35.702  -12.449  40.777 0.0000000000
33536  -36.426  -12.106  40.015 0.0000000000
34486  -36.401  -11.715  39.437 0.0000000000
34487  -37.540  -11.049  38.894 0.0000000000
35367  -37.996  -10.514  37.894 0.0000000000
35368  -38.651  -9.756  38.039 0.0000000000
36304  -38.521  -9.550  36.748 0.0000000000
35402  -39.492  -10.210  36.051 0.0000000000
35426  -40.597  -9.814  35.645 0.0000000000
36321  -40.769  -9.373  35.315 0.0000000000
96130  -46.086  -8.541  33.930 0.0000000000
96116  -46.753  -9.256  34.181 0.0000000000
37308  -51.294  -8.205  31.939 0.0000000000
40293  -52.171  -5.445  31.501 0.0000000000
40292  -51.179  -5.149  31.391 0.0000000000
42097  -51.166  -3.887  31.378 0.0000000000
44060  -52.900  -1.529  31.914 0.0000000000
43071  -51.403  -2.711  30.815 0.0000000000
42117  -50.805  -3.304  30.638 0.0000000000
43070  -50.217  -2.092  30.576 0.0000000000
43099  -49.435  -1.760  30.292 0.0000000000
44114  -49.806  -1.018  28.757 0.0000000000
46115  -50.538  0.244  29.049 0.0000000000
45101  -49.846  -0.389  28.596 0.0000000000
44134  -48.805  -0.862  28.550 0.0000000000
44147  -48.452  -1.017  27.265 0.0000000000
44161  -48.894  -0.796  25.787 0.0000000000
44182  -49.181  -1.755  25.510 0.0000000000
46155  -50.958  0.487  25.968 0.0000000000
45158  -50.704  -0.652  25.199 0.0000000000
43187  -50.666  -2.097  25.485 0.0000000000
42200  -51.014  -3.515  26.002 0.0000000000
41293  -51.357  -4.146  26.478 0.0000000000
39372  -51.966  -5.063  26.432 0.0000000000
48222  -54.457  2.622  26.934 0.0000000000
47175  -53.958  1.259  27.242 0.0000000000
47177  -55.668  1.405  27.612 0.0000000000
45118  -54.993  -0.328  27.482 0.0000000000
45140  -54.419  -0.620  26.903 0.0000000000
43145  -53.790  -2.830  27.323 0.0000000000
40370  -52.662  -4.504  26.519 0.0000000000
39402  -52.399  -5.077  26.006 0.0000000000
40401  -52.599  -4.636  25.626 0.0000000000
40417  -52.792  -4.309  24.862 0.0000000000
41320  -52.122  -3.691  24.400 0.0000000000
41322  -53.612  -2.847  25.542 0.0000000000
42229  -52.589  -2.719  24.459 0.0000000000
43210  -52.038  -2.542  23.595 0.0000000000
44199  -57.236  -1.665  24.025 0.0000000000
44200  -57.287  -2.205  24.115 0.0000000000
42245  -56.437  -2.435  23.416 0.0000000000
43234  -57.178  -2.365  22.183 0.0000000000
42246  -56.887  -2.458  23.002 0.0000000000
42254  -55.848  -1.464  22.596 0.0000000000
32601  -29.615  -13.111  41.755 0.0000000000
31029  -30.035  -16.032  43.433 0.0000000000
30219  -30.222  -16.630  41.929 0.0000000000
30236  -30.487  -16.965  39.971 0.0000000000
28576  -30.870  -18.302  39.356 0.0000000000
29352  -30.527  -17.646  38.743 0.0000000000
30244  -30.064  -16.542  38.905 0.0000000000
29368  -29.852  -17.205  36.864 0.0000000000
31835  -32.797  -14.700  37.647 0.0000000000
31066  -32.776  -15.733  38.420 0.0000000000
29344  -34.352  -17.472  40.246 0.0000000000
96452  -36.696  -16.862  39.453 0.0000000000
96438  -36.349  -17.460  40.641 0.0000000000
29329  -35.398  -17.694  42.093 0.0000000000
28532  -36.568  -18.335  42.116 0.0000000000
28562  -36.665  -18.420  40.563 0.0000000000
28596  -36.583  -17.892  39.118 0.0000000000
96465  -42.060  -16.876  39.606 0.0000000000
28574  -41.688  -17.232  39.149 0.0000000000
96437  -40.053  -16.811  39.369 0.0000000000
96448  -38.564  -16.685  38.634 0.0000000000
29395  -36.361  -17.436  37.183 0.0000000000
38355  -50.397  -5.776  25.271 0.0000000000
38367  -50.433  -5.882  25.058 0.0000000000
43123  -48.059  -2.442  27.863 0.0000000000
35447  -39.751  -9.951  34.415 0.0000000000
36336  -40.227  -9.404  34.354 0.0000000000
95551  -43.534  -10.825  25.750 0.0000000000
95566  -42.293  -10.139  25.605 0.0000000000
98141  -57.467  0.694  25.569 0.0000000000
98138  -57.492  0.056  25.415 0.0000000000
98139  -57.444  -0.080  25.613 0.0000000000
32559  -32.087  -13.238  44.540 0.0000000000
31770  -31.784  -13.904  44.360 0.0000000000
28594  -34.439  -18.351  38.269 0.0000000000
96471  -42.324  -15.555  38.954 0.0000000000
96462  -42.530  -15.491  39.660 0.0000000000
96473  -43.083  -15.526  39.388 0.0000000000
35559  -48.095  -9.138  28.636 0.0000000000
37355  -48.321  -8.918  28.796 0.0000000000
35485  -47.218  -9.704  32.902 0.0000000000
35484  -46.797  -9.834  32.414 0.0000000000
34602  -46.147  -10.416  29.630 0.0000000000
34593  -45.831  -10.245  29.563 0.0000000000
95525  -47.696  -9.369  28.425 0.0000000000
95526  -47.223  -9.973  27.713 0.0000000000
31786  -33.153  -13.326  43.811 0.0000000000
31794  -32.472  -14.068  42.584 0.0000000000
29328  -34.199  -17.614  41.865 0.0000000000
40382  -45.117  -5.162  26.781 0.0000000000
42216  -49.321  -3.218  25.506 0.0000000000
34520  -37.155  -10.750  36.921 0.0000000000
34519  -36.275  -11.313  36.995 0.0000000000
32715  -36.818  -13.401  33.027 0.0000000000
32714  -36.496  -13.158  33.566 0.0000000000
32703  -37.190  -13.934  33.291 0.0000000000
32681  -37.618  -15.407  34.437 0.0000000000
32691  -37.533  -14.642  33.510 0.0000000000
36406  -39.157  -9.411  30.265 0.0000000000
36405  -38.731  -10.267  29.928 0.0000000000
32717  -41.285  -14.714  33.125 0.0000000000
32704  -42.639  -14.993  34.221 0.0000000000
31886  -42.305  -15.617  34.195 0.0000000000
31888  -43.081  -15.233  34.450 0.0000000000
49138  -50.330  3.066  27.549 0.0000000000
47174  -50.128  1.357  27.621 0.0000000000
46154  -50.006  0.479  26.945 0.0000000000
46157  -53.143  0.701  26.345 0.0000000000
46175  -52.872  0.177  25.637 0.0000000000
44186  -52.962  -1.483  25.989 0.0000000000
51032  -57.037  4.845  25.607 0.0000000000
51000  -56.861  4.638  26.853 0.0000000000
50070  -56.724  4.339  27.255 0.0000000000
42182  -55.051  -3.145  27.323 0.0000000000
41296  -54.408  -4.060  26.650 0.0000000000
43203  -54.598  -1.497  24.099 0.0000000000
43213  -54.736  -1.474  23.376 0.0000000000
34415  -30.233  -11.457  43.253 0.0000000000
31056  -29.559  -15.440  39.469 0.0000000000
28527  -31.558  -18.081  42.126 0.0000000000
28526  -30.880  -18.173  42.083 0.0000000000
31114  -34.176  -15.796  35.571 0.0000000000
31094  -33.978  -15.823  36.345 0.0000000000
31079  -35.515  -15.695  37.041 0.0000000000
96440  -38.813  -17.485  41.919 0.0000000000
96428  -39.456  -17.919  41.142 0.0000000000
96427  -39.191  -18.333  41.608 0.0000000000
37341  -49.249  -8.573  29.730 0.0000000000
35504  -47.834  -10.419  32.242 0.0000000000
36397  -48.273  -10.022  31.756 0.0000000000
35526  -47.211  -10.304  30.256 0.0000000000
36432  -47.509  -9.962  30.126 0.0000000000
35513  -48.475  -9.451  29.928 0.0000000000
32619  -33.315  -13.444  41.282 0.0000000000
32647  -32.311  -13.946  39.562 0.0000000000
31058  -32.316  -15.649  39.578 0.0000000000
41258  -47.145  -4.512  28.538 0.0000000000
43143  -47.794  -1.809  27.063 0.0000000000
35423  -38.271  -10.824  35.534 0.0000000000
35446  -39.037  -10.327  34.176 0.0000000000
34567  -38.046  -11.231  33.876 0.0000000000
34566  -37.388  -11.554  33.555 0.0000000000
35461  -37.516  -11.338  33.127 0.0000000000
96096  -40.066  -10.727  29.036 0.0000000000
96094  -39.566  -11.381  29.540 0.0000000000
34591  -40.660  -12.507  30.097 0.0000000000
33606  -42.658  -13.508  31.993 0.0000000000
33605  -41.924  -13.522  31.626 0.0000000000
32736  -42.582  -13.900  32.549 0.0000000000
32737  -43.189  -13.636  32.654 0.0000000000
32720  -43.528  -14.412  33.253 0.0000000000
33713  -42.881  -10.536  26.402 0.0000000000
50065  -51.070  3.959  27.358 0.0000000000
49170  -50.957  2.854  26.177 0.0000000000
49152  -52.759  3.883  27.277 0.0000000000
49172  -52.590  3.223  26.530 0.0000000000
48221  -53.485  2.522  26.470 0.0000000000
98151  -57.429  1.393  25.558 0.0000000000
48239  -56.653  1.927  25.170 0.0000000000
48224  -57.579  2.269  26.139 0.0000000000
47179  -57.247  1.753  27.028 0.0000000000
43170  -56.420  -2.037  26.506 0.0000000000
43169  -55.752  -2.457  26.663 0.0000000000
43204  -56.627  -2.397  24.721 0.0000000000
45214  -58.334  -0.405  20.848 0.0000000000
33462  -30.786  -12.297  43.371 0.0000000000
32589  -31.133  -12.873  43.600 0.0000000000
31037  -30.562  -15.143  42.765 0.0000000000
31783  -30.618  -14.355  42.964 0.0000000000
31791  -29.589  -14.982  41.997 0.0000000000
28570  -32.352  -18.438  39.871 0.0000000000
28608  -32.583  -17.691  37.146 0.0000000000
28626  -34.919  -17.907  35.397 0.0000000000
31068  -38.347  -15.538  38.332 0.0000000000
96451  -39.183  -15.523  39.090 0.0000000000
96453  -41.604  -15.663  40.232 0.0000000000
96459  -41.651  -16.492  40.052 0.0000000000
37353  -47.453  -8.521  28.425 0.0000000000
37319  -44.024  -8.531  31.018 0.0000000000
37339  -43.384  -8.480  31.111 0.0000000000
36428  -42.593  -8.511  30.738 0.0000000000
37350  -41.368  -7.820  30.302 0.0000000000
36429  -43.251  -8.540  29.904 0.0000000000
36409  -46.031  -9.707  30.701 0.0000000000
36431  -45.056  -9.220  29.258 0.0000000000
36446  -41.949  -8.558  29.179 0.0000000000
36464  -43.649  -9.469  28.346 0.0000000000
34636  -46.094  -10.449  27.645 0.0000000000
34635  -45.479  -10.464  27.078 0.0000000000
47299  -58.554  2.003  20.983 0.0000000000
48307  -59.180  2.592  20.895 0.0000000000
31802  -31.603  -14.884  41.550 0.0000000000
31044  -31.530  -15.563  41.307 0.0000000000
29311  -32.661  -17.814  42.161 0.0000000000
28528  -32.468  -18.245  42.040 0.0000000000
27790  -33.023  -18.960  42.114 0.0000000000
27791  -33.855  -19.015  42.174 0.0000000000
27802  -34.948  -19.273  41.932 0.0000000000
27811  -34.778  -19.334  41.447 0.0000000000
97292  -45.919  -6.367  28.412 0.0000000000
39353  -45.688  -6.513  28.219 0.0000000000
38345  -44.420  -6.692  26.978 0.0000000000
41291  -46.507  -4.498  26.111 0.0000000000
97300  -48.395  -5.278  25.273 0.0000000000
40383  -50.068  -5.308  26.175 0.0000000000
34518  -35.346  -11.397  37.424 0.0000000000
34542  -34.660  -11.440  35.523 0.0000000000
34529  -34.605  -11.718  36.613 0.0000000000
32687  -34.139  -13.165  34.918 0.0000000000
34544  -36.463  -11.336  35.371 0.0000000000
34555  -36.577  -11.580  34.512 0.0000000000
33584  -36.032  -12.374  34.348 0.0000000000
32689  -35.923  -14.246  34.511 0.0000000000
31853  -37.107  -15.233  35.503 0.0000000000
31855  -38.498  -15.982  34.881 0.0000000000
31099  -38.815  -15.583  36.139 0.0000000000
31083  -41.191  -15.819  37.875 0.0000000000
35483  -37.772  -10.453  31.726 0.0000000000
35499  -37.921  -11.310  31.581 0.0000000000
35482  -37.521  -11.134  32.204 0.0000000000
34578  -37.695  -12.217  31.731 0.0000000000
33636  -39.971  -12.506  30.747 0.0000000000
34590  -39.623  -12.243  30.723 0.0000000000
33620  -39.971  -13.514  31.298 0.0000000000
33591  -40.019  -15.264  33.356 0.0000000000
96485  -39.276  -14.805  33.054 0.0000000000
96493  -38.738  -14.725  32.981 0.0000000000
32692  -38.973  -14.779  33.044 0.0000000000
31117  -40.218  -15.688  33.901 0.0000000000
31857  -42.386  -16.222  35.782 0.0000000000
31102  -42.826  -16.304  36.527 0.0000000000
31084  -43.437  -16.364  36.715 0.0000000000
35262  -31.643  -10.596  44.107 0.0000000000
31748  -33.913  -13.813  46.351 0.0000000000
32606  -35.056  -13.419  43.083 0.0000000000
34465  -36.753  -11.875  40.215 0.0000000000
36282  -39.739  -9.285  37.570 0.0000000000
36281  -39.068  -9.315  37.486 0.0000000000
36293  -38.705  -9.339  37.172 0.0000000000
36305  -38.966  -9.450  36.549 0.0000000000
36306  -39.669  -9.381  36.530 0.0000000000
35404  -40.980  -9.874  36.182 0.0000000000
35427  -41.031  -9.417  35.588 0.0000000000
38173  -42.957  -9.238  35.997 0.0000000000
36295  -45.884  -9.234  35.158 0.0000000000
35448  -47.718  -9.840  34.836 0.0000000000
35464  -47.232  -9.511  34.172 0.0000000000
41204  -51.779  -4.555  31.486 0.0000000000
41203  -51.059  -4.490  31.457 0.0000000000
42116  -49.675  -3.174  30.527 0.0000000000
44115  -50.015  -1.271  29.948 0.0000000000
43098  -49.057  -2.032  29.394 0.0000000000
48183  -50.516  2.145  28.794 0.0000000000
46133  -49.586  0.360  27.803 0.0000000000
46114  -50.052  0.498  28.475 0.0000000000
44162  -49.764  -0.787  25.651 0.0000000000
45159  -51.750  -0.753  25.385 0.0000000000
46173  -51.219  -0.175  25.429 0.0000000000
44183  -50.062  -1.321  25.472 0.0000000000
43164  -50.495  -2.807  25.495 0.0000000000
43165  -51.492  -2.601  25.956 0.0000000000
43166  -52.494  -2.629  26.485 0.0000000000
40386  -51.599  -4.526  26.497 0.0000000000
41294  -51.889  -4.018  26.498 0.0000000000
49154  -55.105  3.434  27.449 0.0000000000
47201  -54.124  1.836  26.716 0.0000000000
47176  -54.638  1.502  27.589 0.0000000000
44166  -54.400  -1.427  27.223 0.0000000000
44165  -53.628  -1.558  26.666 0.0000000000
41276  -53.624  -4.419  26.981 0.0000000000
42180  -53.222  -3.856  27.360 0.0000000000
39390  -52.453  -5.121  26.215 0.0000000000
40400  -51.901  -4.973  25.443 0.0000000000
41307  -53.564  -4.061  25.352 0.0000000000
42219  -54.653  -2.406  26.152 0.0000000000
41309  -54.310  -2.531  25.856 0.0000000000
42243  -53.388  -1.995  24.062 0.0000000000
42242  -53.038  -2.330  24.163 0.0000000000
43200  -52.329  -2.647  24.071 0.0000000000
98143  -57.443  -2.007  23.880 0.0000000000
43214  -56.666  -2.417  24.156 0.0000000000
43215  -57.043  -2.398  23.641 0.0000000000
44214  -57.479  -1.945  22.018 0.0000000000
42255  -57.147  -2.375  22.436 0.0000000000
41337  -56.071  -2.452  22.697 0.0000000000
32602  -30.186  -13.333  42.363 0.0000000000
32632  -29.287  -13.353  40.420 0.0000000000
32656  -29.262  -13.609  38.417 0.0000000000
31075  -29.742  -15.235  36.913 0.0000000000
30269  -29.214  -16.215  36.224 0.0000000000
30193  -30.698  -15.817  44.100 0.0000000000
30205  -30.518  -16.419  43.521 0.0000000000
30227  -30.296  -16.698  41.052 0.0000000000
29369  -30.938  -17.722  37.523 0.0000000000
30245  -30.521  -17.203  39.318 0.0000000000
28639  -34.324  -18.290  34.729 0.0000000000
33567  -33.442  -12.880  37.480 0.0000000000
32658  -33.182  -13.500  38.248 0.0000000000
31076  -32.757  -15.365  37.798 0.0000000000
31067  -33.382  -16.124  38.191 0.0000000000
30238  -33.841  -16.844  39.461 0.0000000000
30239  -35.148  -17.130  39.576 0.0000000000
96426  -37.964  -17.496  42.112 0.0000000000
96432  -37.105  -17.493  41.696 0.0000000000
29338  -35.960  -17.530  41.620 0.0000000000
29330  -36.809  -17.712  42.413 0.0000000000
29314  -35.792  -18.057  42.202 0.0000000000
96429  -36.949  -17.869  39.477 0.0000000000
96460  -39.902  -16.557  37.746 0.0000000000
96447  -40.435  -16.579  38.672 0.0000000000
96445  -39.196  -16.616  39.238 0.0000000000
30248  -38.947  -16.596  38.062 0.0000000000
30255  -37.811  -16.975  36.705 0.0000000000
96446  -37.916  -17.233  37.621 0.0000000000
29396  -37.378  -17.247  37.055 0.0000000000
28609  -36.693  -17.730  36.648 0.0000000000
36377  -50.034  -9.404  31.803 0.0000000000
36413  -49.982  -9.019  30.543 0.0000000000
38353  -49.469  -6.266  25.040 0.0000000000
38365  -48.995  -6.077  24.436 0.0000000000
39409  -50.051  -5.519  24.255 0.0000000000
32635  -33.998  -13.371  40.373 0.0000000000
32648  -32.955  -13.222  39.364 0.0000000000
32657  -32.388  -13.699  38.729 0.0000000000
35425  -40.013  -10.281  35.145 0.0000000000
35463  -38.619  -10.042  33.310 0.0000000000
34592  -40.968  -12.519  30.176 0.0000000000
33623  -41.888  -13.439  31.048 0.0000000000
33624  -42.637  -13.591  31.712 0.0000000000
32738  -43.303  -13.759  32.105 0.0000000000
32751  -42.479  -13.657  31.426 0.0000000000
95550  -44.068  -11.271  26.048 0.0000000000
33725  -43.368  -11.182  25.986 0.0000000000
98144  -57.454  1.098  25.879 0.0000000000
45142  -57.346  0.664  26.187 0.0000000000
32573  -31.548  -13.110  44.105 0.0000000000
31030  -30.541  -15.415  43.516 0.0000000000
28572  -34.370  -18.490  40.082 0.0000000000
29393  -34.473  -17.413  36.810 0.0000000000
29418  -35.710  -17.592  36.662 0.0000000000
31070  -40.267  -15.533  38.387 0.0000000000
31059  -39.853  -15.511  38.970 0.0000000000
31053  -41.942  -15.493  39.723 0.0000000000
96457  -42.400  -15.528  40.024 0.0000000000
37286  -46.187  -8.681  32.057 0.0000000000
37306  -45.799  -8.929  31.428 0.0000000000
35509  -45.733  -10.175  29.986 0.0000000000
36448  -44.275  -9.176  28.592 0.0000000000
35539  -43.998  -9.712  28.420 0.0000000000
34603  -47.649  -9.758  29.060 0.0000000000
34622  -47.387  -10.127  28.472 0.0000000000
31023  -32.089  -14.436  43.874 0.0000000000
31032  -32.126  -14.429  43.478 0.0000000000
30228  -32.112  -16.343  40.705 0.0000000000
30221  -32.413  -16.850  40.959 0.0000000000
29327  -32.809  -17.507  41.490 0.0000000000
28530  -34.293  -18.492  42.168 0.0000000000
28531  -35.311  -18.632  42.100 0.0000000000
40366  -45.373  -5.617  27.640 0.0000000000
41292  -50.383  -4.242  26.004 0.0000000000
34543  -35.589  -11.349  35.430 0.0000000000
34565  -36.782  -11.719  33.884 0.0000000000
33588  -36.434  -12.426  33.953 0.0000000000
32690  -36.801  -14.759  34.390 0.0000000000
32680  -37.197  -15.482  34.927 0.0000000000
96152  -39.873  -7.864  31.058 0.0000000000
37305  -39.189  -9.074  31.318 0.0000000000
36392  -38.684  -9.794  30.972 0.0000000000
35500  -38.772  -10.910  31.397 0.0000000000
32734  -40.719  -14.393  32.305 0.0000000000
32716  -40.586  -15.025  33.227 0.0000000000
31139  -40.814  -15.570  33.523 0.0000000000
31885  -41.578  -15.696  34.252 0.0000000000
31876  -42.519  -15.671  35.128 0.0000000000
34467  -38.501  -10.873  40.017 0.0000000000
35385  -40.932  -9.215  36.893 0.0000000000
42100  -53.479  -4.152  31.987 0.0000000000
42099  -53.256  -3.989  31.732 0.0000000000
43041  -52.951  -2.974  32.411 0.0000000000
45060  -51.463  -0.622  30.863 0.0000000000
45059  -50.870  -0.617  30.328 0.0000000000
45081  -50.452  -0.526  29.488 0.0000000000
47173  -49.566  0.982  27.996 0.0000000000
46153  -49.542  0.049  27.323 0.0000000000
46156  -52.086  0.687  26.148 0.0000000000
44185  -52.285  -1.403  25.818 0.0000000000
50069  -55.718  4.576  27.433 0.0000000000
45119  -55.707  -0.462  27.488 0.0000000000
43202  -54.123  -1.747  24.447 0.0000000000
31801  -29.871  -14.352  41.629 0.0000000000
31815  -29.531  -14.417  38.938 0.0000000000
28556  -30.730  -18.249  40.770 0.0000000000
28592  -31.833  -18.340  38.012 0.0000000000
29390  -30.778  -17.307  36.156 0.0000000000
29413  -30.617  -17.124  34.995 0.0000000000
29432  -31.378  -17.167  34.153 0.0000000000
29450  -33.163  -17.184  33.484 0.0000000000
32677  -33.265  -13.803  35.833 0.0000000000
31093  -33.383  -15.679  36.232 0.0000000000
30254  -34.591  -16.332  37.645 0.0000000000
96434  -39.598  -16.813  41.177 0.0000000000
96450  -37.843  -17.360  40.861 0.0000000000
96442  -38.945  -17.435  41.372 0.0000000000
29298  -38.505  -17.756  42.306 0.0000000000
96421  -38.477  -18.093  42.423 0.0000000000
28517  -37.775  -18.240  42.831 0.0000000000
96435  -38.808  -18.450  42.007 0.0000000000
96425  -38.682  -18.441  41.557 0.0000000000
30272  -39.290  -17.044  36.550 0.0000000000
36452  -48.453  -9.040  28.956 0.0000000000
41222  -50.440  -4.364  30.840 0.0000000000
35486  -47.725  -10.297  32.790 0.0000000000
35511  -47.117  -10.383  30.876 0.0000000000
35542  -47.102  -10.405  29.456 0.0000000000
35543  -47.458  -10.041  29.205 0.0000000000
35512  -48.243  -9.486  30.034 0.0000000000
35527  -47.933  -9.539  29.658 0.0000000000
34604  -47.907  -9.547  29.221 0.0000000000
32603  -32.767  -13.637  41.957 0.0000000000
31810  -31.953  -14.495  40.910 0.0000000000
32633  -32.307  -14.152  40.367 0.0000000000
31816  -31.610  -15.264  40.359 0.0000000000
31050  -32.181  -15.900  40.305 0.0000000000
30229  -32.728  -16.557  40.307 0.0000000000
30230  -33.380  -16.833  39.990 0.0000000000
35400  -37.630  -10.511  35.982 0.0000000000
35422  -37.814  -10.957  35.480 0.0000000000
34546  -37.976  -11.334  35.135 0.0000000000
33600  -37.077  -12.616  32.713 0.0000000000
35537  -38.405  -10.247  28.317 0.0000000000
35521  -38.807  -10.738  29.409 0.0000000000
34600  -38.820  -11.685  29.219 0.0000000000
33648  -39.705  -12.248  30.027 0.0000000000
34582  -41.038  -12.576  30.728 0.0000000000
32749  -40.925  -13.531  31.480 0.0000000000
32735  -41.509  -13.938  32.254 0.0000000000
32707  -44.345  -14.897  33.960 0.0000000000
32721  -43.880  -14.803  33.472 0.0000000000
31141  -43.669  -15.317  33.381 0.0000000000
34651  -39.878  -10.199  25.975 0.0000000000
48219  -51.490  2.309  26.313 0.0000000000
49151  -51.655  3.716  26.917 0.0000000000
49176  -57.739  3.115  26.454 0.0000000000
49156  -56.983  3.307  26.765 0.0000000000
47178  -56.662  1.389  27.130 0.0000000000
46159  -56.709  0.518  26.716 0.0000000000
44150  -56.144  -1.379  27.371 0.0000000000
42204  -55.368  -2.980  27.079 0.0000000000
43168  -55.184  -2.896  26.799 0.0000000000
28558  -32.157  -18.503  40.829 0.0000000000
28607  -32.211  -18.143  37.288 0.0000000000
29415  -32.852  -17.268  35.431 0.0000000000
28625  -34.365  -17.957  35.294 0.0000000000
31051  -39.905  -15.522  39.723 0.0000000000
96463  -40.575  -16.917  40.283 0.0000000000
38313  -47.094  -6.963  29.496 0.0000000000
37260  -40.601  -8.323  33.797 0.0000000000
37349  -40.377  -8.461  29.384 0.0000000000
37348  -39.560  -8.575  28.719 0.0000000000
35502  -46.589  -10.060  31.982 0.0000000000
36394  -45.506  -9.039  30.958 0.0000000000
36407  -45.034  -8.972  30.521 0.0000000000
37362  -39.728  -8.585  28.072 0.0000000000
35556  -39.215  -9.524  28.771 0.0000000000
96097  -40.627  -9.829  27.864 0.0000000000
33661  -45.062  -10.452  27.970 0.0000000000
47259  -57.455  0.936  24.084 0.0000000000
45237  -58.621  0.325  20.563 0.0000000000
46260  -59.273  1.016  20.310 0.0000000000
30194  -30.933  -15.526  44.202 0.0000000000
30206  -31.206  -16.196  43.913 0.0000000000
31793  -31.825  -14.659  42.404 0.0000000000
28545  -32.237  -18.326  41.570 0.0000000000
27799  -32.784  -18.972  41.465 0.0000000000
27809  -33.271  -19.351  41.076 0.0000000000
28560  -33.837  -19.007  40.601 0.0000000000
27801  -34.312  -19.292  41.792 0.0000000000
27810  -34.125  -19.349  41.234 0.0000000000
30249  -43.695  -16.825  38.369 0.0000000000
38324  -45.632  -6.951  28.165 0.0000000000
39369  -45.101  -6.164  27.635 0.0000000000
37365  -44.654  -7.918  27.162 0.0000000000
97295  -48.869  -5.703  25.297 0.0000000000
38352  -48.733  -6.010  24.991 0.0000000000
39399  -50.275  -5.716  25.490 0.0000000000
39387  -50.450  -5.497  25.865 0.0000000000
33553  -35.289  -12.301  39.289 0.0000000000
33552  -34.490  -12.545  38.790 0.0000000000
34502  -34.429  -11.883  38.366 0.0000000000
33568  -34.111  -12.348  37.944 0.0000000000
33575  -34.012  -12.360  36.978 0.0000000000
33574  -33.269  -12.938  36.435 0.0000000000
32686  -33.447  -13.174  35.366 0.0000000000
31851  -33.998  -14.391  35.137 0.0000000000
31115  -35.009  -15.706  35.484 0.0000000000
34532  -36.994  -10.592  36.039 0.0000000000
34553  -34.980  -11.316  34.718 0.0000000000
33583  -35.156  -12.008  34.147 0.0000000000
32699  -34.694  -12.821  34.272 0.0000000000
32688  -34.832  -14.022  34.424 0.0000000000
31872  -35.582  -14.978  35.203 0.0000000000
31097  -36.987  -15.270  36.541 0.0000000000
31081  -38.644  -15.523  37.311 0.0000000000
36355  -39.968  -8.962  33.540 0.0000000000
36353  -38.348  -9.935  32.727 0.0000000000
35481  -37.495  -11.405  32.767 0.0000000000
34573  -37.458  -12.164  32.353 0.0000000000
32733  -37.145  -13.418  32.600 0.0000000000
33618  -37.995  -12.908  31.494 0.0000000000
32746  -37.526  -14.299  32.751 0.0000000000
30273  -42.844  -16.755  37.388 0.0000000000
30258  -43.736  -16.593  37.413 0.0000000000
96105  -39.682  -10.161  27.969 0.0000000000
38286  -52.486  -6.661  31.773 0.0000000000
40295  -53.356  -5.868  31.857 0.0000000000
35282  -31.320  -11.201  43.816 0.0000000000
34394  -31.516  -11.541  44.084 0.0000000000
33450  -31.819  -12.201  44.399 0.0000000000
32560  -32.607  -12.919  45.041 0.0000000000
31772  -33.515  -13.589  44.457 0.0000000000
32591  -33.608  -13.432  43.391 0.0000000000
32576  -34.802  -13.677  44.294 0.0000000000
32592  -34.597  -13.468  43.538 0.0000000000
32605  -34.458  -13.354  42.660 0.0000000000
33483  -34.650  -12.956  42.243 0.0000000000
33503  -34.784  -12.626  41.935 0.0000000000
33518  -36.553  -12.309  40.590 0.0000000000
33535  -35.923  -12.358  39.853 0.0000000000
34485  -35.712  -12.010  39.318 0.0000000000
35383  -38.355  -9.942  37.190 0.0000000000
35403  -40.273  -10.066  36.102 0.0000000000
96111  -46.920  -9.423  33.747 0.0000000000
36356  -48.625  -10.162  34.136 0.0000000000
39322  -51.567  -6.819  31.137 0.0000000000
40318  -51.523  -6.049  31.085 0.0000000000
43040  -52.062  -2.276  31.490 0.0000000000
42118  -51.371  -3.342  31.087 0.0000000000
43069  -49.228  -2.358  30.307 0.0000000000
45102  -50.379  -0.116  28.804 0.0000000000
44160  -48.637  -1.772  25.828 0.0000000000
45138  -50.740  -0.162  25.584 0.0000000000
45157  -50.163  -0.777  25.555 0.0000000000
43186  -49.865  -2.218  25.479 0.0000000000
40385  -50.991  -4.665  26.480 0.0000000000
40367  -50.970  -5.029  26.451 0.0000000000
39371  -51.416  -5.212  26.322 0.0000000000
39388  -51.238  -5.442  26.020 0.0000000000
46135  -53.662  0.831  27.021 0.0000000000
48200  -56.033  2.392  27.473 0.0000000000
46137  -55.244  0.486  27.753 0.0000000000
46136  -54.402  0.477  27.350 0.0000000000
46158  -53.945  0.268  26.669 0.0000000000
43167  -53.232  -2.470  26.657 0.0000000000
42202  -53.137  -3.187  26.740 0.0000000000
42179  -52.731  -4.037  27.214 0.0000000000
39373  -52.268  -4.789  26.383 0.0000000000
39389  -51.924  -5.331  26.180 0.0000000000
39401  -51.832  -5.297  25.740 0.0000000000
39411  -51.437  -5.231  25.318 0.0000000000
40416  -51.683  -4.652  24.913 0.0000000000
41335  -51.584  -3.796  23.979 0.0000000000
42218  -54.594  -3.130  26.656 0.0000000000
41323  -54.119  -2.643  25.733 0.0000000000
42228  -52.148  -2.994  24.068 0.0000000000
44188  -57.150  -2.308  24.556 0.0000000000
43205  -57.005  -2.405  24.361 0.0000000000
43222  -57.135  -2.375  22.946 0.0000000000
31832  -28.821  -14.092  36.990 0.0000000000
31823  -29.518  -14.233  38.147 0.0000000000
31833  -29.390  -14.271  37.419 0.0000000000
30212  -30.343  -16.724  42.618 0.0000000000
30204  -29.939  -16.336  43.084 0.0000000000
30211  -29.791  -16.290  42.375 0.0000000000
30218  -29.800  -16.312  41.664 0.0000000000
30226  -29.650  -16.130  41.057 0.0000000000
30235  -29.780  -16.273  40.174 0.0000000000
28557  -31.138  -18.436  40.785 0.0000000000
28568  -30.785  -18.264  40.220 0.0000000000
29342  -30.561  -17.763  39.714 0.0000000000
29389  -29.795  -17.037  35.663 0.0000000000
32659  -33.888  -13.093  38.671 0.0000000000
31825  -32.577  -14.110  38.300 0.0000000000
31834  -32.493  -15.161  38.074 0.0000000000
29343  -33.709  -17.266  40.024 0.0000000000
96454  -35.456  -16.819  38.262 0.0000000000
29345  -35.307  -17.490  40.716 0.0000000000
29337  -34.786  -17.543  41.330 0.0000000000
28547  -35.932  -18.461  41.558 0.0000000000
96417  -37.481  -18.433  41.988 0.0000000000
29373  -35.956  -17.334  38.181 0.0000000000
29355  -43.605  -17.403  38.785 0.0000000000
29354  -42.692  -17.641  39.363 0.0000000000
96458  -41.290  -16.573  39.923 0.0000000000
96464  -41.084  -16.598  39.545 0.0000000000
96436  -40.231  -17.247  39.889 0.0000000000
29374  -38.265  -17.153  37.810 0.0000000000
27808  -32.716  -19.106  40.980 0.0000000000
30246  -33.327  -16.416  38.701 0.0000000000
30286  -39.715  -15.474  33.459 0.0000000000
30287  -39.919  -15.621  33.710 0.0000000000
30301  -40.113  -15.727  33.785 0.0000000000
31049  -31.687  -15.756  40.674 0.0000000000
31057  -31.829  -15.447  40.152 0.0000000000
31060  -40.555  -15.507  39.173 0.0000000000
31071  -40.865  -15.537  38.663 0.0000000000
31078  -34.646  -15.755  37.079 0.0000000000
31095  -34.881  -15.893  36.251 0.0000000000
31112  -33.237  -15.592  35.863 0.0000000000
31113  -33.514  -15.787  35.741 0.0000000000
31120  -43.055  -15.656  34.847 0.0000000000
31128  -41.050  -15.814  33.897 0.0000000000
31130  -42.948  -15.542  34.605 0.0000000000
31140  -41.134  -15.559  33.562 0.0000000000
31849  -33.188  -15.057  36.164 0.0000000000
31850  -33.514  -14.632  35.274 0.0000000000
31869  -33.277  -15.532  35.624 0.0000000000
31871  -34.380  -14.903  35.191 0.0000000000
31874  -39.378  -15.146  33.309 0.0000000000
31875  -41.823  -15.810  35.178 0.0000000000
31887  -42.816  -15.416  34.443 0.0000000000
31897  -41.086  -15.332  33.333 0.0000000000
31899  -41.987  -15.607  33.698 0.0000000000
32678  -33.802  -13.879  35.271 0.0000000000
32683  -38.755  -15.099  33.356 0.0000000000
32706  -43.628  -14.929  34.270 0.0000000000
33579  -33.193  -12.967  35.771 0.0000000000
33590  -39.569  -14.894  33.136 0.0000000000
33602  -38.930  -14.785  32.433 0.0000000000
33621  -40.840  -12.659  31.027 0.0000000000
33649  -40.057  -12.584  29.489 0.0000000000
34581  -40.902  -12.528  30.533 0.0000000000
34617  -38.901  -11.109  28.748 0.0000000000
35445  -38.278  -10.876  34.218 0.0000000000
35501  -39.441  -11.483  30.985 0.0000000000
35506  -38.995  -10.515  29.948 0.0000000000
35508  -39.490  -11.541  30.474 0.0000000000
35522  -39.364  -11.380  29.857 0.0000000000
35524  -45.568  -9.654  29.256 0.0000000000
35545  -48.302  -9.055  28.755 0.0000000000
35555  -38.449  -9.539  28.317 0.0000000000
35582  -42.218  -10.148  25.846 0.0000000000
36393  -45.173  -8.714  30.888 0.0000000000
36426  -38.577  -9.819  29.148 0.0000000000
36433  -47.711  -9.710  29.920 0.0000000000
36443  -38.438  -9.337  28.182 0.0000000000
36444  -38.938  -8.647  28.027 0.0000000000
36451  -47.623  -9.807  29.618 0.0000000000
36453  -48.254  -9.008  28.669 0.0000000000
36461  -38.747  -9.262  27.788 0.0000000000
36462  -39.599  -9.002  27.668 0.0000000000
37272  -39.424  -8.501  32.698 0.0000000000
37340  -43.951  -8.531  30.486 0.0000000000
37363  -40.079  -8.573  28.488 0.0000000000
37369  -48.142  -8.940  28.616 0.0000000000
40368  -51.520  -4.903  26.478 0.0000000000
40369  -52.110  -4.597  26.482 0.0000000000
41275  -52.693  -4.248  26.964 0.0000000000
41336  -55.849  -2.281  22.738 0.0000000000
41338  -56.672  -2.480  22.407 0.0000000000
41352  -55.863  -2.367  22.503 0.0000000000
42217  -49.733  -2.838  25.476 0.0000000000
43191  -56.927  -2.386  24.872 0.0000000000
43201  -52.542  -2.357  24.048 0.0000000000
44181  -48.857  -2.046  25.593 0.0000000000
47203  -57.286  1.311  26.369 0.0000000000
48202  -57.438  2.058  26.777 0.0000000000
48223  -57.268  2.565  26.652 0.0000000000
49157  -57.089  3.490  26.907 0.0000000000
49173  -53.663  3.354  26.741 0.0000000000
49174  -54.334  3.352  27.098 0.0000000000
49195  -58.180  3.825  26.068 0.0000000000
50072  -57.476  3.601  26.568 0.0000000000
50084  -57.442  4.198  26.513 0.0000000000
50085  -57.699  3.599  26.222 0.0000000000
50086  -58.170  3.263  26.170 0.0000000000
50087  -58.085  3.444  26.042 0.0000000000
51015  -57.193  4.715  26.434 0.0000000000
51016  -57.502  4.126  26.281 0.0000000000
96095  -39.239  -11.957  29.599 0.0000000000
96104  -40.641  -8.617  28.230 0.0000000000
96112  -46.745  -9.284  33.854 0.0000000000
96125  -45.289  -8.615  31.509 0.0000000000
96416  -38.307  -18.400  42.177 0.0000000000
96418  -38.734  -18.269  42.184 0.0000000000
96419  -38.514  -18.274  42.257 0.0000000000
96423  -39.213  -18.283  41.867 0.0000000000
96431  -38.996  -18.453  41.847 0.0000000000
96461  -42.740  -15.479  39.816 0.0000000000
96468  -41.855  -16.063  38.426 0.0000000000
96470  -42.847  -15.498  39.456 0.0000000000
96475  -42.879  -15.517  39.174 0.0000000000
96486  -39.204  -14.771  32.952 0.0000000000
96487  -39.899  -15.649  33.638 0.0000000000
96488  -37.810  -15.093  33.611 0.0000000000
96489  -40.139  -15.620  33.593 0.0000000000
96491  -38.879  -14.786  32.786 0.0000000000
96492  -37.900  -14.932  33.447 0.0000000000
96494  -39.963  -15.497  33.468 0.0000000000
