#!ascii label  , from subject output2 vox2ras=TkReg
623
36185  -26.923  -9.389  44.210 0.0000000000
96144  -49.339  -5.248  32.317 0.0000000000
97504  -50.510  2.798  31.706 0.0000000000
52861  -53.342  7.151  27.995 0.0000000000
41162  -42.885  -5.747  34.263 0.0000000000
97540  -50.219  4.769  29.620 0.0000000000
46219  -53.820  0.223  21.943 0.0000000000
49266  -56.888  2.508  20.098 0.0000000000
40275  -52.088  -5.576  32.791 0.0000000000
44039  -53.427  -1.616  32.760 0.0000000000
45000  -50.795  -0.885  33.259 0.0000000000
38074  -29.580  -6.932  46.481 0.0000000000
36142  -33.301  -8.189  48.010 0.0000000000
34368  -35.773  -12.177  46.583 0.0000000000
33468  -39.374  -12.749  43.615 0.0000000000
35339  -39.351  -9.780  40.861 0.0000000000
96123  -42.254  -9.101  37.403 0.0000000000
39212  -47.684  -8.474  35.534 0.0000000000
47132  -51.445  1.491  30.618 0.0000000000
50157  -57.057  3.660  19.485 0.0000000000
41183  -51.442  -4.960  34.240 0.0000000000
44002  -52.006  -2.655  35.615 0.0000000000
43021  -50.389  -2.837  32.509 0.0000000000
41074  -30.031  -6.032  45.827 0.0000000000
97139  -32.057  -7.357  47.218 0.0000000000
96128  -40.385  -8.096  39.563 0.0000000000
36271  -40.049  -9.393  38.831 0.0000000000
96114  -42.541  -7.714  37.427 0.0000000000
96134  -47.307  -6.621  32.923 0.0000000000
96138  -45.223  -7.330  35.650 0.0000000000
39255  -48.860  -6.708  34.456 0.0000000000
38238  -48.552  -7.845  34.288 0.0000000000
47099  -52.629  1.653  33.383 0.0000000000
46072  -53.007  0.493  32.039 0.0000000000
50938  -52.672  3.758  31.966 0.0000000000
52820  -51.433  6.478  29.619 0.0000000000
50061  -50.356  4.365  28.077 0.0000000000
50066  -51.687  4.788  27.340 0.0000000000
49173  -53.663  3.354  26.741 0.0000000000
47276  -56.801  1.278  23.129 0.0000000000
98148  -55.243  1.847  24.537 0.0000000000
39194  -42.150  -6.753  36.089 0.0000000000
50994  -50.487  6.055  27.076 0.0000000000
47315  -55.689  0.296  19.976 0.0000000000
47297  -57.351  1.673  21.585 0.0000000000
48307  -59.180  2.592  20.895 0.0000000000
38269  -51.684  -7.407  32.271 0.0000000000
42078  -53.583  -3.772  33.104 0.0000000000
44984  -52.653  -0.814  34.914 0.0000000000
36149  -28.521  -8.323  45.599 0.0000000000
34364  -33.263  -11.722  46.269 0.0000000000
35226  -34.469  -10.067  46.903 0.0000000000
32547  -33.769  -13.243  46.412 0.0000000000
31750  -34.846  -14.404  45.833 0.0000000000
32594  -36.231  -13.443  43.993 0.0000000000
33486  -37.250  -12.288  42.482 0.0000000000
33489  -40.839  -11.936  42.610 0.0000000000
35352  -38.167  -10.418  38.694 0.0000000000
39196  -44.173  -6.731  37.003 0.0000000000
39179  -43.857  -7.553  36.297 0.0000000000
36295  -45.884  -9.234  35.158 0.0000000000
36338  -48.339  -10.054  35.527 0.0000000000
37275  -49.425  -8.695  33.265 0.0000000000
97537  -51.536  3.021  29.903 0.0000000000
50114  -54.180  4.512  24.549 0.0000000000
51971  -55.031  6.277  27.163 0.0000000000
36148  -27.167  -8.557  45.901 0.0000000000
42077  -50.798  -4.055  33.539 0.0000000000
42088  -50.277  -4.590  32.233 0.0000000000
37229  -40.917  -7.873  37.311 0.0000000000
96139  -48.740  -5.946  33.014 0.0000000000
96131  -47.798  -6.032  33.840 0.0000000000
96147  -49.944  -5.950  33.362 0.0000000000
48131  -53.110  2.589  33.281 0.0000000000
97511  -51.161  4.372  32.498 0.0000000000
52843  -52.286  6.811  28.473 0.0000000000
51951  -51.871  6.396  28.531 0.0000000000
50996  -52.560  5.795  27.709 0.0000000000
49152  -52.759  3.883  27.277 0.0000000000
50997  -53.743  5.800  27.472 0.0000000000
47221  -57.216  1.325  24.650 0.0000000000
98151  -57.429  1.393  25.558 0.0000000000
98145  -57.458  0.941  25.597 0.0000000000
48303  -55.033  0.971  19.880 0.0000000000
49242  -55.765  1.676  20.164 0.0000000000
48277  -56.312  0.984  21.771 0.0000000000
48291  -56.651  1.881  21.285 0.0000000000
48305  -57.245  2.510  21.102 0.0000000000
49268  -58.449  3.480  20.431 0.0000000000
39280  -52.602  -6.462  32.273 0.0000000000
40276  -53.219  -5.678  32.226 0.0000000000
41185  -52.976  -4.349  33.576 0.0000000000
44022  -51.400  -1.684  33.713 0.0000000000
44011  -52.168  -1.669  35.220 0.0000000000
45001  -51.497  -0.364  33.916 0.0000000000
46045  -51.689  0.683  33.887 0.0000000000
46044  -50.921  0.409  33.272 0.0000000000
36150  -29.753  -8.290  45.264 0.0000000000
38103  -30.405  -7.701  45.708 0.0000000000
97149  -32.664  -8.160  47.936 0.0000000000
35227  -35.636  -10.240  46.423 0.0000000000
34367  -35.176  -11.654  46.975 0.0000000000
34353  -34.382  -12.213  47.363 0.0000000000
33415  -34.878  -12.469  47.082 0.0000000000
31749  -34.265  -14.191  46.211 0.0000000000
32550  -35.830  -13.155  46.342 0.0000000000
32595  -37.307  -13.442  44.159 0.0000000000
33485  -36.138  -12.498  42.571 0.0000000000
33467  -38.004  -12.897  43.483 0.0000000000
36244  -40.883  -9.857  41.650 0.0000000000
35306  -41.003  -10.584  42.351 0.0000000000
35321  -39.892  -10.385  41.915 0.0000000000
34453  -38.246  -11.374  41.065 0.0000000000
34468  -38.950  -10.217  40.772 0.0000000000
34467  -38.501  -10.873  40.017 0.0000000000
35338  -38.579  -10.011  40.291 0.0000000000
96117  -40.971  -9.035  37.356 0.0000000000
36282  -39.739  -9.285  37.570 0.0000000000
35385  -40.932  -9.215  36.893 0.0000000000
38161  -42.569  -9.821  36.877 0.0000000000
39195  -43.765  -6.227  36.458 0.0000000000
39199  -46.647  -7.585  35.688 0.0000000000
39180  -46.729  -8.346  34.782 0.0000000000
38225  -47.669  -9.262  35.375 0.0000000000
40274  -50.908  -5.919  33.513 0.0000000000
39278  -49.594  -7.588  33.583 0.0000000000
39279  -50.837  -6.681  32.919 0.0000000000
37289  -51.030  -8.089  32.412 0.0000000000
40103  -28.762  -6.264  46.438 0.0000000000
38086  -28.712  -7.181  46.287 0.0000000000
37126  -28.207  -7.831  46.319 0.0000000000
42089  -53.396  -3.617  32.299 0.0000000000
43041  -52.951  -2.974  32.411 0.0000000000
47121  -51.814  1.068  31.331 0.0000000000
97532  -50.527  4.137  29.523 0.0000000000
97533  -51.380  4.006  29.750 0.0000000000
97538  -50.381  4.155  29.293 0.0000000000
49138  -50.330  3.066  27.549 0.0000000000
97516  -50.494  2.851  28.556 0.0000000000
49192  -56.549  3.237  25.532 0.0000000000
49210  -54.889  3.497  24.550 0.0000000000
50116  -55.651  4.530  25.265 0.0000000000
51030  -55.138  5.726  25.474 0.0000000000
50999  -56.127  5.335  27.006 0.0000000000
50069  -55.718  4.576  27.433 0.0000000000
50156  -56.130  3.385  19.491 0.0000000000
51094  -56.308  4.488  19.425 0.0000000000
51095  -56.834  4.510  19.433 0.0000000000
40255  -51.698  -5.283  33.490 0.0000000000
41174  -52.319  -4.303  34.630 0.0000000000
41163  -51.725  -4.146  34.957 0.0000000000
43006  -51.547  -2.905  33.505 0.0000000000
44021  -50.766  -1.869  33.019 0.0000000000
40105  -30.122  -6.171  47.187 0.0000000000
39092  -31.046  -7.124  46.427 0.0000000000
39080  -33.227  -6.498  48.210 0.0000000000
36260  -40.239  -9.213  40.430 0.0000000000
36259  -39.732  -9.408  40.011 0.0000000000
96127  -40.988  -8.560  37.492 0.0000000000
38200  -42.924  -8.013  37.632 0.0000000000
39211  -46.107  -6.459  34.834 0.0000000000
96137  -47.579  -6.485  35.036 0.0000000000
96143  -47.400  -6.659  35.266 0.0000000000
39232  -48.173  -7.870  35.273 0.0000000000
96150  -50.753  -5.407  33.501 0.0000000000
40092  -28.675  -6.072  45.866 0.0000000000
46031  -53.360  0.302  34.105 0.0000000000
45021  -53.320  -0.388  32.441 0.0000000000
47108  -53.434  1.190  33.004 0.0000000000
48139  -52.929  2.044  32.425 0.0000000000
97517  -52.181  2.313  31.327 0.0000000000
52799  -50.469  6.238  30.164 0.0000000000
50969  -50.466  5.081  29.170 0.0000000000
50982  -50.650  5.374  28.828 0.0000000000
98150  -54.999  0.505  23.203 0.0000000000
47258  -54.392  0.664  23.528 0.0000000000
98146  -55.390  0.889  24.410 0.0000000000
48239  -56.653  1.927  25.170 0.0000000000
40273  -48.666  -5.778  32.462 0.0000000000
40254  -47.591  -6.394  32.191 0.0000000000
97513  -51.081  3.839  30.503 0.0000000000
51910  -49.672  5.913  29.615 0.0000000000
52818  -49.754  7.040  28.963 0.0000000000
52841  -50.737  6.508  28.400 0.0000000000
52873  -51.947  7.322  26.967 0.0000000000
47295  -54.831  0.485  21.209 0.0000000000
48276  -55.776  0.869  21.468 0.0000000000
47259  -57.455  0.936  24.084 0.0000000000
49244  -57.997  3.147  21.346 0.0000000000
48293  -58.805  2.788  21.320 0.0000000000
39299  -53.042  -6.319  31.817 0.0000000000
42090  -53.493  -4.002  32.311 0.0000000000
43007  -53.720  -2.769  33.562 0.0000000000
42987  -53.127  -2.882  35.354 0.0000000000
44012  -53.354  -2.004  35.122 0.0000000000
44985  -53.348  -0.865  34.880 0.0000000000
47086  -52.867  1.032  34.318 0.0000000000
47098  -51.648  1.682  33.122 0.0000000000
42087  -49.567  -3.524  31.907 0.0000000000
43020  -49.822  -2.495  32.108 0.0000000000
45036  -49.470  -0.682  31.279 0.0000000000
36167  -28.092  -8.591  45.076 0.0000000000
36168  -29.064  -8.516  45.112 0.0000000000
32560  -32.607  -12.919  45.041 0.0000000000
39103  -33.834  -6.464  46.500 0.0000000000
37140  -34.194  -7.952  47.292 0.0000000000
35214  -34.022  -9.098  47.450 0.0000000000
33424  -33.378  -12.088  46.584 0.0000000000
32575  -34.191  -13.560  44.138 0.0000000000
32592  -34.597  -13.468  43.538 0.0000000000
34421  -40.679  -11.862  43.781 0.0000000000
33470  -41.347  -11.854  42.875 0.0000000000
33469  -40.729  -12.308  43.202 0.0000000000
34438  -37.717  -11.441  41.946 0.0000000000
33506  -37.205  -12.239  41.309 0.0000000000
35369  -39.017  -9.284  38.789 0.0000000000
96115  -42.486  -7.513  36.926 0.0000000000
96113  -42.909  -7.165  37.436 0.0000000000
39178  -43.549  -7.577  37.584 0.0000000000
40205  -45.090  -6.551  36.411 0.0000000000
38183  -43.139  -8.933  36.944 0.0000000000
38173  -42.957  -9.238  35.997 0.0000000000
35465  -47.807  -10.272  33.763 0.0000000000
38251  -48.522  -9.090  34.272 0.0000000000
36357  -48.945  -9.640  33.434 0.0000000000
37288  -50.053  -8.740  32.626 0.0000000000
37137  -27.962  -8.317  46.280 0.0000000000
97522  -51.055  3.958  30.708 0.0000000000
97527  -52.037  2.992  30.502 0.0000000000
97509  -51.343  2.509  30.206 0.0000000000
97525  -50.571  3.155  29.419 0.0000000000
47151  -51.074  2.289  29.751 0.0000000000
47131  -50.819  1.300  29.826 0.0000000000
51026  -51.196  5.406  25.933 0.0000000000
51013  -52.649  6.396  26.267 0.0000000000
47240  -53.995  1.437  24.047 0.0000000000
48254  -53.382  2.395  24.543 0.0000000000
50113  -52.960  4.674  24.589 0.0000000000
51999  -53.790  6.598  26.243 0.0000000000
51988  -54.308  7.072  27.057 0.0000000000
50068  -54.497  4.764  27.437 0.0000000000
36165  -26.344  -9.266  44.462 0.0000000000
38197  -40.268  -7.685  36.668 0.0000000000
38198  -41.036  -7.431  36.629 0.0000000000
96149  -49.540  -5.585  32.529 0.0000000000
96148  -49.187  -5.726  32.937 0.0000000000
97506  -50.699  3.707  32.234 0.0000000000
48129  -51.454  3.325  32.833 0.0000000000
52860  -52.513  7.400  28.062 0.0000000000
51952  -52.640  6.718  28.376 0.0000000000
51969  -53.152  6.600  27.978 0.0000000000
98152  -57.447  1.084  25.004 0.0000000000
98142  -57.455  1.018  25.357 0.0000000000
49265  -55.813  2.144  20.083 0.0000000000
49243  -56.109  2.047  20.470 0.0000000000
41194  -52.305  -4.790  33.206 0.0000000000
44983  -52.012  -1.117  34.518 0.0000000000
45019  -50.372  -0.422  32.691 0.0000000000
38087  -29.420  -7.330  46.189 0.0000000000
38088  -30.316  -7.064  46.427 0.0000000000
37139  -32.979  -8.443  47.731 0.0000000000
34381  -35.591  -11.081  46.082 0.0000000000
33427  -35.364  -12.678  46.605 0.0000000000
32597  -39.036  -13.003  44.420 0.0000000000
32596  -38.408  -13.366  44.274 0.0000000000
35340  -40.051  -9.580  41.564 0.0000000000
35322  -40.641  -10.209  41.837 0.0000000000
34454  -39.066  -10.763  41.347 0.0000000000
96110  -41.240  -9.152  37.265 0.0000000000
35386  -41.760  -9.557  37.023 0.0000000000
96120  -42.334  -9.269  37.176 0.0000000000
39198  -47.055  -8.583  35.201 0.0000000000
39078  -29.310  -6.212  47.106 0.0000000000
39077  -28.988  -6.503  46.724 0.0000000000
38073  -29.213  -7.089  46.373 0.0000000000
37127  -28.805  -7.489  46.101 0.0000000000
43023  -53.664  -3.029  32.523 0.0000000000
43042  -53.438  -2.787  32.480 0.0000000000
44061  -53.387  -2.387  32.370 0.0000000000
46083  -51.470  0.379  30.875 0.0000000000
46097  -51.006  0.921  30.430 0.0000000000
47273  -53.856  0.187  22.789 0.0000000000
51033  -57.543  3.796  25.869 0.0000000000
50100  -56.335  4.193  25.519 0.0000000000
51014  -56.269  5.390  26.237 0.0000000000
42076  -50.752  -3.362  33.023 0.0000000000
42996  -51.634  -3.402  34.114 0.0000000000
43005  -50.897  -2.505  33.232 0.0000000000
41070  -30.132  -5.805  46.532 0.0000000000
97163  -33.254  -5.818  47.680 0.0000000000
38182  -40.062  -8.140  38.507 0.0000000000
96122  -40.521  -8.473  40.337 0.0000000000
97072  -29.280  -5.678  46.553 0.0000000000
47100  -53.207  1.266  33.563 0.0000000000
46046  -53.442  0.602  33.408 0.0000000000
49992  -53.077  3.463  32.969 0.0000000000
48149  -53.285  2.650  32.259 0.0000000000
49101  -53.434  2.996  31.956 0.0000000000
48147  -52.547  2.092  31.929 0.0000000000
49100  -52.928  2.930  31.507 0.0000000000
52800  -51.134  5.990  30.212 0.0000000000
51930  -51.203  5.807  29.514 0.0000000000
50995  -51.661  5.598  27.828 0.0000000000
50062  -50.910  5.410  27.579 0.0000000000
50065  -51.070  3.959  27.358 0.0000000000
49151  -51.655  3.716  26.917 0.0000000000
47275  -55.596  0.545  22.353 0.0000000000
48240  -57.550  2.690  25.663 0.0000000000
51929  -49.948  6.445  29.448 0.0000000000
97455  -49.931  6.077  27.545 0.0000000000
51966  -50.665  6.318  27.605 0.0000000000
51967  -51.229  6.515  27.348 0.0000000000
51984  -50.900  6.409  26.982 0.0000000000
48320  -55.496  0.403  19.525 0.0000000000
47331  -55.106  0.120  19.433 0.0000000000
47314  -54.962  0.337  20.164 0.0000000000
47296  -55.339  0.729  20.937 0.0000000000
47277  -57.679  1.098  22.545 0.0000000000
47316  -57.550  2.176  21.291 0.0000000000
49267  -57.701  3.221  20.704 0.0000000000
49246  -59.004  3.375  21.121 0.0000000000
49245  -58.418  3.265  21.258 0.0000000000
37308  -51.294  -8.205  31.939 0.0000000000
38286  -52.486  -6.661  31.773 0.0000000000
38270  -52.483  -6.867  31.941 0.0000000000
41195  -52.885  -4.579  32.560 0.0000000000
42986  -52.515  -3.217  35.694 0.0000000000
42062  -52.745  -3.601  34.998 0.0000000000
44970  -53.126  -1.661  35.356 0.0000000000
46030  -52.987  0.102  34.461 0.0000000000
47097  -50.823  1.152  32.897 0.0000000000
47085  -52.215  1.197  34.070 0.0000000000
97131  -30.704  -8.553  44.942 0.0000000000
97148  -31.547  -6.929  46.954 0.0000000000
97134  -31.633  -7.300  46.384 0.0000000000
34378  -32.836  -11.263  45.500 0.0000000000
33451  -32.485  -12.126  44.970 0.0000000000
33438  -33.135  -12.274  45.925 0.0000000000
38104  -34.408  -7.053  46.739 0.0000000000
35243  -34.548  -10.712  46.366 0.0000000000
33413  -33.953  -12.669  47.377 0.0000000000
34352  -33.881  -12.168  47.312 0.0000000000
33425  -33.600  -12.526  46.859 0.0000000000
33439  -33.662  -12.688  46.150 0.0000000000
31758  -32.619  -13.512  45.020 0.0000000000
31760  -34.184  -14.386  45.372 0.0000000000
31772  -33.515  -13.589  44.457 0.0000000000
31773  -34.403  -14.161  44.680 0.0000000000
32578  -36.418  -13.468  44.835 0.0000000000
32593  -35.341  -13.417  43.724 0.0000000000
33465  -35.811  -12.923  43.325 0.0000000000
33505  -36.433  -12.452  41.547 0.0000000000
34441  -40.911  -11.278  42.591 0.0000000000
34442  -41.505  -11.156  42.722 0.0000000000
33488  -39.852  -12.162  42.690 0.0000000000
33487  -38.549  -12.187  42.750 0.0000000000
34439  -38.903  -11.494  42.094 0.0000000000
34452  -37.604  -11.809  40.994 0.0000000000
33519  -37.147  -12.027  40.630 0.0000000000
34488  -38.160  -10.607  39.228 0.0000000000
34487  -37.540  -11.049  38.894 0.0000000000
35354  -38.973  -9.294  39.839 0.0000000000
38199  -41.836  -7.465  36.461 0.0000000000
39176  -43.227  -6.755  37.158 0.0000000000
39177  -43.461  -7.155  37.372 0.0000000000
39197  -44.156  -7.226  37.245 0.0000000000
96133  -45.131  -7.052  36.748 0.0000000000
38224  -47.693  -9.614  35.267 0.0000000000
35448  -47.718  -9.840  34.836 0.0000000000
38253  -49.827  -8.300  33.289 0.0000000000
38252  -48.781  -8.458  33.676 0.0000000000
37274  -48.899  -9.241  33.601 0.0000000000
37287  -49.229  -9.285  33.101 0.0000000000
37138  -28.945  -7.737  45.750 0.0000000000
45039  -53.408  -0.005  31.961 0.0000000000
44060  -52.900  -1.529  31.914 0.0000000000
45038  -52.989  -0.368  31.846 0.0000000000
97512  -50.828  4.646  31.480 0.0000000000
97531  -51.070  2.916  30.277 0.0000000000
48183  -50.516  2.145  28.794 0.0000000000
47150  -50.462  1.277  28.860 0.0000000000
51012  -52.133  6.086  26.443 0.0000000000
46206  -54.586  0.999  24.145 0.0000000000
98147  -54.629  1.328  24.344 0.0000000000
49209  -53.768  3.471  24.537 0.0000000000
49208  -52.599  3.442  24.563 0.0000000000
51989  -55.379  6.105  26.639 0.0000000000
51029  -54.177  5.932  25.490 0.0000000000
52000  -54.844  6.441  26.116 0.0000000000
50998  -54.955  5.673  27.425 0.0000000000
96146  -51.905  -4.276  33.724 0.0000000000
48130  -52.200  2.903  33.400 0.0000000000
49072  -51.819  4.116  33.136 0.0000000000
97528  -52.341  4.238  32.489 0.0000000000
52821  -51.666  6.617  28.838 0.0000000000
51931  -51.505  6.323  29.159 0.0000000000
50984  -52.075  5.880  28.296 0.0000000000
50067  -53.198  4.862  27.439 0.0000000000
48290  -55.722  1.330  20.744 0.0000000000
50158  -57.735  3.666  19.642 0.0000000000
44010  -51.629  -2.381  34.753 0.0000000000
46029  -52.289  0.155  34.418 0.0000000000
46058  -50.531  0.554  32.073 0.0000000000
97130  -30.728  -8.285  45.302 0.0000000000
34379  -33.930  -11.173  45.731 0.0000000000
34366  -34.373  -11.551  46.917 0.0000000000
34354  -34.695  -12.288  47.304 0.0000000000
32539  -34.077  -13.030  47.312 0.0000000000
31748  -33.913  -13.813  46.351 0.0000000000
33426  -34.731  -12.939  46.692 0.0000000000
32549  -35.163  -13.662  46.332 0.0000000000
33466  -36.796  -12.845  43.409 0.0000000000
96119  -41.111  -9.394  41.488 0.0000000000
35307  -41.345  -10.121  42.540 0.0000000000
35323  -40.973  -10.275  41.932 0.0000000000
35305  -40.411  -10.708  42.349 0.0000000000
34440  -39.941  -11.134  42.469 0.0000000000
35353  -38.306  -9.869  39.364 0.0000000000
96126  -40.552  -9.086  37.607 0.0000000000
39210  -42.772  -5.709  35.520 0.0000000000
39175  -42.675  -6.923  36.646 0.0000000000
37249  -48.202  -9.519  35.534 0.0000000000
38268  -50.579  -7.799  32.847 0.0000000000
39091  -28.754  -6.608  46.371 0.0000000000
38102  -28.724  -6.852  46.332 0.0000000000
46071  -52.320  0.379  31.562 0.0000000000
45037  -52.117  -0.496  31.504 0.0000000000
97521  -51.207  3.993  30.245 0.0000000000
48257  -56.256  2.926  24.997 0.0000000000
48255  -54.614  2.161  24.540 0.0000000000
49211  -55.848  3.605  25.087 0.0000000000
50115  -55.168  4.513  24.677 0.0000000000
51047  -54.649  5.321  24.821 0.0000000000
51048  -55.369  5.139  25.046 0.0000000000
52001  -55.552  5.825  26.043 0.0000000000
50176  -57.197  4.362  19.415 0.0000000000
41184  -52.004  -4.612  33.841 0.0000000000
44001  -51.466  -3.393  34.944 0.0000000000
44037  -50.333  -1.565  32.394 0.0000000000
40094  -29.776  -6.332  47.117 0.0000000000
39079  -30.677  -6.656  46.529 0.0000000000
97147  -32.083  -6.913  47.499 0.0000000000
97146  -32.541  -7.483  47.954 0.0000000000
97150  -32.963  -7.212  48.390 0.0000000000
33453  -39.521  -12.426  44.490 0.0000000000
36243  -40.557  -9.565  41.504 0.0000000000
41062  -28.962  -5.652  46.861 0.0000000000
40104  -29.315  -5.832  47.122 0.0000000000
45002  -53.455  -0.424  33.521 0.0000000000
46060  -53.367  0.506  32.678 0.0000000000
46059  -53.002  0.874  32.428 0.0000000000
48140  -53.281  1.827  32.731 0.0000000000
47107  -53.060  1.428  32.547 0.0000000000
47114  -52.687  1.187  32.267 0.0000000000
47113  -52.365  1.174  31.788 0.0000000000
48146  -51.921  1.821  31.396 0.0000000000
97539  -50.497  5.482  29.780 0.0000000000
51950  -51.482  6.089  29.012 0.0000000000
47274  -54.503  0.451  22.328 0.0000000000
48241  -58.043  2.909  25.573 0.0000000000
41193  -48.803  -4.642  32.183 0.0000000000
96135  -46.765  -6.661  32.486 0.0000000000
97505  -50.734  2.925  30.806 0.0000000000
97507  -50.510  3.722  31.414 0.0000000000
97523  -51.287  3.832  29.822 0.0000000000
97534  -49.856  5.296  30.155 0.0000000000
52819  -50.709  6.915  29.469 0.0000000000
52842  -51.719  6.647  28.681 0.0000000000
52874  -52.536  7.448  27.231 0.0000000000
46259  -54.470  0.293  20.578 0.0000000000
46242  -54.109  0.446  21.199 0.0000000000
48306  -57.685  2.853  21.247 0.0000000000
48292  -58.165  2.811  21.375 0.0000000000
39281  -53.325  -6.174  31.990 0.0000000000
40295  -53.356  -5.868  31.857 0.0000000000
41206  -53.378  -4.880  31.875 0.0000000000
44023  -53.471  -1.724  34.118 0.0000000000
41175  -52.838  -4.282  34.306 0.0000000000
42070  -53.359  -3.649  34.287 0.0000000000
44003  -52.821  -2.324  35.486 0.0000000000
42997  -53.470  -2.714  34.623 0.0000000000
47087  -53.235  0.755  34.255 0.0000000000
45018  -49.640  -0.766  32.085 0.0000000000
36166  -26.930  -8.740  44.489 0.0000000000
36186  -28.231  -9.443  44.063 0.0000000000
39093  -33.607  -6.425  47.313 0.0000000000
38089  -33.663  -7.317  47.721 0.0000000000
35213  -33.637  -8.697  47.411 0.0000000000
35225  -33.754  -9.166  47.333 0.0000000000
32562  -35.518  -13.848  45.443 0.0000000000
31761  -34.913  -14.403  45.113 0.0000000000
31774  -34.890  -14.149  44.672 0.0000000000
33484  -35.214  -12.908  42.606 0.0000000000
33503  -34.784  -12.626  41.935 0.0000000000
34401  -40.335  -11.464  44.627 0.0000000000
33454  -40.223  -12.294  43.929 0.0000000000
34443  -42.060  -10.610  43.103 0.0000000000
34422  -41.286  -11.161  43.594 0.0000000000
33518  -36.553  -12.309  40.590 0.0000000000
35368  -38.651  -9.756  38.039 0.0000000000
38201  -42.983  -8.452  37.573 0.0000000000
38237  -48.371  -8.910  35.099 0.0000000000
37261  -48.349  -9.631  35.380 0.0000000000
37273  -48.512  -9.602  34.793 0.0000000000
36376  -48.999  -9.501  32.653 0.0000000000
44038  -53.100  -1.374  32.306 0.0000000000
97519  -50.973  5.003  32.364 0.0000000000
97520  -51.815  4.099  31.335 0.0000000000
97530  -52.438  3.536  31.407 0.0000000000
97526  -52.382  2.632  31.182 0.0000000000
97510  -51.789  2.373  30.843 0.0000000000
97524  -51.531  2.681  29.797 0.0000000000
51011  -50.984  5.797  26.430 0.0000000000
51985  -51.536  6.736  26.820 0.0000000000
51986  -52.420  7.004  26.575 0.0000000000
52875  -53.323  7.352  27.476 0.0000000000
47257  -53.438  0.640  23.614 0.0000000000
47239  -53.002  1.506  24.232 0.0000000000
50099  -52.760  5.273  25.008 0.0000000000
51046  -53.646  5.356  24.857 0.0000000000
51045  -53.039  5.362  24.885 0.0000000000
51028  -52.903  5.904  25.574 0.0000000000
51987  -53.288  7.258  26.782 0.0000000000
52862  -53.876  7.032  27.500 0.0000000000
51970  -54.032  6.611  27.437 0.0000000000
49153  -53.934  3.922  27.385 0.0000000000
49174  -54.334  3.352  27.098 0.0000000000
32538  -33.804  -13.084  47.152 0.0000000000
32548  -34.237  -13.403  46.765 0.0000000000
32576  -34.802  -13.677  44.294 0.0000000000
33414  -34.384  -12.733  47.211 0.0000000000
33464  -35.389  -13.216  43.166 0.0000000000
33490  -41.236  -11.630  42.707 0.0000000000
34423  -41.579  -10.388  43.329 0.0000000000
35289  -41.778  -9.725  43.243 0.0000000000
35304  -40.058  -10.737  42.318 0.0000000000
36143  -33.808  -8.486  47.503 0.0000000000
36225  -41.113  -10.192  42.118 0.0000000000
36226  -41.180  -9.950  41.948 0.0000000000
37128  -33.702  -8.008  47.696 0.0000000000
37248  -48.346  -9.513  35.099 0.0000000000
38075  -29.848  -6.756  46.606 0.0000000000
39064  -29.182  -6.829  46.510 0.0000000000
39065  -29.519  -6.514  46.842 0.0000000000
39066  -29.891  -6.573  46.790 0.0000000000
39300  -53.255  -6.094  31.769 0.0000000000
40093  -29.585  -6.165  47.204 0.0000000000
40115  -29.650  -5.700  46.844 0.0000000000
40116  -30.045  -5.859  46.944 0.0000000000
42063  -53.282  -3.258  34.946 0.0000000000
42069  -52.838  -3.943  34.602 0.0000000000
43022  -53.423  -3.234  32.459 0.0000000000
44969  -52.720  -1.633  35.373 0.0000000000
45020  -52.885  -1.042  32.376 0.0000000000
45161  -57.461  0.738  25.873 0.0000000000
46073  -53.370  0.167  32.218 0.0000000000
46258  -53.880  0.242  20.111 0.0000000000
47317  -57.774  2.477  21.285 0.0000000000
47332  -55.361  0.276  19.409 0.0000000000
47333  -57.496  2.411  21.252 0.0000000000
47334  -57.599  2.634  21.234 0.0000000000
48132  -53.417  2.962  33.120 0.0000000000
48133  -53.513  3.096  33.019 0.0000000000
48141  -53.460  2.686  32.887 0.0000000000
48142  -53.493  2.891  33.015 0.0000000000
48148  -52.944  2.478  31.991 0.0000000000
48150  -53.486  2.864  32.684 0.0000000000
48225  -58.176  2.713  25.945 0.0000000000
48226  -58.413  2.950  25.907 0.0000000000
48227  -58.291  3.154  25.879 0.0000000000
48242  -58.265  2.950  25.731 0.0000000000
48256  -55.637  2.470  24.557 0.0000000000
48258  -57.950  3.226  25.667 0.0000000000
48304  -55.771  0.857  19.564 0.0000000000
48319  -55.509  0.268  19.858 0.0000000000
48321  -57.254  2.380  21.229 0.0000000000
48322  -57.372  2.591  21.141 0.0000000000
49073  -52.641  3.587  33.209 0.0000000000
49074  -53.153  3.278  33.153 0.0000000000
49075  -53.376  3.221  32.998 0.0000000000
49088  -52.720  3.498  31.668 0.0000000000
49089  -53.465  3.097  32.755 0.0000000000
49102  -53.501  2.989  32.454 0.0000000000
49177  -58.310  3.056  26.181 0.0000000000
49178  -58.357  3.236  26.038 0.0000000000
49179  -58.207  3.351  25.983 0.0000000000
49191  -56.218  3.695  25.421 0.0000000000
49193  -56.958  3.081  25.619 0.0000000000
49194  -57.544  2.964  25.487 0.0000000000
49212  -56.208  3.251  25.179 0.0000000000
49213  -57.307  2.976  25.572 0.0000000000
49991  -52.753  3.688  32.727 0.0000000000
50012  -52.947  3.548  32.392 0.0000000000
50013  -53.272  3.328  32.708 0.0000000000
50029  -52.872  3.502  31.846 0.0000000000
50030  -53.170  3.371  31.976 0.0000000000
50031  -53.354  3.245  32.356 0.0000000000
50083  -50.942  5.379  25.949 0.0000000000
50101  -56.809  4.071  25.475 0.0000000000
50117  -57.138  3.270  25.650 0.0000000000
50911  -52.501  4.089  32.251 0.0000000000
50912  -52.564  3.930  32.421 0.0000000000
50923  -52.550  3.957  32.047 0.0000000000
50924  -52.701  3.749  32.285 0.0000000000
50939  -52.876  3.594  32.078 0.0000000000
50983  -51.210  5.722  28.462 0.0000000000
51031  -55.945  5.159  25.597 0.0000000000
51968  -52.509  6.338  28.215 0.0000000000
51998  -53.035  6.654  26.325 0.0000000000
52844  -52.999  6.921  28.413 0.0000000000
52858  -51.163  6.433  27.773 0.0000000000
52859  -51.673  6.959  27.651 0.0000000000
52876  -53.678  7.178  27.515 0.0000000000
96145  -49.207  -5.513  32.498 0.0000000000
97140  -31.691  -7.244  46.935 0.0000000000
97145  -32.522  -7.891  47.945 0.0000000000
97152  -32.195  -6.640  47.491 0.0000000000
97159  -33.265  -7.278  48.240 0.0000000000
97518  -51.535  4.805  32.338 0.0000000000
97529  -52.518  3.914  31.890 0.0000000000
98474  -58.124  3.149  25.696 0.0000000000
98475  -58.008  3.419  25.871 0.0000000000
98476  -57.903  3.862  25.982 0.0000000000
