#!ascii label  , from subject output2 vox2ras=TkReg
1722
48050  -43.086  -0.398  40.105 0.0000000000
55232  -50.408  10.702  22.509 0.0000000000
55969  -43.657  11.188  32.171 0.0000000000
43949  -19.847  -0.972  40.676 0.0000000000
43933  -30.654  -1.031  40.790 0.0000000000
50758  -13.569  4.772  43.947 0.0000000000
47895  -14.349  3.397  49.668 0.0000000000
56929  -48.364  12.303  26.712 0.0000000000
48982  -18.706  3.818  39.486 0.0000000000
97703  -19.715  -4.853  43.766 0.0000000000
47084  -44.305  1.384  34.391 0.0000000000
43984  -37.063  -0.943  38.763 0.0000000000
42888  -36.182  -2.573  43.485 0.0000000000
97565  -51.207  11.437  18.976 0.0000000000
56905  -45.140  12.626  28.875 0.0000000000
40176  -28.539  -5.430  39.694 0.0000000000
54247  -17.256  9.741  42.068 0.0000000000
44868  -11.936  -0.381  43.684 0.0000000000
47001  -10.990  1.043  40.119 0.0000000000
42028  -15.129  -3.199  37.822 0.0000000000
46892  -25.052  0.485  50.931 0.0000000000
97801  -21.706  0.611  47.684 0.0000000000
54335  -42.180  9.346  34.631 0.0000000000
46967  -34.870  1.244  44.129 0.0000000000
39156  -33.701  -5.940  39.344 0.0000000000
49801  -12.647  4.217  47.314 0.0000000000
97782  -13.669  -0.387  46.140 0.0000000000
55208  -50.093  10.568  25.071 0.0000000000
45881  -26.499  -0.079  46.145 0.0000000000
42914  -26.141  -2.651  41.948 0.0000000000
49855  -16.567  3.979  42.857 0.0000000000
45947  -13.470  0.506  37.872 0.0000000000
97773  -18.190  3.539  48.973 0.0000000000
97744  -17.750  -0.554  48.148 0.0000000000
97672  -17.544  -2.744  44.202 0.0000000000
48065  -45.063  1.624  39.124 0.0000000000
98100  -41.724  0.572  38.539 0.0000000000
45959  -43.602  0.518  37.579 0.0000000000
98098  -41.105  -1.070  39.588 0.0000000000
98112  -39.549  1.446  38.926 0.0000000000
43939  -39.151  -1.496  41.644 0.0000000000
56109  -49.679  11.131  20.517 0.0000000000
53659  -48.643  8.945  22.189 0.0000000000
52916  -47.924  9.330  20.843 0.0000000000
53686  -48.883  10.288  18.888 0.0000000000
56877  -43.822  12.126  30.219 0.0000000000
54363  -40.420  9.490  31.281 0.0000000000
55169  -42.372  9.778  30.047 0.0000000000
55171  -43.141  10.583  28.036 0.0000000000
42892  -14.437  -2.254  42.490 0.0000000000
42907  -13.193  -2.293  41.269 0.0000000000
42941  -17.580  -1.960  39.100 0.0000000000
39168  -18.491  -6.380  36.992 0.0000000000
40174  -19.869  -5.869  39.556 0.0000000000
42843  -24.573  -2.694  49.686 0.0000000000
42840  -23.592  -2.194  50.554 0.0000000000
53531  -43.822  8.426  35.487 0.0000000000
49063  -44.463  3.425  34.886 0.0000000000
49087  -43.333  3.256  32.784 0.0000000000
50910  -43.256  5.714  33.655 0.0000000000
51867  -41.461  6.666  33.656 0.0000000000
48862  -35.114  3.056  46.353 0.0000000000
42953  -35.429  -2.894  39.839 0.0000000000
41099  -35.304  -4.235  41.433 0.0000000000
97544  -50.610  9.694  16.401 0.0000000000
53726  -51.672  9.814  15.367 0.0000000000
49784  -13.532  4.114  49.147 0.0000000000
46929  -12.694  1.437  47.130 0.0000000000
44823  -12.640  0.607  49.335 0.0000000000
55195  -48.890  10.780  25.977 0.0000000000
56049  -45.874  11.515  25.495 0.0000000000
97472  -47.237  9.689  25.173 0.0000000000
54443  -48.389  9.397  24.366 0.0000000000
47978  -24.604  2.724  44.761 0.0000000000
48009  -24.711  2.055  42.802 0.0000000000
52650  -16.751  7.268  44.785 0.0000000000
51723  -16.942  6.928  43.562 0.0000000000
49865  -15.004  4.314  42.823 0.0000000000
44932  -11.237  -0.697  37.904 0.0000000000
47017  -11.892  1.431  38.981 0.0000000000
45980  -10.657  -0.007  36.962 0.0000000000
97775  -19.013  2.221  48.522 0.0000000000
44872  -22.133  -0.385  44.385 0.0000000000
44838  -19.467  0.358  46.543 0.0000000000
43870  -19.408  -1.064  43.469 0.0000000000
43834  -17.273  -1.429  45.700 0.0000000000
97687  -18.574  -2.269  43.560 0.0000000000
48102  -44.913  2.284  36.203 0.0000000000
98069  -36.649  0.554  46.628 0.0000000000
43901  -37.924  -1.488  43.503 0.0000000000
43936  -35.982  -1.516  40.995 0.0000000000
97556  -52.050  10.619  18.139 0.0000000000
54479  -50.305  10.129  17.629 0.0000000000
56915  -46.187  13.036  27.535 0.0000000000
56019  -44.241  11.752  27.300 0.0000000000
39153  -31.177  -6.300  39.155 0.0000000000
42036  -29.818  -3.585  38.528 0.0000000000
52686  -17.321  8.040  40.591 0.0000000000
47985  -12.565  2.742  43.745 0.0000000000
48950  -12.594  2.627  41.926 0.0000000000
45914  -11.839  0.660  41.715 0.0000000000
42935  -11.681  -2.021  39.974 0.0000000000
42026  -13.248  -3.344  37.883 0.0000000000
97796  -22.440  2.565  49.886 0.0000000000
97766  -21.112  1.829  49.483 0.0000000000
45836  -23.534  0.640  49.534 0.0000000000
43829  -23.402  -1.397  47.259 0.0000000000
55126  -42.934  10.499  32.819 0.0000000000
53547  -40.500  8.310  33.544 0.0000000000
45919  -33.651  0.211  41.872 0.0000000000
43880  -34.904  -1.650  44.519 0.0000000000
42885  -33.424  -2.501  43.103 0.0000000000
42012  -32.375  -3.733  40.928 0.0000000000
51700  -15.845  6.905  45.552 0.0000000000
52630  -15.561  6.975  47.448 0.0000000000
50737  -13.445  5.161  45.505 0.0000000000
47958  -12.943  2.302  45.489 0.0000000000
43846  -12.992  -0.849  44.373 0.0000000000
43892  -14.834  -1.236  43.732 0.0000000000
55224  -50.587  10.339  23.501 0.0000000000
52902  -48.238  8.402  22.746 0.0000000000
48870  -23.641  3.316  46.941 0.0000000000
45859  -26.181  0.373  48.542 0.0000000000
43831  -25.486  -1.626  47.627 0.0000000000
42948  -27.967  -2.195  39.301 0.0000000000
44924  -26.419  -0.485  39.145 0.0000000000
44908  -24.554  -0.111  41.376 0.0000000000
44891  -26.027  -0.722  43.884 0.0000000000
97066  -25.590  -2.371  45.281 0.0000000000
54229  -17.825  9.937  42.826 0.0000000000
52665  -17.615  7.838  42.435 0.0000000000
49867  -17.979  4.156  41.900 0.0000000000
48018  -13.998  2.635  41.339 0.0000000000
48036  -15.228  2.226  40.640 0.0000000000
48053  -16.423  2.120  39.547 0.0000000000
47918  -15.929  4.361  48.888 0.0000000000
97752  -19.812  1.993  48.011 0.0000000000
97761  -17.565  0.630  48.125 0.0000000000
45834  -15.031  -0.298  49.746 0.0000000000
97754  -14.911  -1.297  48.070 0.0000000000
43849  -15.525  -1.302  45.187 0.0000000000
97696  -18.990  -1.547  43.103 0.0000000000
41957  -16.624  -5.518  45.390 0.0000000000
97670  -15.252  -5.543  45.082 0.0000000000
40149  -18.804  -6.428  42.713 0.0000000000
48064  -44.170  0.593  39.467 0.0000000000
48032  -44.437  1.085  41.050 0.0000000000
47000  -43.317  0.328  39.211 0.0000000000
98094  -41.358  -0.094  39.436 0.0000000000
98109  -42.648  -0.205  41.590 0.0000000000
44941  -41.404  -1.405  40.217 0.0000000000
55237  -50.394  11.188  21.607 0.0000000000
54462  -49.315  9.747  22.018 0.0000000000
97476  -48.156  8.754  21.395 0.0000000000
53660  -48.705  9.448  21.332 0.0000000000
53669  -48.888  9.974  20.413 0.0000000000
55985  -44.369  11.880  30.902 0.0000000000
56858  -44.875  12.414  31.354 0.0000000000
55970  -44.353  11.766  31.707 0.0000000000
54385  -41.996  9.507  30.518 0.0000000000
55159  -42.902  10.425  30.212 0.0000000000
55998  -43.495  11.161  29.641 0.0000000000
43928  -17.949  -1.193  40.902 0.0000000000
43946  -17.102  -1.750  40.120 0.0000000000
43965  -18.777  -1.192  39.310 0.0000000000
42033  -19.928  -3.831  38.378 0.0000000000
41113  -20.862  -4.178  39.689 0.0000000000
41951  -23.832  -3.447  48.294 0.0000000000
41048  -23.174  -3.215  49.043 0.0000000000
50884  -44.486  5.705  35.933 0.0000000000
49970  -43.689  4.939  34.260 0.0000000000
50899  -44.407  6.015  34.981 0.0000000000
51855  -43.598  6.462  34.617 0.0000000000
54484  -51.595  10.555  16.590 0.0000000000
97547  -50.752  10.484  16.044 0.0000000000
54495  -51.428  11.511  15.749 0.0000000000
48842  -13.689  3.644  49.765 0.0000000000
47915  -12.906  1.709  49.056 0.0000000000
46894  -13.082  1.477  49.172 0.0000000000
56033  -48.636  11.442  26.061 0.0000000000
56930  -49.459  12.533  26.699 0.0000000000
56031  -46.645  11.877  26.104 0.0000000000
56050  -46.898  11.108  25.260 0.0000000000
56051  -47.909  11.434  25.471 0.0000000000
55206  -48.261  10.767  25.287 0.0000000000
48959  -23.844  2.340  41.978 0.0000000000
48026  -24.060  2.062  41.428 0.0000000000
45939  -32.606  0.127  39.396 0.0000000000
45925  -30.176  0.060  39.855 0.0000000000
51774  -18.656  6.497  39.702 0.0000000000
50750  -15.220  6.138  44.524 0.0000000000
50760  -15.482  5.759  43.836 0.0000000000
50759  -14.245  5.019  43.569 0.0000000000
42968  -10.850  -1.982  37.264 0.0000000000
44942  -10.680  -0.691  37.178 0.0000000000
43992  -10.765  -1.461  36.531 0.0000000000
97807  -17.190  0.609  46.567 0.0000000000
97781  -19.632  2.227  48.404 0.0000000000
42868  -21.573  -2.261  44.149 0.0000000000
43852  -19.857  -0.447  44.439 0.0000000000
97707  -19.952  -2.139  43.081 0.0000000000
97685  -18.686  -0.956  43.539 0.0000000000
97706  -19.613  -3.346  43.285 0.0000000000
48076  -44.664  1.999  37.857 0.0000000000
47044  -44.665  1.306  37.174 0.0000000000
48087  -45.288  2.200  37.348 0.0000000000
49040  -45.401  3.416  36.708 0.0000000000
43958  -38.112  -1.465  40.407 0.0000000000
43938  -38.031  -1.487  41.348 0.0000000000
43957  -36.679  -1.290  40.149 0.0000000000
43975  -35.382  -1.358  39.518 0.0000000000
54483  -50.893  11.023  17.812 0.0000000000
54478  -49.972  10.528  18.833 0.0000000000
53687  -49.610  10.224  18.231 0.0000000000
57806  -45.922  13.408  28.409 0.0000000000
57807  -46.916  13.481  28.167 0.0000000000
57794  -45.937  13.424  29.454 0.0000000000
56912  -43.782  12.313  28.352 0.0000000000
56010  -43.512  11.191  27.747 0.0000000000
56914  -45.243  12.550  27.769 0.0000000000
56926  -45.725  12.421  27.127 0.0000000000
54245  -15.855  9.756  41.872 0.0000000000
53470  -16.933  8.557  40.806 0.0000000000
53453  -17.030  8.896  41.298 0.0000000000
45897  -11.756  0.746  43.799 0.0000000000
46971  -11.933  1.274  42.620 0.0000000000
44898  -11.621  0.071  42.446 0.0000000000
42938  -14.784  -2.613  39.492 0.0000000000
42921  -12.450  -1.724  40.474 0.0000000000
42937  -13.653  -2.618  39.403 0.0000000000
42955  -12.670  -2.593  38.528 0.0000000000
42027  -14.173  -3.349  37.832 0.0000000000
42042  -14.942  -4.012  37.240 0.0000000000
47911  -23.618  1.412  49.845 0.0000000000
46888  -23.161  1.788  50.075 0.0000000000
45826  -23.945  0.631  51.035 0.0000000000
42847  -22.442  -3.052  48.645 0.0000000000
42854  -23.636  -2.184  48.099 0.0000000000
42853  -22.724  -2.795  47.883 0.0000000000
41961  -22.579  -3.038  46.161 0.0000000000
55104  -41.736  10.204  34.101 0.0000000000
53549  -42.070  8.411  34.109 0.0000000000
52768  -41.002  7.538  33.818 0.0000000000
53548  -41.476  8.538  33.874 0.0000000000
55124  -41.375  9.825  33.149 0.0000000000
47994  -35.538  2.615  43.439 0.0000000000
46985  -35.517  1.949  41.988 0.0000000000
45912  -34.590  0.401  43.072 0.0000000000
43882  -36.730  -1.552  44.333 0.0000000000
44862  -35.600  -0.537  45.822 0.0000000000
42874  -35.596  -2.313  44.133 0.0000000000
41110  -34.351  -4.795  40.277 0.0000000000
41989  -34.439  -3.803  42.600 0.0000000000
41097  -33.789  -4.430  41.168 0.0000000000
42001  -32.705  -3.370  41.656 0.0000000000
40172  -32.986  -5.623  40.213 0.0000000000
39142  -32.458  -5.813  39.490 0.0000000000
51677  -14.280  6.274  48.294 0.0000000000
51689  -13.841  6.316  47.331 0.0000000000
50729  -14.478  5.919  46.519 0.0000000000
50727  -12.730  5.130  46.538 0.0000000000
48878  -12.625  3.253  45.893 0.0000000000
48868  -12.608  3.232  46.936 0.0000000000
45863  -12.776  0.554  46.672 0.0000000000
44835  -12.938  -0.106  45.786 0.0000000000
44850  -13.577  -0.521  45.010 0.0000000000
44870  -13.505  -1.007  44.723 0.0000000000
44871  -13.830  -1.173  44.942 0.0000000000
55220  -50.286  10.140  24.355 0.0000000000
55221  -51.245  10.691  24.394 0.0000000000
56054  -51.718  11.375  25.324 0.0000000000
55219  -49.316  10.308  24.452 0.0000000000
54448  -48.674  9.088  23.798 0.0000000000
54444  -49.384  9.556  24.035 0.0000000000
54445  -50.034  9.562  23.769 0.0000000000
48896  -22.931  3.179  45.162 0.0000000000
46945  -25.462  1.480  45.430 0.0000000000
47942  -25.337  2.152  47.006 0.0000000000
45873  -25.961  0.525  46.797 0.0000000000
44828  -26.185  -0.788  48.444 0.0000000000
44833  -26.472  -0.838  47.535 0.0000000000
41125  -28.791  -4.161  38.778 0.0000000000
42963  -28.441  -2.748  38.714 0.0000000000
42022  -28.488  -3.959  39.015 0.0000000000
41998  -26.591  -3.354  41.249 0.0000000000
42946  -26.169  -2.494  39.935 0.0000000000
42945  -25.654  -2.166  40.629 0.0000000000
44923  -25.257  -0.465  39.728 0.0000000000
43932  -25.489  -1.422  41.980 0.0000000000
44900  -25.276  -0.554  42.788 0.0000000000
42897  -26.073  -1.931  42.711 0.0000000000
97076  -26.096  -2.389  45.003 0.0000000000
54215  -17.908  9.714  43.901 0.0000000000
50772  -16.402  5.298  42.848 0.0000000000
51733  -17.362  6.568  42.840 0.0000000000
50773  -17.687  5.331  42.224 0.0000000000
48956  -17.388  3.283  41.975 0.0000000000
46982  -12.317  1.634  41.166 0.0000000000
48952  -13.705  3.254  41.886 0.0000000000
48033  -12.879  2.169  40.792 0.0000000000
47018  -12.842  1.273  38.742 0.0000000000
47005  -13.745  1.475  39.431 0.0000000000
47006  -14.835  1.475  39.533 0.0000000000
48052  -15.657  1.980  39.885 0.0000000000
47020  -15.001  1.440  38.503 0.0000000000
47032  -15.274  1.215  37.586 0.0000000000
97818  -17.258  3.682  49.063 0.0000000000
97756  -20.996  1.428  48.571 0.0000000000
97757  -20.323  1.932  48.630 0.0000000000
97835  -20.479  1.530  47.629 0.0000000000
97784  -18.494  -0.076  47.166 0.0000000000
45871  -19.638  1.214  47.688 0.0000000000
97745  -18.433  0.035  49.686 0.0000000000
97737  -16.375  0.369  50.124 0.0000000000
97716  -16.648  -1.357  50.965 0.0000000000
97736  -14.992  -1.350  49.711 0.0000000000
97743  -15.953  -0.635  47.982 0.0000000000
97676  -16.874  -1.424  45.183 0.0000000000
43850  -16.458  -1.378  44.997 0.0000000000
43869  -16.180  -1.326  44.409 0.0000000000
97694  -18.934  -4.435  43.806 0.0000000000
41064  -14.450  -5.224  46.060 0.0000000000
41956  -15.385  -5.546  45.644 0.0000000000
49007  -45.481  3.059  38.786 0.0000000000
98099  -42.548  0.380  37.303 0.0000000000
47014  -44.713  1.526  38.433 0.0000000000
43977  -38.006  -1.041  39.601 0.0000000000
44930  -39.764  0.182  39.695 0.0000000000
43979  -40.103  -1.487  40.305 0.0000000000
97592  -51.058  11.479  19.649 0.0000000000
52047  -47.958  8.307  20.634 0.0000000000
52057  -47.503  8.908  19.862 0.0000000000
52931  -47.640  9.892  19.071 0.0000000000
53680  -48.337  10.149  19.515 0.0000000000
97590  -49.029  10.396  19.752 0.0000000000
56893  -44.459  12.486  29.599 0.0000000000
56879  -45.448  12.907  30.914 0.0000000000
56859  -45.506  13.004  31.893 0.0000000000
53567  -39.539  8.773  31.168 0.0000000000
53575  -40.042  8.726  30.280 0.0000000000
53585  -40.704  8.940  29.692 0.0000000000
97492  -41.882  9.405  28.822 0.0000000000
97502  -42.528  10.016  28.026 0.0000000000
55170  -42.551  10.046  29.015 0.0000000000
56892  -43.667  12.184  29.236 0.0000000000
42878  -13.327  -1.242  42.652 0.0000000000
42890  -12.395  -1.468  42.127 0.0000000000
41994  -13.866  -2.300  41.785 0.0000000000
42924  -15.374  -2.296  40.292 0.0000000000
42017  -15.735  -2.289  38.513 0.0000000000
42044  -17.164  -3.740  37.114 0.0000000000
42045  -18.191  -3.630  37.105 0.0000000000
39157  -19.850  -6.784  37.396 0.0000000000
43806  -24.712  -1.133  50.287 0.0000000000
42829  -24.078  -1.573  51.310 0.0000000000
41934  -23.549  -3.049  50.446 0.0000000000
53540  -42.585  8.486  34.654 0.0000000000
48124  -44.294  2.354  34.563 0.0000000000
47083  -43.771  1.870  34.192 0.0000000000
49071  -44.332  3.157  33.994 0.0000000000
49070  -43.602  3.685  33.529 0.0000000000
50922  -43.272  5.207  33.005 0.0000000000
50909  -42.702  5.876  33.300 0.0000000000
52758  -42.750  7.674  34.399 0.0000000000
47966  -34.997  2.062  45.373 0.0000000000
42934  -36.240  -3.243  41.154 0.0000000000
42003  -35.715  -3.686  41.702 0.0000000000
42013  -35.623  -3.628  40.692 0.0000000000
41121  -34.569  -4.773  39.145 0.0000000000
97541  -49.683  9.598  15.843 0.0000000000
97545  -51.012  9.552  15.092 0.0000000000
97551  -51.421  9.566  14.678 0.0000000000
52998  -50.997  9.534  14.021 0.0000000000
49791  -12.979  4.158  48.310 0.0000000000
47940  -12.612  2.226  47.511 0.0000000000
47929  -12.794  1.801  48.374 0.0000000000
46919  -12.498  1.152  48.631 0.0000000000
44829  -13.037  -0.405  47.313 0.0000000000
56052  -49.964  10.953  25.490 0.0000000000
56931  -50.570  12.518  26.496 0.0000000000
97469  -45.536  9.740  25.244 0.0000000000
97464  -46.961  8.559  24.067 0.0000000000
97470  -47.503  9.293  24.688 0.0000000000
55218  -48.573  10.369  24.670 0.0000000000
48911  -23.397  3.127  44.143 0.0000000000
48925  -23.476  3.043  43.191 0.0000000000
47979  -25.224  2.650  43.987 0.0000000000
46955  -25.423  1.589  44.406 0.0000000000
40153  -26.989  -4.319  41.660 0.0000000000
41986  -26.891  -2.542  42.900 0.0000000000
52651  -17.452  7.798  44.581 0.0000000000
52658  -17.501  7.692  43.560 0.0000000000
52657  -16.904  7.354  44.066 0.0000000000
51732  -16.617  6.317  43.332 0.0000000000
49854  -15.721  4.169  42.893 0.0000000000
44920  -10.713  -0.410  39.239 0.0000000000
47016  -11.099  1.410  39.243 0.0000000000
45943  -10.726  0.573  38.729 0.0000000000
45961  -11.105  0.451  37.759 0.0000000000
45962  -12.013  0.463  37.415 0.0000000000
47960  -15.282  2.590  46.975 0.0000000000
97803  -16.698  2.316  47.676 0.0000000000
44841  -22.356  -0.287  46.435 0.0000000000
45872  -21.419  0.470  46.976 0.0000000000
44853  -20.470  -0.426  45.525 0.0000000000
44852  -19.356  -0.184  45.686 0.0000000000
44837  -18.365  -0.620  46.455 0.0000000000
43827  -17.490  -1.123  46.815 0.0000000000
43851  -18.198  -0.530  44.494 0.0000000000
97704  -17.355  -4.158  44.784 0.0000000000
46016  -44.220  0.735  34.699 0.0000000000
45979  -44.023  0.609  36.571 0.0000000000
46000  -44.180  0.726  35.620 0.0000000000
47074  -44.472  1.527  35.184 0.0000000000
48115  -44.776  2.542  35.631 0.0000000000
49954  -44.662  4.636  36.231 0.0000000000
43900  -36.834  -1.634  43.050 0.0000000000
43919  -39.031  -1.496  42.700 0.0000000000
43917  -36.890  -1.519  42.019 0.0000000000
42903  -35.925  -1.967  42.403 0.0000000000
42932  -34.953  -2.099  40.385 0.0000000000
52948  -48.902  9.935  17.222 0.0000000000
97548  -50.869  9.526  17.081 0.0000000000
97553  -51.454  10.157  17.305 0.0000000000
56928  -47.402  12.351  26.767 0.0000000000
56917  -48.072  12.843  27.404 0.0000000000
57808  -47.824  13.470  27.991 0.0000000000
54396  -42.818  10.375  27.623 0.0000000000
56029  -44.535  11.563  26.005 0.0000000000
56927  -46.440  12.440  26.877 0.0000000000
42024  -31.328  -3.779  39.668 0.0000000000
42950  -30.242  -2.240  39.451 0.0000000000
40186  -30.502  -4.769  38.532 0.0000000000
40177  -29.495  -5.480  39.136 0.0000000000
51754  -18.075  6.869  40.360 0.0000000000
51755  -18.740  6.312  40.414 0.0000000000
49830  -12.714  4.098  43.980 0.0000000000
48919  -13.120  3.506  43.322 0.0000000000
48001  -12.559  2.737  43.024 0.0000000000
48014  -12.377  1.732  42.061 0.0000000000
45922  -11.619  0.371  40.617 0.0000000000
43925  -11.913  -1.244  41.037 0.0000000000
44913  -11.433  -0.501  40.441 0.0000000000
44921  -11.216  -0.218  39.727 0.0000000000
43962  -10.696  -1.093  39.103 0.0000000000
97787  -20.250  2.206  48.235 0.0000000000
97785  -21.740  2.475  49.834 0.0000000000
45824  -22.828  1.737  49.702 0.0000000000
46910  -22.760  0.661  48.886 0.0000000000
43809  -23.571  -1.103  50.087 0.0000000000
44825  -23.523  -0.334  48.495 0.0000000000
44832  -23.090  -0.466  47.104 0.0000000000
43837  -22.793  -1.220  46.226 0.0000000000
42861  -22.582  -3.117  45.206 0.0000000000
97702  -20.470  -5.367  44.385 0.0000000000
55955  -44.390  11.816  32.718 0.0000000000
55954  -43.711  11.257  33.250 0.0000000000
47105  -43.504  1.477  32.781 0.0000000000
52786  -39.742  7.660  31.377 0.0000000000
54355  -41.892  9.822  32.422 0.0000000000
45941  -34.396  0.226  40.119 0.0000000000
45917  -31.835  0.093  41.397 0.0000000000
45852  -35.885  1.637  46.724 0.0000000000
45876  -35.009  0.685  46.187 0.0000000000
44860  -34.102  -0.105  45.131 0.0000000000
41979  -34.897  -3.362  43.139 0.0000000000
43898  -33.759  -1.485  43.510 0.0000000000
44879  -32.967  -0.111  44.272 0.0000000000
44902  -32.549  -0.493  42.657 0.0000000000
43935  -32.103  -1.339  41.569 0.0000000000
42916  -31.765  -2.161  40.995 0.0000000000
40170  -31.729  -5.111  39.668 0.0000000000
53006  -51.005  9.930  13.562 0.0000000000
53014  -51.076  10.960  13.050 0.0000000000
97588  -50.950  10.492  12.063 0.0000000000
51712  -16.177  6.638  45.011 0.0000000000
50749  -14.541  5.761  44.781 0.0000000000
52637  -15.727  7.227  46.654 0.0000000000
50738  -14.539  5.611  45.953 0.0000000000
49820  -13.333  4.675  44.848 0.0000000000
49819  -12.734  4.198  45.084 0.0000000000
47972  -12.600  2.577  44.518 0.0000000000
45888  -12.436  0.651  44.342 0.0000000000
46934  -13.014  1.460  46.152 0.0000000000
45879  -12.867  0.831  45.134 0.0000000000
43845  -12.410  -0.680  43.980 0.0000000000
43890  -13.396  -1.207  43.337 0.0000000000
42880  -14.392  -1.983  43.069 0.0000000000
42894  -16.380  -1.750  42.512 0.0000000000
97461  -47.419  8.177  23.305 0.0000000000
52026  -47.139  7.414  22.631 0.0000000000
52905  -47.879  8.192  22.718 0.0000000000
53652  -48.774  8.612  22.730 0.0000000000
54454  -49.515  9.231  22.827 0.0000000000
97814  -22.860  3.402  48.499 0.0000000000
48849  -24.906  2.268  49.295 0.0000000000
48882  -24.165  3.163  46.300 0.0000000000
47930  -24.895  2.530  47.920 0.0000000000
45850  -25.621  0.638  49.491 0.0000000000
43823  -24.998  -1.814  48.355 0.0000000000
43952  -29.581  -1.068  39.797 0.0000000000
44926  -28.453  -0.772  39.109 0.0000000000
44935  -27.782  -0.376  38.414 0.0000000000
42020  -26.853  -3.001  39.649 0.0000000000
43970  -27.265  -1.476  39.378 0.0000000000
44934  -26.877  -0.310  38.471 0.0000000000
45949  -26.239  0.452  38.139 0.0000000000
46996  -25.138  1.284  39.361 0.0000000000
46995  -24.423  1.397  39.883 0.0000000000
45907  -24.464  0.659  42.057 0.0000000000
45898  -25.441  0.536  43.760 0.0000000000
44874  -25.817  -0.048  44.386 0.0000000000
42870  -26.477  -1.913  43.801 0.0000000000
44857  -26.763  -1.120  45.418 0.0000000000
44843  -26.927  -1.071  46.414 0.0000000000
43840  -25.586  -1.878  46.111 0.0000000000
55033  -17.530  10.483  42.459 0.0000000000
53434  -17.695  8.837  43.170 0.0000000000
53441  -17.668  8.936  42.169 0.0000000000
51744  -17.844  6.775  41.503 0.0000000000
50787  -18.850  5.362  41.244 0.0000000000
49876  -18.721  4.006  40.926 0.0000000000
48935  -13.400  3.302  42.683 0.0000000000
48936  -14.409  3.288  42.913 0.0000000000
48954  -15.527  3.033  41.714 0.0000000000
46991  -12.864  1.647  40.328 0.0000000000
48035  -14.238  2.184  40.707 0.0000000000
48955  -16.525  3.110  41.919 0.0000000000
48970  -16.823  3.185  41.001 0.0000000000
48038  -17.094  2.432  40.469 0.0000000000
48054  -17.753  2.450  39.686 0.0000000000
48066  -16.958  2.276  38.356 0.0000000000
97774  -20.051  2.005  48.671 0.0000000000
97763  -19.561  2.111  48.639 0.0000000000
97762  -18.952  1.935  48.384 0.0000000000
97841  -18.364  1.806  48.056 0.0000000000
97772  -18.074  2.581  48.526 0.0000000000
46903  -15.844  1.845  47.532 0.0000000000
46897  -14.929  1.287  47.038 0.0000000000
46896  -13.923  1.064  47.981 0.0000000000
43807  -13.798  -0.281  49.691 0.0000000000
43819  -13.538  -0.519  48.812 0.0000000000
97755  -14.903  -0.498  46.899 0.0000000000
43826  -16.448  -1.394  46.977 0.0000000000
43833  -16.033  -1.367  45.898 0.0000000000
97776  -14.961  -1.308  45.854 0.0000000000
43868  -15.147  -1.183  44.484 0.0000000000
42895  -17.860  -1.318  42.845 0.0000000000
43910  -19.938  -1.143  42.497 0.0000000000
97692  -19.590  -5.530  44.758 0.0000000000
97682  -17.510  -5.500  45.523 0.0000000000
97675  -18.147  -4.575  44.390 0.0000000000
97679  -17.513  -4.743  44.799 0.0000000000
40131  -15.931  -6.088  44.426 0.0000000000
97690  -17.879  -4.894  44.536 0.0000000000
97699  -19.965  -5.149  43.145 0.0000000000
97701  -20.719  -4.945  43.474 0.0000000000
41090  -20.890  -4.207  41.828 0.0000000000
39131  -19.813  -6.340  41.356 0.0000000000
38156  -17.685  -7.769  40.854 0.0000000000
56100  -51.206  11.483  21.904 0.0000000000
55231  -49.870  9.960  22.466 0.0000000000
55236  -49.913  10.534  21.861 0.0000000000
55984  -43.605  11.156  30.930 0.0000000000
55137  -43.043  10.513  31.741 0.0000000000
55147  -42.899  10.421  30.996 0.0000000000
43927  -16.994  -1.465  40.634 0.0000000000
43966  -19.917  -1.069  39.754 0.0000000000
42943  -19.748  -2.079  38.966 0.0000000000
42944  -20.897  -1.992  40.060 0.0000000000
48833  -14.051  3.605  50.089 0.0000000000
47904  -13.523  2.312  48.821 0.0000000000
47905  -13.853  2.495  49.001 0.0000000000
56032  -47.663  11.786  26.030 0.0000000000
48060  -23.289  1.982  39.059 0.0000000000
48043  -23.425  1.839  40.169 0.0000000000
46994  -23.705  1.586  39.561 0.0000000000
45927  -31.744  0.114  40.327 0.0000000000
45938  -31.613  0.117  39.207 0.0000000000
44917  -30.428  -0.514  40.330 0.0000000000
49889  -18.670  4.991  39.225 0.0000000000
50810  -18.861  5.981  38.984 0.0000000000
42973  -10.705  -2.055  37.021 0.0000000000
97809  -19.547  1.267  46.841 0.0000000000
97714  -21.143  -2.980  43.660 0.0000000000
48077  -45.006  2.275  38.247 0.0000000000
49021  -45.486  3.277  37.781 0.0000000000
43976  -36.488  -1.322  39.313 0.0000000000
56913  -44.298  12.475  28.108 0.0000000000
55032  -16.820  10.509  42.310 0.0000000000
54246  -16.518  9.814  41.994 0.0000000000
54266  -16.865  9.504  41.616 0.0000000000
44889  -11.653  0.094  43.367 0.0000000000
44888  -11.833  -0.389  42.897 0.0000000000
42016  -15.253  -2.707  38.645 0.0000000000
42015  -14.448  -3.235  38.777 0.0000000000
42956  -13.595  -3.155  38.563 0.0000000000
46898  -24.353  1.154  51.055 0.0000000000
47902  -23.966  1.464  50.804 0.0000000000
45827  -24.598  0.414  50.960 0.0000000000
42852  -22.288  -3.258  48.190 0.0000000000
55105  -42.324  10.173  34.568 0.0000000000
55095  -42.830  10.231  35.188 0.0000000000
46028  -44.249  0.794  33.958 0.0000000000
54334  -41.608  9.542  34.194 0.0000000000
46957  -35.244  1.812  44.388 0.0000000000
46968  -35.484  1.800  43.770 0.0000000000
46976  -34.892  1.228  43.368 0.0000000000
45901  -34.607  0.417  43.912 0.0000000000
42875  -36.123  -2.150  44.208 0.0000000000
40182  -34.105  -5.526  39.434 0.0000000000
40173  -33.708  -5.348  40.084 0.0000000000
41109  -33.378  -4.776  40.524 0.0000000000
40181  -33.521  -5.725  39.678 0.0000000000
39155  -33.067  -6.200  39.345 0.0000000000
50721  -13.363  5.216  47.638 0.0000000000
51683  -13.694  6.143  47.964 0.0000000000
50722  -13.559  5.970  47.412 0.0000000000
50728  -13.804  5.722  46.723 0.0000000000
49811  -12.601  4.166  46.264 0.0000000000
97783  -14.247  -0.803  45.674 0.0000000000
55209  -50.899  10.578  25.052 0.0000000000
45880  -25.814  0.622  45.820 0.0000000000
46936  -25.490  1.356  46.425 0.0000000000
45874  -26.473  -0.215  47.139 0.0000000000
41117  -28.623  -4.580  39.397 0.0000000000
41106  -28.358  -4.930  40.480 0.0000000000
42915  -26.677  -3.269  42.159 0.0000000000
42929  -26.235  -2.640  40.892 0.0000000000
43951  -25.501  -1.432  41.080 0.0000000000
42913  -25.711  -2.027  42.236 0.0000000000
42896  -25.809  -1.866  42.522 0.0000000000
49856  -17.363  4.086  42.678 0.0000000000
48939  -16.917  3.390  42.612 0.0000000000
46989  -11.757  1.103  40.721 0.0000000000
46990  -12.333  1.554  40.581 0.0000000000
45946  -12.870  0.571  38.102 0.0000000000
47019  -13.947  0.950  38.476 0.0000000000
47031  -14.600  0.976  37.855 0.0000000000
97802  -18.092  3.173  48.793 0.0000000000
97800  -21.580  1.004  48.207 0.0000000000
97753  -18.276  0.072  48.571 0.0000000000
97741  -17.791  -0.638  49.018 0.0000000000
97724  -17.456  -0.851  50.902 0.0000000000
97723  -16.928  -1.375  50.175 0.0000000000
97732  -16.511  -1.362  49.854 0.0000000000
97733  -16.933  -1.377  48.995 0.0000000000
40095  -13.664  -5.927  46.836 0.0000000000
40109  -14.376  -5.795  46.595 0.0000000000
47013  -44.123  0.570  38.596 0.0000000000
43978  -39.694  -1.355  39.908 0.0000000000
98124  -40.951  0.276  39.280 0.0000000000
44940  -40.660  -1.452  39.962 0.0000000000
43987  -40.623  -1.490  40.239 0.0000000000
43986  -40.290  -1.482  40.064 0.0000000000
97603  -51.324  11.494  20.067 0.0000000000
56110  -51.168  11.486  20.939 0.0000000000
97478  -48.277  7.723  21.900 0.0000000000
51072  -47.769  7.355  21.082 0.0000000000
52034  -48.455  8.044  21.347 0.0000000000
52924  -48.004  9.493  19.860 0.0000000000
53679  -48.494  9.831  19.941 0.0000000000
97599  -49.204  10.429  20.220 0.0000000000
56894  -45.351  12.794  29.953 0.0000000000
56878  -44.731  12.415  30.486 0.0000000000
54362  -39.859  9.368  31.008 0.0000000000
54374  -40.494  9.283  30.486 0.0000000000
54384  -41.501  9.428  29.856 0.0000000000
53586  -41.438  9.020  29.123 0.0000000000
97494  -41.898  9.431  29.206 0.0000000000
41976  -14.092  -1.924  42.865 0.0000000000
41982  -13.588  -1.846  42.270 0.0000000000
41984  -14.352  -2.286  42.136 0.0000000000
42926  -17.133  -1.941  39.721 0.0000000000
42940  -16.697  -2.158  39.224 0.0000000000
42939  -15.740  -2.208  39.257 0.0000000000
42958  -16.998  -2.220  38.356 0.0000000000
42030  -17.498  -3.046  37.810 0.0000000000
42031  -18.451  -3.101  37.673 0.0000000000
41112  -19.967  -4.583  39.041 0.0000000000
41124  -19.897  -4.594  37.777 0.0000000000
40183  -19.967  -5.784  38.202 0.0000000000
38162  -19.064  -7.979  38.986 0.0000000000
38163  -19.607  -7.747  39.177 0.0000000000
42844  -24.716  -1.991  49.725 0.0000000000
42836  -24.337  -2.231  50.831 0.0000000000
41935  -24.157  -3.129  50.298 0.0000000000
53541  -43.218  8.363  35.074 0.0000000000
49062  -43.792  4.054  34.330 0.0000000000
49990  -43.481  4.681  33.562 0.0000000000
52759  -43.365  7.649  34.863 0.0000000000
51854  -42.787  6.942  34.362 0.0000000000
48883  -34.775  3.240  45.763 0.0000000000
47952  -34.786  2.723  45.957 0.0000000000
42025  -35.474  -3.734  39.420 0.0000000000
53712  -51.242  10.469  15.535 0.0000000000
97546  -51.091  9.946  15.524 0.0000000000
52977  -52.119  9.621  14.993 0.0000000000
53727  -52.160  10.161  15.237 0.0000000000
48855  -12.604  3.038  48.035 0.0000000000
48846  -12.742  3.182  48.917 0.0000000000
46901  -12.604  1.315  49.559 0.0000000000
47921  -12.558  1.450  48.918 0.0000000000
45855  -12.198  0.676  48.916 0.0000000000
45856  -12.726  0.710  47.915 0.0000000000
44824  -12.886  0.166  48.482 0.0000000000
56034  -49.833  11.431  26.015 0.0000000000
97468  -45.152  11.026  25.216 0.0000000000
97471  -45.869  10.928  25.198 0.0000000000
55207  -49.276  10.729  25.287 0.0000000000
48007  -22.774  2.068  42.115 0.0000000000
48008  -24.340  2.125  42.587 0.0000000000
48926  -24.155  2.635  43.312 0.0000000000
47993  -24.668  2.229  43.264 0.0000000000
46966  -25.328  1.660  43.393 0.0000000000
41086  -27.318  -4.008  41.952 0.0000000000
41093  -25.916  -3.710  41.304 0.0000000000
51722  -16.289  6.633  44.044 0.0000000000
50771  -15.152  5.024  42.776 0.0000000000
50761  -16.168  6.023  43.486 0.0000000000
43980  -10.765  -0.778  38.741 0.0000000000
44931  -10.852  -0.405  38.168 0.0000000000
45960  -10.654  0.059  37.707 0.0000000000
45981  -11.292  0.118  36.646 0.0000000000
44949  -10.906  -0.638  36.072 0.0000000000
97788  -18.070  1.177  47.182 0.0000000000
97805  -16.462  0.784  46.873 0.0000000000
97780  -17.869  2.836  48.605 0.0000000000
44854  -21.818  -0.175  45.107 0.0000000000
44840  -20.908  -0.008  46.435 0.0000000000
44851  -18.640  -0.163  45.908 0.0000000000
43836  -18.435  -0.737  45.761 0.0000000000
97709  -17.512  -4.129  44.554 0.0000000000
46015  -43.537  0.203  35.001 0.0000000000
45978  -43.161  0.115  36.745 0.0000000000
47045  -45.129  1.857  36.703 0.0000000000
47061  -44.606  1.632  36.222 0.0000000000
48116  -45.135  2.549  36.087 0.0000000000
49039  -44.928  3.994  36.449 0.0000000000
45958  -37.875  1.112  38.328 0.0000000000
43883  -37.931  -0.789  44.680 0.0000000000
43940  -40.104  -1.492  41.978 0.0000000000
43937  -36.923  -1.482  41.098 0.0000000000
43918  -37.953  -1.501  42.370 0.0000000000
43916  -36.061  -1.533  41.750 0.0000000000
42918  -35.646  -1.843  41.677 0.0000000000
43982  -34.751  -1.758  38.819 0.0000000000
97566  -52.303  10.663  17.814 0.0000000000
52925  -48.058  10.423  19.219 0.0000000000
52932  -48.373  10.386  18.277 0.0000000000
53698  -49.410  9.720  17.993 0.0000000000
53711  -50.041  9.473  17.066 0.0000000000
97557  -52.121  10.531  17.587 0.0000000000
56916  -47.148  12.932  27.458 0.0000000000
57795  -46.867  13.512  29.129 0.0000000000
57796  -47.681  13.966  28.765 0.0000000000
57778  -46.004  13.481  30.434 0.0000000000
55193  -43.816  10.867  26.467 0.0000000000
41128  -30.727  -4.203  39.031 0.0000000000
40178  -30.496  -5.552  38.795 0.0000000000
39152  -30.195  -6.397  39.165 0.0000000000
54281  -15.361  9.337  40.703 0.0000000000
51745  -18.719  6.350  40.925 0.0000000000
48918  -12.741  3.394  43.493 0.0000000000
45905  -11.770  1.052  42.263 0.0000000000
46980  -12.001  1.393  42.173 0.0000000000
45913  -11.803  1.167  41.952 0.0000000000
46981  -12.038  1.409  41.625 0.0000000000
42906  -12.679  -1.681  41.508 0.0000000000
42905  -12.160  -1.353  41.658 0.0000000000
42920  -11.846  -1.732  40.230 0.0000000000
43945  -12.147  -1.352  40.618 0.0000000000
43944  -11.500  -1.385  40.258 0.0000000000
44912  -10.849  -0.753  40.012 0.0000000000
43943  -10.737  -1.143  39.687 0.0000000000
43963  -11.222  -1.517  39.425 0.0000000000
41134  -17.092  -5.033  37.083 0.0000000000
40191  -17.483  -6.953  37.173 0.0000000000
45825  -23.766  0.991  50.011 0.0000000000
45835  -22.781  1.367  49.177 0.0000000000
46906  -23.224  0.516  49.144 0.0000000000
43804  -23.615  -0.958  50.831 0.0000000000
42841  -23.726  -2.122  49.964 0.0000000000
43822  -23.624  -1.286  48.434 0.0000000000
44826  -23.446  -0.528  47.731 0.0000000000
43838  -23.180  -1.210  46.698 0.0000000000
44842  -23.161  -0.854  46.649 0.0000000000
43828  -22.994  -1.475  46.781 0.0000000000
41960  -21.702  -3.846  45.947 0.0000000000
41965  -21.724  -3.669  44.707 0.0000000000
48127  -43.793  2.598  33.627 0.0000000000
47095  -43.671  1.560  33.533 0.0000000000
48137  -43.455  2.289  32.824 0.0000000000
52767  -40.436  7.495  33.668 0.0000000000
51880  -40.342  6.571  32.805 0.0000000000
52777  -40.177  7.459  33.167 0.0000000000
53558  -40.162  8.461  32.549 0.0000000000
55125  -41.810  10.248  32.884 0.0000000000
54354  -41.235  9.610  32.603 0.0000000000
55136  -42.406  10.055  32.204 0.0000000000
45920  -34.610  0.408  42.088 0.0000000000
45930  -34.576  0.344  40.988 0.0000000000
45928  -32.649  0.166  40.553 0.0000000000
45918  -32.681  0.204  41.648 0.0000000000
43860  -35.204  -1.129  45.320 0.0000000000
44847  -35.565  0.223  46.489 0.0000000000
44861  -34.838  -0.278  45.714 0.0000000000
45883  -34.737  0.429  45.297 0.0000000000
44881  -34.428  -0.756  44.922 0.0000000000
41089  -35.393  -4.142  41.966 0.0000000000
41980  -35.708  -3.345  43.107 0.0000000000
41990  -35.355  -3.771  42.447 0.0000000000
41977  -33.617  -3.086  42.947 0.0000000000
41978  -33.965  -3.270  43.150 0.0000000000
43878  -32.929  -0.905  44.256 0.0000000000
43897  -32.787  -1.288  43.279 0.0000000000
44892  -32.694  -0.354  43.587 0.0000000000
42884  -32.810  -1.998  42.755 0.0000000000
42917  -32.495  -2.111  41.430 0.0000000000
42000  -31.808  -2.963  41.177 0.0000000000
42011  -31.715  -3.581  40.324 0.0000000000
40171  -32.148  -5.382  39.840 0.0000000000
38169  -32.597  -6.889  39.031 0.0000000000
39154  -32.140  -6.164  39.200 0.0000000000
53000  -51.703  10.303  14.343 0.0000000000
52999  -51.552  10.009  14.081 0.0000000000
53748  -51.542  10.509  13.972 0.0000000000
53024  -50.954  10.248  13.049 0.0000000000
53765  -52.203  10.490  13.155 0.0000000000
52643  -16.488  7.330  45.637 0.0000000000
51711  -15.334  6.475  45.096 0.0000000000
52629  -15.145  6.516  47.800 0.0000000000
51691  -15.211  6.598  46.764 0.0000000000
51698  -14.814  6.279  46.272 0.0000000000
48890  -12.614  3.174  45.048 0.0000000000
46954  -12.662  1.766  44.655 0.0000000000
46953  -12.700  1.146  44.642 0.0000000000
47948  -12.905  2.325  46.510 0.0000000000
44834  -13.217  0.293  45.248 0.0000000000
45870  -12.815  0.644  45.609 0.0000000000
44849  -13.057  0.067  44.483 0.0000000000
43865  -12.744  -1.080  43.469 0.0000000000
43891  -14.043  -1.217  43.581 0.0000000000
97677  -15.485  -1.724  43.243 0.0000000000
55225  -51.385  11.126  23.671 0.0000000000
97465  -47.739  9.183  24.583 0.0000000000
53642  -48.168  8.671  24.028 0.0000000000
53647  -48.165  8.522  23.240 0.0000000000
54450  -49.983  9.523  23.292 0.0000000000
54455  -50.208  9.786  22.889 0.0000000000
97828  -22.927  3.340  47.260 0.0000000000
48856  -23.750  3.373  47.937 0.0000000000
49787  -24.154  3.024  49.347 0.0000000000
48857  -24.577  2.801  48.233 0.0000000000
48897  -23.987  3.229  45.154 0.0000000000
46930  -25.512  1.242  47.392 0.0000000000
46921  -25.533  1.008  48.373 0.0000000000
47932  -25.463  1.832  48.721 0.0000000000
45848  -25.852  0.600  48.792 0.0000000000
45849  -25.920  0.337  49.280 0.0000000000
45860  -26.401  -0.127  48.773 0.0000000000
43825  -26.141  -1.358  47.911 0.0000000000
43824  -25.379  -1.624  48.538 0.0000000000
43830  -24.898  -1.671  48.081 0.0000000000
42855  -24.728  -2.254  48.354 0.0000000000
42859  -24.886  -2.217  47.473 0.0000000000
42965  -30.252  -3.076  38.729 0.0000000000
43973  -29.852  -1.529  39.729 0.0000000000
42964  -29.431  -2.816  38.654 0.0000000000
42949  -28.933  -2.172  39.294 0.0000000000
43971  -28.262  -1.455  39.391 0.0000000000
44936  -28.580  -0.389  38.423 0.0000000000
44925  -27.541  -0.775  39.086 0.0000000000
41105  -28.050  -4.550  40.326 0.0000000000
42010  -27.463  -3.946  40.575 0.0000000000
43969  -26.163  -1.562  39.492 0.0000000000
45935  -26.211  0.153  38.847 0.0000000000
44914  -24.516  -0.014  40.392 0.0000000000
45933  -25.025  0.284  39.649 0.0000000000
45923  -25.003  0.794  40.215 0.0000000000
45915  -24.433  0.704  41.129 0.0000000000
46983  -24.361  1.376  40.878 0.0000000000
43894  -25.510  -1.203  43.392 0.0000000000
44890  -25.545  -0.428  43.695 0.0000000000
44875  -26.337  -0.472  44.622 0.0000000000
42871  -26.380  -2.274  43.721 0.0000000000
42883  -26.627  -2.312  43.221 0.0000000000
43858  -26.375  -2.132  44.951 0.0000000000
44845  -26.061  -1.765  45.779 0.0000000000
44844  -26.395  -1.531  45.784 0.0000000000
54999  -17.850  10.692  43.608 0.0000000000
55016  -17.661  10.726  42.980 0.0000000000
52673  -17.590  8.118  41.570 0.0000000000
48934  -12.715  3.155  42.600 0.0000000000
48920  -13.833  3.422  43.492 0.0000000000
48017  -13.249  2.633  41.310 0.0000000000
48953  -14.611  3.211  41.890 0.0000000000
47003  -12.003  1.451  39.781 0.0000000000
47004  -12.809  1.477  39.580 0.0000000000
46993  -14.367  1.610  40.203 0.0000000000
46992  -13.595  1.637  40.231 0.0000000000
48019  -14.740  2.572  41.305 0.0000000000
48969  -15.977  3.204  40.958 0.0000000000
47021  -15.954  1.466  38.553 0.0000000000
47907  -15.233  3.596  48.628 0.0000000000
97778  -20.706  2.312  49.297 0.0000000000
97767  -20.410  2.013  49.066 0.0000000000
44839  -19.914  0.042  46.458 0.0000000000
97793  -19.002  1.773  47.866 0.0000000000
97842  -17.128  2.114  47.849 0.0000000000
97769  -16.788  0.987  47.119 0.0000000000
45823  -15.410  0.153  49.629 0.0000000000
97759  -15.608  0.520  47.862 0.0000000000
45822  -14.969  0.479  48.915 0.0000000000
45833  -14.606  0.340  49.208 0.0000000000
45832  -14.083  0.531  48.909 0.0000000000
43801  -14.174  -0.598  50.107 0.0000000000
97748  -14.508  -1.348  48.954 0.0000000000
43814  -13.787  -1.190  49.158 0.0000000000
97758  -14.036  -0.645  48.255 0.0000000000
43848  -14.610  -1.263  45.128 0.0000000000
97686  -17.948  -1.160  43.422 0.0000000000
97673  -16.538  -1.422  43.534 0.0000000000
97684  -18.422  -1.284  42.947 0.0000000000
97695  -19.078  -1.242  42.797 0.0000000000
97705  -19.942  -1.433  42.985 0.0000000000
41945  -17.911  -5.515  45.721 0.0000000000
41065  -15.425  -5.600  46.044 0.0000000000
41066  -16.546  -5.643  46.059 0.0000000000
41963  -15.071  -5.519  45.496 0.0000000000
97671  -16.814  -5.484  44.979 0.0000000000
97693  -17.345  -4.610  44.983 0.0000000000
97663  -17.208  -5.555  44.350 0.0000000000
97689  -17.894  -5.494  44.576 0.0000000000
97681  -18.552  -5.500  44.386 0.0000000000
97678  -18.838  -5.688  43.471 0.0000000000
40150  -20.247  -5.697  42.699 0.0000000000
41083  -20.793  -4.473  42.721 0.0000000000
40158  -20.926  -5.173  41.705 0.0000000000
40164  -20.794  -5.397  40.925 0.0000000000
48051  -44.524  1.361  40.123 0.0000000000
98093  -41.666  -0.792  41.257 0.0000000000
98104  -41.640  -0.879  40.937 0.0000000000
52908  -48.389  8.322  21.446 0.0000000000
56842  -44.929  12.454  32.288 0.0000000000
54375  -41.261  9.477  30.824 0.0000000000
54376  -41.985  9.516  31.187 0.0000000000
55158  -42.476  9.927  30.725 0.0000000000
42893  -15.075  -2.267  42.261 0.0000000000
42910  -16.067  -2.008  41.273 0.0000000000
42942  -18.527  -2.018  38.900 0.0000000000
42960  -19.040  -2.547  38.093 0.0000000000
42018  -20.516  -3.246  39.078 0.0000000000
42850  -24.712  -2.696  49.057 0.0000000000
41940  -24.204  -3.243  49.453 0.0000000000
41943  -23.707  -3.374  48.958 0.0000000000
41053  -23.177  -3.500  48.531 0.0000000000
49971  -44.457  4.777  35.021 0.0000000000
50898  -43.914  5.584  34.482 0.0000000000
51845  -43.828  7.046  35.393 0.0000000000
49796  -36.095  3.354  46.563 0.0000000000
42038  -35.459  -3.806  38.518 0.0000000000
97552  -51.329  10.162  16.650 0.0000000000
55257  -52.423  11.330  16.336 0.0000000000
49780  -13.568  3.890  49.713 0.0000000000
48841  -13.286  3.186  49.394 0.0000000000
46902  -12.959  1.499  49.376 0.0000000000
45839  -12.805  1.098  50.198 0.0000000000
48025  -23.166  2.127  41.391 0.0000000000
47026  -34.010  1.112  38.898 0.0000000000
51773  -17.956  6.839  39.433 0.0000000000
51721  -15.675  6.359  44.494 0.0000000000
50770  -14.821  4.518  43.036 0.0000000000
43989  -11.202  -1.072  37.582 0.0000000000
44943  -10.963  -0.651  37.653 0.0000000000
43988  -10.760  -1.598  37.188 0.0000000000
43872  -21.940  -1.041  44.128 0.0000000000
43853  -21.095  -0.573  44.532 0.0000000000
43871  -20.651  -1.527  43.957 0.0000000000
97697  -19.172  -1.915  43.137 0.0000000000
47029  -44.527  1.309  37.940 0.0000000000
48086  -44.749  1.741  37.607 0.0000000000
48103  -45.288  2.441  36.483 0.0000000000
49053  -45.379  2.891  36.017 0.0000000000
98116  -40.182  2.061  38.246 0.0000000000
43959  -39.278  -1.490  40.712 0.0000000000
43956  -35.611  -1.243  40.344 0.0000000000
44928  -35.921  -0.991  39.568 0.0000000000
56018  -43.756  12.225  27.925 0.0000000000
56020  -45.258  12.002  27.224 0.0000000000
38167  -30.857  -7.062  39.018 0.0000000000
54282  -15.964  9.460  40.835 0.0000000000
54265  -16.407  9.445  41.256 0.0000000000
53452  -16.629  9.025  41.031 0.0000000000
46962  -12.561  1.969  43.928 0.0000000000
46973  -12.538  2.184  43.341 0.0000000000
46972  -12.155  1.481  43.263 0.0000000000
45906  -11.717  0.772  42.805 0.0000000000
42923  -14.316  -2.368  40.329 0.0000000000
42922  -13.315  -2.348  40.419 0.0000000000
42936  -12.493  -2.359  39.691 0.0000000000
48837  -23.404  2.574  49.557 0.0000000000
48830  -23.028  2.321  50.232 0.0000000000
47901  -23.328  1.684  50.153 0.0000000000
46889  -23.791  1.326  50.693 0.0000000000
42848  -23.272  -2.626  48.870 0.0000000000
42858  -23.287  -2.235  47.453 0.0000000000
42857  -22.615  -2.120  46.899 0.0000000000
41950  -22.269  -3.358  47.013 0.0000000000
55116  -42.156  10.468  33.661 0.0000000000
55117  -43.137  10.604  33.884 0.0000000000
52769  -42.195  7.649  33.812 0.0000000000
54343  -40.488  9.120  32.965 0.0000000000
54344  -41.122  9.303  33.450 0.0000000000
55115  -41.512  10.030  33.606 0.0000000000
46977  -35.507  1.874  42.905 0.0000000000
46984  -34.896  1.284  42.445 0.0000000000
45911  -33.731  0.080  42.895 0.0000000000
43862  -37.010  -0.827  45.547 0.0000000000
44863  -36.273  -0.372  46.144 0.0000000000
43861  -36.104  -1.114  45.385 0.0000000000
43881  -35.786  -1.687  44.667 0.0000000000
41098  -34.592  -4.475  41.296 0.0000000000
41088  -34.908  -4.391  42.095 0.0000000000
41087  -34.034  -4.376  42.071 0.0000000000
42002  -33.394  -3.983  41.736 0.0000000000
42901  -33.012  -2.609  42.604 0.0000000000
41096  -32.957  -4.247  41.174 0.0000000000
41108  -32.447  -4.590  40.454 0.0000000000
39143  -32.668  -5.815  39.791 0.0000000000
53747  -48.700  9.729  14.361 0.0000000000
51685  -14.989  6.470  47.325 0.0000000000
51690  -14.418  6.385  46.922 0.0000000000
50736  -12.711  4.758  45.818 0.0000000000
43847  -13.326  -0.921  44.576 0.0000000000
43867  -14.285  -1.237  44.364 0.0000000000
54449  -49.282  9.162  23.415 0.0000000000
97827  -23.124  3.280  46.640 0.0000000000
47964  -25.149  2.280  45.039 0.0000000000
47963  -24.582  2.644  45.655 0.0000000000
47951  -25.257  2.203  46.033 0.0000000000
45866  -26.083  0.453  47.746 0.0000000000
45867  -26.478  -0.182  48.062 0.0000000000
43832  -26.128  -1.407  47.122 0.0000000000
41126  -29.512  -4.348  38.604 0.0000000000
42034  -28.075  -3.203  38.680 0.0000000000
42962  -27.736  -2.824  38.888 0.0000000000
41999  -27.154  -3.739  41.681 0.0000000000
42009  -26.745  -3.262  40.205 0.0000000000
43968  -25.525  -1.542  40.168 0.0000000000
44915  -25.189  -0.666  40.730 0.0000000000
44909  -25.208  -0.682  41.683 0.0000000000
43912  -25.568  -1.613  42.700 0.0000000000
43895  -25.972  -1.517  43.508 0.0000000000
97055  -25.526  -2.551  43.861 0.0000000000
97047  -25.319  -2.371  45.594 0.0000000000
48951  -12.879  3.133  41.809 0.0000000000
48016  -12.681  2.274  41.300 0.0000000000
47007  -15.606  1.558  39.264 0.0000000000
97747  -20.225  1.996  47.879 0.0000000000
97808  -19.317  0.027  46.589 0.0000000000
97751  -17.767  0.277  49.659 0.0000000000
97792  -16.969  0.588  48.212 0.0000000000
97738  -17.356  0.240  50.369 0.0000000000
97720  -16.302  -0.726  51.237 0.0000000000
43803  -15.519  -0.856  51.241 0.0000000000
42832  -14.309  -0.970  50.498 0.0000000000
97726  -15.364  -1.323  50.477 0.0000000000
97742  -15.540  -1.339  48.887 0.0000000000
97698  -18.987  -2.906  43.294 0.0000000000
97669  -17.508  -5.805  43.697 0.0000000000
45996  -41.565  0.975  36.891 0.0000000000
43985  -37.953  -0.160  39.449 0.0000000000
44939  -38.274  0.512  39.195 0.0000000000
45942  -38.801  1.035  39.303 0.0000000000
98113  -40.636  1.924  37.260 0.0000000000
98097  -41.126  -1.419  40.940 0.0000000000
43960  -40.562  -1.490  40.898 0.0000000000
97575  -51.247  11.472  19.295 0.0000000000
52033  -48.283  8.343  21.098 0.0000000000
52046  -47.614  7.701  20.401 0.0000000000
52056  -47.176  8.356  19.572 0.0000000000
53685  -48.580  10.290  19.534 0.0000000000
97500  -41.582  9.141  27.999 0.0000000000
56009  -43.518  11.564  28.418 0.0000000000
56903  -43.696  12.223  28.679 0.0000000000
56904  -44.125  12.475  28.795 0.0000000000
42867  -12.266  -0.857  42.789 0.0000000000
43888  -12.056  -0.805  42.664 0.0000000000
42891  -12.757  -1.601  42.000 0.0000000000
41993  -13.318  -2.228  41.969 0.0000000000
42908  -13.988  -2.344  41.139 0.0000000000
42909  -14.880  -2.347  41.189 0.0000000000
42043  -16.040  -3.877  37.151 0.0000000000
42029  -16.250  -2.979  38.081 0.0000000000
40193  -18.811  -5.502  37.049 0.0000000000
42032  -19.153  -3.795  37.956 0.0000000000
40194  -19.709  -5.460  37.164 0.0000000000
39169  -19.239  -6.422  37.080 0.0000000000
39144  -19.062  -7.834  37.531 0.0000000000
44802  -25.291  -0.100  50.943 0.0000000000
44801  -24.784  -0.215  50.857 0.0000000000
43799  -24.384  -1.017  50.607 0.0000000000
41926  -24.072  -2.141  51.328 0.0000000000
41933  -23.593  -2.453  50.502 0.0000000000
41939  -23.431  -3.263  49.619 0.0000000000
41938  -22.715  -2.948  49.543 0.0000000000
41937  -22.486  -3.447  48.755 0.0000000000
54326  -42.700  9.560  35.264 0.0000000000
47096  -44.174  1.280  33.901 0.0000000000
48123  -43.949  2.362  34.146 0.0000000000
48128  -44.179  2.620  34.041 0.0000000000
50011  -43.207  4.448  32.699 0.0000000000
50010  -42.532  4.641  32.130 0.0000000000
50921  -42.379  5.648  32.680 0.0000000000
51868  -42.480  6.381  33.562 0.0000000000
51869  -43.082  6.392  34.005 0.0000000000
48899  -34.739  3.148  45.106 0.0000000000
46956  -34.901  1.351  44.836 0.0000000000
41991  -36.190  -3.282  42.422 0.0000000000
42004  -36.181  -3.343  41.667 0.0000000000
41122  -35.154  -4.335  39.836 0.0000000000
41111  -35.100  -4.386  40.713 0.0000000000
97543  -50.663  9.876  15.766 0.0000000000
97542  -50.117  9.494  14.528 0.0000000000
97559  -50.251  9.533  13.938 0.0000000000
52989  -51.706  9.688  14.608 0.0000000000
52990  -52.101  9.910  14.648 0.0000000000
53713  -51.409  10.745  15.430 0.0000000000
51682  -13.681  5.521  48.334 0.0000000000
46920  -12.738  1.456  47.947 0.0000000000
47922  -12.949  2.199  48.557 0.0000000000
56053  -50.632  11.078  25.549 0.0000000000
54432  -48.037  9.616  25.018 0.0000000000
48924  -22.670  2.368  43.529 0.0000000000
49835  -23.905  3.076  43.734 0.0000000000
48943  -23.537  2.277  42.534 0.0000000000
49836  -24.215  3.004  43.779 0.0000000000
45889  -25.652  0.701  44.852 0.0000000000
39141  -27.983  -5.583  40.568 0.0000000000
40168  -27.911  -5.411  40.898 0.0000000000
40162  -28.184  -4.992  41.240 0.0000000000
40161  -27.730  -4.936  41.292 0.0000000000
41985  -26.727  -3.006  42.601 0.0000000000
41085  -26.282  -3.011  42.008 0.0000000000
53427  -17.682  8.680  44.258 0.0000000000
45931  -10.889  0.504  39.640 0.0000000000
47002  -11.324  1.373  40.009 0.0000000000
47015  -10.734  1.130  39.580 0.0000000000
45944  -11.210  1.044  38.584 0.0000000000
45945  -11.940  0.757  38.346 0.0000000000
45963  -12.983  0.466  37.287 0.0000000000
97806  -16.388  2.179  46.658 0.0000000000
97832  -16.010  3.104  48.043 0.0000000000
45864  -22.401  0.236  47.148 0.0000000000
97764  -18.158  -0.520  46.922 0.0000000000
44830  -17.823  -0.623  47.275 0.0000000000
44836  -17.964  -0.785  46.720 0.0000000000
43835  -18.199  -1.211  46.093 0.0000000000
46027  -43.641  0.294  34.150 0.0000000000
45977  -42.501  0.477  36.638 0.0000000000
45999  -43.258  0.567  35.992 0.0000000000
49052  -44.765  3.643  35.909 0.0000000000
43863  -37.480  -0.445  45.546 0.0000000000
43902  -39.066  -1.457  43.771 0.0000000000
42919  -36.295  -2.759  41.669 0.0000000000
42933  -35.563  -2.329  40.724 0.0000000000
43955  -34.897  -1.778  40.226 0.0000000000
42966  -34.912  -2.396  39.277 0.0000000000
52961  -47.424  9.098  17.161 0.0000000000
97549  -51.149  9.818  16.692 0.0000000000
97554  -51.851  10.395  17.196 0.0000000000
97558  -52.185  10.563  17.228 0.0000000000
57779  -46.842  13.574  30.095 0.0000000000
56048  -45.141  11.595  25.583 0.0000000000
56030  -45.504  11.856  26.451 0.0000000000
42931  -31.262  -2.167  40.254 0.0000000000
42930  -30.579  -1.946  40.009 0.0000000000
42023  -30.731  -3.432  39.275 0.0000000000
42037  -30.396  -3.636  38.822 0.0000000000
41127  -30.368  -4.134  38.718 0.0000000000
40185  -29.867  -5.045  38.547 0.0000000000
39150  -28.255  -6.020  39.892 0.0000000000
53469  -16.407  8.762  40.514 0.0000000000
50798  -18.846  5.628  40.166 0.0000000000
49842  -13.503  4.137  43.768 0.0000000000
49841  -12.928  3.850  43.609 0.0000000000
48000  -12.519  2.070  42.814 0.0000000000
48932  -12.516  2.014  42.364 0.0000000000
48015  -12.515  1.952  41.675 0.0000000000
46988  -11.392  0.855  40.283 0.0000000000
43907  -11.739  -1.212  42.111 0.0000000000
44906  -11.544  -0.756  41.798 0.0000000000
44907  -11.574  -0.361  41.478 0.0000000000
43926  -12.415  -1.382  40.866 0.0000000000
45932  -11.441  0.200  39.978 0.0000000000
45921  -11.182  0.673  40.107 0.0000000000
43981  -11.272  -1.145  38.427 0.0000000000
42954  -11.690  -2.083  38.976 0.0000000000
42969  -11.437  -2.123  37.628 0.0000000000
97777  -21.557  2.087  50.041 0.0000000000
47900  -22.435  2.128  50.393 0.0000000000
46887  -22.084  1.675  50.189 0.0000000000
97765  -21.902  1.510  49.605 0.0000000000
46909  -22.345  1.011  48.798 0.0000000000
97790  -22.334  0.590  48.211 0.0000000000
44800  -24.360  -0.168  50.717 0.0000000000
43805  -23.845  -0.560  50.713 0.0000000000
44813  -23.569  -0.571  49.929 0.0000000000
42842  -23.635  -1.820  49.511 0.0000000000
43815  -23.555  -1.014  49.600 0.0000000000
44819  -23.547  -0.241  49.269 0.0000000000
45846  -23.116  0.451  48.652 0.0000000000
45857  -22.997  0.307  47.751 0.0000000000
44831  -22.676  -0.168  47.027 0.0000000000
44855  -22.663  -0.550  45.421 0.0000000000
42862  -22.757  -2.158  45.736 0.0000000000
42864  -22.808  -2.156  44.732 0.0000000000
43873  -22.704  -1.354  44.369 0.0000000000
42863  -22.258  -2.803  44.338 0.0000000000
41971  -21.522  -3.153  43.977 0.0000000000
97713  -20.687  -3.956  44.073 0.0000000000
55941  -43.793  11.344  34.307 0.0000000000
46043  -44.104  1.022  33.618 0.0000000000
53557  -39.539  8.996  31.994 0.0000000000
54353  -40.232  9.423  32.175 0.0000000000
54364  -41.189  9.510  31.675 0.0000000000
54365  -41.987  9.545  31.950 0.0000000000
48046  -35.455  2.162  41.111 0.0000000000
47012  -34.858  1.184  39.903 0.0000000000
45940  -33.639  0.161  39.645 0.0000000000
45916  -31.183  0.055  41.009 0.0000000000
47925  -35.928  2.341  46.824 0.0000000000
45862  -35.355  1.056  46.699 0.0000000000
46933  -34.951  1.483  46.075 0.0000000000
46947  -34.952  1.285  45.670 0.0000000000
45893  -34.679  0.508  44.606 0.0000000000
42887  -35.343  -2.793  43.550 0.0000000000
42873  -34.951  -2.333  44.005 0.0000000000
42886  -34.450  -2.487  43.416 0.0000000000
43899  -34.552  -1.675  43.785 0.0000000000
43879  -33.986  -1.105  44.274 0.0000000000
44880  -33.619  -0.434  44.552 0.0000000000
45892  -33.777  0.116  44.486 0.0000000000
45891  -33.197  0.163  44.146 0.0000000000
45899  -32.953  0.220  43.683 0.0000000000
42900  -32.799  -2.148  42.210 0.0000000000
43915  -32.495  -1.271  42.178 0.0000000000
44901  -31.863  -0.447  42.057 0.0000000000
43914  -31.682  -0.987  41.806 0.0000000000
43934  -31.493  -1.318  41.066 0.0000000000
41107  -31.631  -4.624  39.877 0.0000000000
40179  -31.556  -5.166  39.013 0.0000000000
40180  -32.071  -5.657  39.401 0.0000000000
53007  -51.307  10.641  13.516 0.0000000000
97564  -50.810  10.559  13.360 0.0000000000
54544  -51.101  10.376  11.353 0.0000000000
52642  -15.864  7.345  46.004 0.0000000000
51699  -15.376  6.748  45.976 0.0000000000
51710  -14.847  6.272  45.579 0.0000000000
50748  -13.647  5.064  44.437 0.0000000000
49831  -13.217  4.522  44.322 0.0000000000
48905  -12.596  3.413  44.284 0.0000000000
46961  -12.278  1.290  44.146 0.0000000000
44869  -11.876  0.045  44.230 0.0000000000
47949  -13.424  2.121  46.114 0.0000000000
46942  -12.917  1.359  45.278 0.0000000000
45878  -12.880  0.717  44.747 0.0000000000
44848  -12.200  -0.316  44.186 0.0000000000
42879  -13.866  -1.444  43.086 0.0000000000
43866  -13.459  -1.149  44.204 0.0000000000
42911  -17.174  -1.295  41.686 0.0000000000
43929  -18.953  -1.163  41.238 0.0000000000
56090  -51.135  11.446  22.906 0.0000000000
56918  -48.895  12.840  27.380 0.0000000000
97447  -46.682  7.072  22.359 0.0000000000
51061  -46.833  6.622  21.578 0.0000000000
51062  -47.450  6.984  21.674 0.0000000000
51063  -47.885  7.450  21.845 0.0000000000
97462  -48.215  8.025  22.351 0.0000000000
51056  -48.427  7.955  22.025 0.0000000000
53648  -49.120  8.671  23.073 0.0000000000
54453  -49.205  8.877  22.741 0.0000000000
54461  -49.098  9.056  22.530 0.0000000000
97813  -22.802  3.283  49.241 0.0000000000
97838  -23.562  3.100  49.395 0.0000000000
48838  -24.177  1.750  49.719 0.0000000000
48840  -24.959  1.482  50.019 0.0000000000
48881  -23.406  3.250  46.077 0.0000000000
47950  -24.701  2.602  46.650 0.0000000000
47941  -24.827  2.552  47.527 0.0000000000
48871  -24.320  3.077  47.289 0.0000000000
48858  -25.089  2.403  48.772 0.0000000000
48851  -25.312  1.711  49.312 0.0000000000
45838  -25.380  0.490  50.370 0.0000000000
45843  -25.503  0.181  49.974 0.0000000000
44821  -25.516  -0.842  49.540 0.0000000000
43817  -25.337  -1.543  49.352 0.0000000000
44827  -25.584  -0.937  48.944 0.0000000000
42856  -25.101  -2.284  48.824 0.0000000000
41952  -24.393  -3.296  47.531 0.0000000000
43953  -30.299  -1.376  40.185 0.0000000000
44916  -29.743  -0.444  39.909 0.0000000000
45936  -29.827  -0.010  39.027 0.0000000000
44927  -29.248  -0.618  39.083 0.0000000000
45952  -29.182  0.136  37.997 0.0000000000
45967  -27.536  0.095  36.586 0.0000000000
42021  -27.733  -3.538  39.364 0.0000000000
42947  -27.105  -2.467  39.468 0.0000000000
45950  -27.168  0.162  37.685 0.0000000000
45987  -26.993  0.162  35.504 0.0000000000
45966  -26.440  0.388  36.674 0.0000000000
47025  -26.151  1.096  37.305 0.0000000000
45934  -25.539  0.545  39.206 0.0000000000
45948  -25.713  0.933  38.525 0.0000000000
47023  -24.739  1.413  38.041 0.0000000000
48044  -24.104  1.707  40.628 0.0000000000
46974  -24.354  1.418  41.817 0.0000000000
46975  -24.814  1.602  42.640 0.0000000000
44899  -24.692  -0.103  42.219 0.0000000000
45908  -25.161  0.693  42.738 0.0000000000
45890  -26.360  0.145  45.171 0.0000000000
42899  -26.785  -2.380  43.049 0.0000000000
42882  -26.500  -2.013  43.453 0.0000000000
43875  -26.475  -1.347  44.317 0.0000000000
42865  -26.373  -2.137  44.483 0.0000000000
44877  -26.490  -1.396  44.862 0.0000000000
43856  -26.475  -0.862  44.807 0.0000000000
44856  -26.657  -0.566  45.442 0.0000000000
43839  -25.620  -1.789  47.014 0.0000000000
97063  -25.094  -2.441  45.973 0.0000000000
97085  -25.102  -2.430  46.426 0.0000000000
97059  -24.860  -2.578  46.896 0.0000000000
50788  -18.846  5.937  40.718 0.0000000000
50797  -18.799  4.908  40.689 0.0000000000
49877  -18.829  4.501  40.224 0.0000000000
49843  -14.481  3.920  43.595 0.0000000000
49853  -14.989  3.955  42.943 0.0000000000
48937  -15.282  3.385  42.627 0.0000000000
48938  -16.150  3.359  42.608 0.0000000000
48034  -13.453  2.232  40.732 0.0000000000
48037  -16.204  2.512  40.427 0.0000000000
48971  -17.899  3.153  40.884 0.0000000000
48981  -18.190  3.257  39.978 0.0000000000
48055  -18.622  2.890  39.315 0.0000000000
48067  -18.538  2.425  38.430 0.0000000000
47033  -16.246  1.494  37.549 0.0000000000
97791  -19.023  1.773  47.861 0.0000000000
47917  -15.709  3.597  48.220 0.0000000000
97779  -14.916  2.894  47.552 0.0000000000
97770  -15.991  0.804  46.948 0.0000000000
47906  -14.402  2.661  48.592 0.0000000000
46895  -13.614  0.953  48.286 0.0000000000
45831  -13.449  1.011  49.880 0.0000000000
44812  -13.257  0.631  49.876 0.0000000000
42838  -13.899  -1.192  50.116 0.0000000000
43813  -13.633  -0.846  49.529 0.0000000000
43818  -13.514  -0.141  49.030 0.0000000000
97768  -13.310  -0.401  48.238 0.0000000000
43820  -17.024  -0.725  47.693 0.0000000000
43893  -15.634  -1.233  43.873 0.0000000000
43909  -19.014  -1.183  42.157 0.0000000000
43908  -18.196  -1.201  41.788 0.0000000000
43930  -19.909  -1.010  41.613 0.0000000000
40123  -20.074  -5.553  44.722 0.0000000000
41067  -17.205  -5.553  45.906 0.0000000000
97668  -15.370  -5.612  44.727 0.0000000000
97710  -20.056  -4.396  43.527 0.0000000000
97688  -19.976  -5.364  44.028 0.0000000000
97712  -20.489  -4.094  43.299 0.0000000000
97708  -20.230  -1.885  42.877 0.0000000000
41996  -20.836  -3.097  42.325 0.0000000000
42005  -21.012  -3.153  41.094 0.0000000000
41101  -20.984  -4.386  40.761 0.0000000000
41100  -20.407  -5.028  40.126 0.0000000000
38157  -18.723  -7.802  40.342 0.0000000000
38158  -19.570  -7.717  39.731 0.0000000000
38174  -19.361  -7.131  37.081 0.0000000000
39145  -19.881  -7.242  38.810 0.0000000000
40112  -20.057  -5.473  44.977 0.0000000000
40113  -20.262  -5.415  44.811 0.0000000000
40122  -19.862  -5.540  44.833 0.0000000000
40151  -20.868  -4.943  42.293 0.0000000000
40157  -20.369  -5.808  41.576 0.0000000000
40163  -20.080  -5.845  40.686 0.0000000000
40187  -30.894  -4.475  38.828 0.0000000000
40192  -17.989  -5.734  36.976 0.0000000000
41076  -11.211  -1.447  43.236 0.0000000000
41077  -11.758  -1.511  43.177 0.0000000000
41081  -11.703  -1.801  43.237 0.0000000000
41082  -11.621  -1.591  43.286 0.0000000000
41116  -27.856  -4.286  39.845 0.0000000000
41118  -29.402  -4.868  38.918 0.0000000000
41119  -30.618  -3.955  39.108 0.0000000000
41120  -31.075  -4.241  39.281 0.0000000000
41123  -19.607  -4.260  37.358 0.0000000000
41135  -18.059  -4.655  37.064 0.0000000000
41136  -19.074  -4.391  37.108 0.0000000000
41137  -19.700  -4.653  37.211 0.0000000000
41929  -23.803  -2.380  50.975 0.0000000000
41930  -24.072  -2.521  50.870 0.0000000000
41931  -24.292  -2.500  50.566 0.0000000000
41936  -24.455  -2.498  50.177 0.0000000000
41944  -24.347  -3.167  48.639 0.0000000000
41962  -14.296  -5.093  45.733 0.0000000000
41968  -11.501  -1.079  42.994 0.0000000000
41969  -11.808  -1.717  43.063 0.0000000000
41970  -14.595  -5.465  45.341 0.0000000000
41972  -11.822  -1.707  43.042 0.0000000000
41973  -11.933  -1.531  43.000 0.0000000000
41974  -13.485  -1.317  42.442 0.0000000000
41975  -13.668  -1.473  42.512 0.0000000000
41981  -13.385  -1.506  42.283 0.0000000000
41983  -13.952  -2.197  42.383 0.0000000000
41987  -32.788  -2.790  42.170 0.0000000000
41988  -33.481  -3.349  42.479 0.0000000000
41992  -12.984  -1.991  42.076 0.0000000000
41995  -14.428  -2.329  41.716 0.0000000000
42014  -35.990  -3.477  41.323 0.0000000000
42019  -20.891  -3.360  40.090 0.0000000000
42035  -28.753  -3.560  38.633 0.0000000000
42046  -18.791  -3.622  37.327 0.0000000000
42830  -24.329  -1.791  51.048 0.0000000000
42831  -24.405  -1.484  50.592 0.0000000000
42833  -14.907  -1.210  51.024 0.0000000000
42837  -24.481  -1.885  50.407 0.0000000000
42839  -14.558  -1.269  50.343 0.0000000000
42845  -13.801  -1.230  49.682 0.0000000000
42846  -14.200  -1.359  49.706 0.0000000000
42849  -23.757  -1.995  49.033 0.0000000000
42851  -25.093  -2.229  49.234 0.0000000000
42860  -25.351  -1.939  47.260 0.0000000000
42866  -12.182  -0.915  42.924 0.0000000000
42869  -22.363  -1.931  44.196 0.0000000000
42872  -26.408  -2.095  44.257 0.0000000000
42876  -12.183  -1.127  42.542 0.0000000000
42877  -12.619  -1.117  42.674 0.0000000000
42881  -26.361  -1.890  43.210 0.0000000000
42889  -11.985  -1.399  41.969 0.0000000000
42898  -26.612  -2.463  42.766 0.0000000000
42902  -35.784  -1.695  41.987 0.0000000000
42904  -11.945  -1.337  41.777 0.0000000000
42912  -20.851  -1.911  42.440 0.0000000000
42925  -16.502  -2.165  40.129 0.0000000000
42927  -21.012  -2.021  41.505 0.0000000000
42928  -25.648  -2.159  41.448 0.0000000000
42951  -31.226  -2.990  39.642 0.0000000000
42952  -34.805  -2.244  40.105 0.0000000000
42957  -16.228  -2.161  38.603 0.0000000000
42959  -18.008  -2.322  38.175 0.0000000000
42961  -19.845  -3.004  38.288 0.0000000000
43796  -23.747  -1.024  51.131 0.0000000000
43797  -23.902  -0.843  51.181 0.0000000000
43798  -24.218  -0.973  50.962 0.0000000000
43800  -14.035  -0.278  49.701 0.0000000000
43802  -14.703  -0.789  50.774 0.0000000000
43808  -13.834  -0.725  50.040 0.0000000000
43810  -23.726  -1.532  49.740 0.0000000000
43811  -25.119  -1.386  49.962 0.0000000000
43812  -13.757  -0.113  49.512 0.0000000000
43816  -23.681  -1.461  49.253 0.0000000000
43821  -23.537  -0.903  49.048 0.0000000000
43841  -25.922  -1.888  45.614 0.0000000000
43842  -26.179  -2.014  45.372 0.0000000000
43843  -36.728  0.666  46.633 0.0000000000
43854  -21.797  -0.395  44.394 0.0000000000
43855  -22.773  -1.303  45.126 0.0000000000
43857  -26.512  -0.880  45.053 0.0000000000
43859  -26.457  -2.006  44.680 0.0000000000
43864  -12.258  -0.672  43.153 0.0000000000
43874  -26.427  -1.002  44.064 0.0000000000
43876  -26.481  -1.697  44.293 0.0000000000
43877  -26.476  -1.907  44.161 0.0000000000
43887  -11.750  -0.790  42.377 0.0000000000
43889  -13.033  -1.222  43.047 0.0000000000
43896  -26.312  -1.583  43.731 0.0000000000
43906  -11.624  -1.133  41.977 0.0000000000
43911  -20.572  -1.411  42.804 0.0000000000
43913  -25.732  -1.644  43.103 0.0000000000
43923  -11.577  -1.056  41.747 0.0000000000
43924  -11.747  -1.184  41.673 0.0000000000
43931  -20.690  -1.250  42.048 0.0000000000
43947  -17.661  -1.205  39.811 0.0000000000
43948  -18.842  -0.976  40.258 0.0000000000
43950  -20.692  -1.164  41.006 0.0000000000
43954  -30.992  -1.403  40.502 0.0000000000
43961  -41.051  -1.448  41.425 0.0000000000
43964  -18.062  -1.413  39.173 0.0000000000
43967  -20.519  -1.094  40.286 0.0000000000
43972  -29.232  -1.436  39.477 0.0000000000
43974  -34.632  -1.860  39.645 0.0000000000
44798  -15.918  -0.371  50.676 0.0000000000
44799  -24.007  -0.044  50.470 0.0000000000
44803  -13.644  0.104  49.501 0.0000000000
44804  -14.154  -0.080  49.576 0.0000000000
44805  -14.643  -0.488  49.961 0.0000000000
44806  -15.186  -0.495  50.458 0.0000000000
44807  -23.635  -0.734  50.344 0.0000000000
44808  -23.709  -0.168  50.231 0.0000000000
44809  -24.932  -0.450  50.510 0.0000000000
44810  -25.384  -0.159  50.401 0.0000000000
44811  -12.885  0.809  50.208 0.0000000000
44814  -23.554  0.029  49.656 0.0000000000
44815  -25.310  -0.710  50.137 0.0000000000
44816  -25.608  -0.239  49.733 0.0000000000
44817  -12.769  0.710  49.935 0.0000000000
44818  -13.226  0.521  49.311 0.0000000000
44820  -23.510  0.143  49.367 0.0000000000
44846  -34.937  0.325  46.008 0.0000000000
44858  -26.432  -1.589  45.262 0.0000000000
44859  -26.359  -2.002  45.173 0.0000000000
44873  -22.603  -0.575  44.550 0.0000000000
44876  -26.676  -1.060  45.023 0.0000000000
44878  -26.500  -1.735  44.763 0.0000000000
44887  -11.648  -0.516  42.347 0.0000000000
44896  -11.552  -0.709  42.055 0.0000000000
44897  -11.579  -0.388  42.138 0.0000000000
44905  -11.526  -0.906  41.923 0.0000000000
44910  -30.838  -0.456  40.983 0.0000000000
44911  -31.506  -0.483  41.355 0.0000000000
44918  -35.737  -0.838  39.851 0.0000000000
44919  -36.054  -0.684  40.141 0.0000000000
44922  -24.709  0.154  39.830 0.0000000000
44929  -36.202  -0.892  39.748 0.0000000000
44933  -26.464  -0.049  38.679 0.0000000000
45828  -25.137  0.272  51.107 0.0000000000
45829  -25.241  0.417  50.786 0.0000000000
45830  -13.074  1.350  50.078 0.0000000000
45837  -25.389  0.185  50.702 0.0000000000
45840  -13.108  0.896  50.286 0.0000000000
45841  -22.979  0.878  49.225 0.0000000000
45842  -23.403  0.482  49.304 0.0000000000
45844  -25.538  0.562  49.819 0.0000000000
45845  -12.379  0.930  49.647 0.0000000000
45847  -23.364  0.317  49.117 0.0000000000
45851  -35.836  1.978  46.440 0.0000000000
45858  -23.146  -0.168  47.477 0.0000000000
45861  -35.656  1.709  46.456 0.0000000000
45865  -22.854  -0.076  47.334 0.0000000000
45868  -35.065  0.904  46.433 0.0000000000
45869  -13.140  0.546  45.023 0.0000000000
45875  -34.796  0.701  45.787 0.0000000000
45882  -34.249  0.190  44.919 0.0000000000
45900  -33.751  0.240  43.751 0.0000000000
45909  -32.160  0.029  42.215 0.0000000000
45910  -32.775  0.095  42.736 0.0000000000
45924  -25.247  1.168  39.797 0.0000000000
45926  -30.886  0.012  40.179 0.0000000000
45929  -33.614  0.051  40.800 0.0000000000
45937  -30.662  0.131  39.072 0.0000000000
45951  -28.138  0.032  37.660 0.0000000000
45988  -28.103  0.076  35.627 0.0000000000
46885  -14.677  0.597  48.203 0.0000000000
46886  -15.246  0.554  48.382 0.0000000000
46890  -24.251  1.096  51.188 0.0000000000
46891  -24.783  0.641  50.867 0.0000000000
46893  -12.869  1.410  49.872 0.0000000000
46899  -24.611  1.041  50.782 0.0000000000
46900  -25.083  0.771  50.586 0.0000000000
46904  -22.748  0.797  49.088 0.0000000000
46905  -23.020  0.659  49.121 0.0000000000
46907  -25.403  0.835  50.161 0.0000000000
46908  -11.984  1.253  49.175 0.0000000000
46911  -23.048  0.493  48.969 0.0000000000
46912  -25.662  0.779  48.923 0.0000000000
46913  -25.588  0.830  49.237 0.0000000000
46914  -25.500  0.948  49.651 0.0000000000
46915  -35.894  2.133  46.466 0.0000000000
46916  -36.171  1.802  46.760 0.0000000000
46917  -36.257  1.753  46.687 0.0000000000
46922  -25.500  1.216  48.921 0.0000000000
46923  -25.462  1.203  49.252 0.0000000000
46924  -35.304  2.291  46.002 0.0000000000
46925  -35.564  2.030  46.139 0.0000000000
46926  -35.221  1.376  46.319 0.0000000000
46931  -35.165  2.317  45.905 0.0000000000
46932  -35.372  2.060  45.854 0.0000000000
46935  -13.460  1.842  45.958 0.0000000000
46937  -34.800  0.992  45.853 0.0000000000
46938  -34.910  1.220  46.015 0.0000000000
46941  -12.886  1.059  44.933 0.0000000000
46943  -13.270  1.796  45.713 0.0000000000
46946  -34.806  0.976  45.125 0.0000000000
46997  -35.155  1.410  41.299 0.0000000000
46998  -35.527  2.030  41.435 0.0000000000
47009  -24.586  1.421  38.906 0.0000000000
47010  -25.281  1.236  38.703 0.0000000000
47011  -34.427  0.459  39.496 0.0000000000
47030  -44.645  1.838  38.157 0.0000000000
47062  -44.972  2.078  36.430 0.0000000000
47903  -24.194  1.338  51.027 0.0000000000
47910  -23.528  2.027  49.963 0.0000000000
47912  -24.317  1.378  50.538 0.0000000000
47913  -24.934  1.259  50.328 0.0000000000
47914  -25.219  1.039  50.309 0.0000000000
47916  -13.399  2.155  48.656 0.0000000000
47919  -25.133  1.386  50.011 0.0000000000
47920  -25.310  1.192  50.045 0.0000000000
47923  -25.129  1.571  49.689 0.0000000000
47924  -25.308  1.442  49.553 0.0000000000
47926  -35.933  2.197  46.958 0.0000000000
47927  -36.707  1.871  46.897 0.0000000000
47928  -12.351  1.331  48.865 0.0000000000
47931  -25.300  2.218  47.931 0.0000000000
47933  -25.434  1.639  49.105 0.0000000000
47934  -35.017  2.785  46.349 0.0000000000
47935  -35.723  2.616  46.423 0.0000000000
47943  -34.973  2.644  46.149 0.0000000000
47944  -35.093  2.246  45.699 0.0000000000
47945  -35.254  1.966  45.658 0.0000000000
47953  -34.949  2.446  45.684 0.0000000000
47954  -35.171  1.733  45.680 0.0000000000
47959  -13.417  2.067  45.792 0.0000000000
47965  -34.782  2.710  45.707 0.0000000000
47967  -35.040  1.525  45.686 0.0000000000
47980  -34.890  2.322  44.725 0.0000000000
47992  -24.350  2.285  43.114 0.0000000000
47999  -12.287  1.627  42.545 0.0000000000
48028  -35.332  2.627  41.528 0.0000000000
48831  -23.361  2.189  50.085 0.0000000000
48832  -13.634  3.060  49.476 0.0000000000
48839  -24.656  1.502  49.978 0.0000000000
48843  -24.310  2.367  49.434 0.0000000000
48844  -24.721  1.837  49.592 0.0000000000
48845  -24.906  1.605  49.793 0.0000000000
48847  -23.883  3.321  49.134 0.0000000000
48848  -24.512  2.757  49.127 0.0000000000
48850  -25.147  1.836  49.454 0.0000000000
48859  -25.316  2.107  49.109 0.0000000000
48860  -25.355  1.876  49.188 0.0000000000
48861  -35.021  2.955  46.356 0.0000000000
48863  -36.196  3.048  46.570 0.0000000000
48872  -34.933  3.288  46.273 0.0000000000
48873  -34.826  3.049  46.276 0.0000000000
48891  -15.408  3.177  46.401 0.0000000000
48898  -34.698  2.850  45.525 0.0000000000
48912  -24.381  3.143  44.016 0.0000000000
48913  -24.564  2.599  43.701 0.0000000000
48927  -24.430  2.436  43.511 0.0000000000
48933  -12.534  2.524  42.422 0.0000000000
48944  -24.067  2.556  42.464 0.0000000000
48949  -12.526  2.196  42.061 0.0000000000
48960  -24.111  2.366  42.107 0.0000000000
48972  -18.619  3.662  40.422 0.0000000000
49782  -24.040  2.765  49.469 0.0000000000
49783  -24.276  2.739  49.352 0.0000000000
49786  -23.898  3.001  49.455 0.0000000000
49794  -35.213  3.229  46.339 0.0000000000
49795  -35.637  3.450  46.372 0.0000000000
49804  -35.024  3.082  46.449 0.0000000000
49805  -35.331  3.530  46.166 0.0000000000
49807  -36.402  3.727  46.577 0.0000000000
49846  -23.917  3.042  43.424 0.0000000000
49847  -24.090  2.999  43.580 0.0000000000
49866  -15.241  4.429  42.786 0.0000000000
50719  -35.761  3.832  46.319 0.0000000000
50720  -36.063  3.920  46.458 0.0000000000
50725  -35.515  3.790  46.209 0.0000000000
50726  -35.631  4.026  46.224 0.0000000000
50785  -15.016  4.558  42.859 0.0000000000
50786  -15.035  4.781  42.810 0.0000000000
51064  -48.202  7.647  21.675 0.0000000000
51065  -48.391  7.857  21.708 0.0000000000
51073  -48.253  7.702  21.172 0.0000000000
51074  -48.338  7.782  21.477 0.0000000000
51866  -40.536  6.792  33.609 0.0000000000
52685  -16.751  8.224  40.321 0.0000000000
53025  -51.809  10.647  12.734 0.0000000000
53576  -40.504  9.057  30.083 0.0000000000
53599  -42.793  10.362  27.256 0.0000000000
53653  -49.258  8.767  22.928 0.0000000000
54352  -39.787  9.349  31.533 0.0000000000
54383  -40.758  9.260  29.977 0.0000000000
55194  -48.750  10.988  25.719 0.0000000000
55266  -51.912  11.451  15.758 0.0000000000
55299  -50.770  10.322  11.434 0.0000000000
97067  -25.339  -2.207  46.897 0.0000000000
97080  -26.205  -2.317  44.432 0.0000000000
97466  -48.448  8.485  21.788 0.0000000000
97473  -48.085  7.566  21.889 0.0000000000
97474  -48.080  7.603  22.066 0.0000000000
97475  -48.226  7.786  22.137 0.0000000000
97479  -48.452  8.117  21.662 0.0000000000
97576  -51.491  11.474  19.245 0.0000000000
97591  -51.566  11.487  19.488 0.0000000000
97593  -51.321  11.486  19.525 0.0000000000
97666  -17.767  -5.609  43.929 0.0000000000
97667  -17.309  -5.699  43.805 0.0000000000
97680  -17.773  -5.524  44.351 0.0000000000
97683  -18.080  -1.289  43.003 0.0000000000
97700  -20.460  -4.971  43.385 0.0000000000
97711  -20.686  -4.559  43.740 0.0000000000
97715  -16.388  -1.059  51.330 0.0000000000
97717  -17.156  -1.073  51.232 0.0000000000
97718  -15.800  -1.262  51.091 0.0000000000
97719  -17.014  -0.706  51.188 0.0000000000
97721  -17.332  -1.127  50.692 0.0000000000
97722  -16.193  -1.344  50.437 0.0000000000
97725  -17.590  -0.489  50.919 0.0000000000
97727  -16.816  -0.370  50.773 0.0000000000
97728  -17.725  -0.059  51.202 0.0000000000
97729  -17.751  -0.567  50.501 0.0000000000
97730  -17.605  -0.768  49.828 0.0000000000
97731  -15.926  -1.353  49.743 0.0000000000
97734  -18.195  -0.355  50.598 0.0000000000
97735  -18.269  -0.148  50.836 0.0000000000
97739  -18.090  0.204  50.531 0.0000000000
97740  -18.146  -0.391  49.350 0.0000000000
97746  -20.374  1.780  47.695 0.0000000000
97749  -15.985  0.503  48.838 0.0000000000
97750  -16.947  0.531  49.055 0.0000000000
97760  -16.372  0.550  47.730 0.0000000000
97771  -18.769  1.821  48.051 0.0000000000
97789  -22.424  0.749  48.565 0.0000000000
97798  -16.019  1.609  47.036 0.0000000000
97833  -15.846  2.217  46.598 0.0000000000
97839  -23.313  3.248  49.267 0.0000000000
98077  -36.033  -0.082  46.410 0.0000000000
98078  -36.286  -0.006  46.466 0.0000000000
98087  -40.914  -1.492  41.049 0.0000000000
98088  -41.458  -1.091  41.398 0.0000000000
98091  -41.966  -0.626  40.806 0.0000000000
