#!ascii label  , from subject output2 vox2ras=TkReg
1152
97413  -44.568  2.529  24.654 0.0000000000
51119  -53.735  4.601  18.287 0.0000000000
46254  -48.927  -0.289  20.509 0.0000000000
96966  -23.812  -10.969  44.656 0.0000000000
44179  -45.751  -1.359  24.589 0.0000000000
35302  -37.629  -10.534  42.860 0.0000000000
38198  -41.036  -7.431  36.629 0.0000000000
39252  -45.066  -6.540  30.603 0.0000000000
43066  -47.350  -3.146  29.787 0.0000000000
35344  -28.870  -10.611  39.505 0.0000000000
36189  -33.809  -9.553  44.451 0.0000000000
34501  -32.124  -11.440  37.791 0.0000000000
39249  -37.324  -7.367  33.169 0.0000000000
96151  -40.778  -6.951  31.753 0.0000000000
49134  -47.814  3.287  27.079 0.0000000000
97438  -48.291  4.273  25.815 0.0000000000
50152  -50.747  2.723  19.158 0.0000000000
47269  -45.455  -0.495  23.104 0.0000000000
49382  -49.946  3.298  12.943 0.0000000000
34359  -20.086  -11.635  45.898 0.0000000000
46112  -48.214  0.394  27.647 0.0000000000
47193  -45.197  1.748  25.105 0.0000000000
35420  -35.323  -10.871  35.004 0.0000000000
37205  -38.866  -8.610  40.603 0.0000000000
48252  -51.191  2.093  24.572 0.0000000000
51245  -52.043  4.397  9.326 0.0000000000
39333  -43.016  -6.786  28.917 0.0000000000
41255  -44.721  -5.279  28.371 0.0000000000
34499  -30.258  -11.602  38.275 0.0000000000
40330  -38.316  -6.534  30.134 0.0000000000
39349  -41.138  -6.970  28.368 0.0000000000
39332  -42.452  -6.762  29.609 0.0000000000
97422  -45.848  3.830  26.004 0.0000000000
97451  -47.570  5.204  26.889 0.0000000000
97419  -46.143  3.049  24.727 0.0000000000
50173  -51.910  3.222  18.609 0.0000000000
49263  -53.327  2.409  19.311 0.0000000000
52089  -55.936  5.759  17.609 0.0000000000
96986  -20.647  -10.720  41.440 0.0000000000
96964  -21.803  -11.674  44.605 0.0000000000
44145  -46.447  -2.045  27.413 0.0000000000
45078  -47.566  -1.053  29.194 0.0000000000
45116  -47.386  -0.463  26.453 0.0000000000
47195  -46.534  0.747  26.099 0.0000000000
46171  -45.924  0.157  25.211 0.0000000000
34396  -35.069  -11.433  44.067 0.0000000000
36155  -36.263  -9.263  46.186 0.0000000000
36156  -37.407  -9.851  46.227 0.0000000000
35248  -39.600  -10.409  45.594 0.0000000000
35458  -33.767  -10.959  33.069 0.0000000000
35479  -35.164  -10.223  32.101 0.0000000000
38221  -38.810  -7.916  34.983 0.0000000000
37237  -37.994  -8.677  36.613 0.0000000000
37228  -39.301  -7.977  37.365 0.0000000000
96118  -40.924  -8.237  41.607 0.0000000000
97018  -26.047  -9.676  42.319 0.0000000000
38144  -27.903  -8.576  44.207 0.0000000000
97035  -27.781  -6.983  45.084 0.0000000000
47271  -47.096  -1.660  21.794 0.0000000000
47235  -49.167  0.348  24.823 0.0000000000
45180  -50.497  -0.526  23.489 0.0000000000
51267  -51.867  4.273  7.903 0.0000000000
96944  -24.780  -10.003  47.725 0.0000000000
40272  -47.902  -5.715  31.773 0.0000000000
42085  -47.973  -3.719  31.547 0.0000000000
41199  -46.114  -4.827  30.352 0.0000000000
42156  -45.683  -4.031  28.015 0.0000000000
37194  -29.402  -9.719  42.208 0.0000000000
97138  -30.979  -8.978  43.710 0.0000000000
36238  -31.603  -9.942  41.665 0.0000000000
35314  -32.899  -10.541  41.376 0.0000000000
35334  -34.608  -10.602  40.397 0.0000000000
38265  -35.441  -7.806  32.104 0.0000000000
40282  -37.412  -6.643  31.467 0.0000000000
39272  -38.455  -6.485  32.557 0.0000000000
39230  -40.753  -5.997  35.046 0.0000000000
41162  -42.885  -5.747  34.263 0.0000000000
40236  -46.144  -6.664  32.257 0.0000000000
36267  -26.545  -10.202  39.139 0.0000000000
48181  -49.663  2.704  28.604 0.0000000000
97523  -51.287  3.832  29.822 0.0000000000
50053  -48.988  4.946  29.201 0.0000000000
51928  -48.931  6.059  28.857 0.0000000000
49238  -49.537  1.931  20.333 0.0000000000
45211  -51.512  -0.590  21.331 0.0000000000
47312  -52.911  0.354  19.543 0.0000000000
35176  -18.719  -10.687  51.082 0.0000000000
97412  -45.296  1.350  23.927 0.0000000000
45204  -44.431  -1.689  21.038 0.0000000000
46301  -47.747  0.437  18.571 0.0000000000
48334  -47.934  2.080  18.090 0.0000000000
49308  -49.501  2.438  17.444 0.0000000000
50218  -50.608  2.347  15.978 0.0000000000
51143  -52.379  3.519  15.642 0.0000000000
50271  -49.096  3.426  14.065 0.0000000000
96939  -23.240  -11.172  48.655 0.0000000000
36122  -21.712  -10.076  49.531 0.0000000000
37078  -20.590  -8.811  50.925 0.0000000000
47097  -50.823  1.152  32.897 0.0000000000
44057  -48.877  -1.910  31.110 0.0000000000
45058  -49.564  -0.770  30.542 0.0000000000
47130  -49.644  1.426  29.320 0.0000000000
47147  -48.225  1.373  27.224 0.0000000000
48194  -46.049  2.128  26.234 0.0000000000
49168  -44.796  2.770  25.799 0.0000000000
38105  -35.199  -7.607  46.062 0.0000000000
35379  -34.130  -10.567  37.214 0.0000000000
35351  -36.310  -10.383  39.843 0.0000000000
36352  -36.319  -9.758  33.425 0.0000000000
36303  -37.092  -9.458  37.059 0.0000000000
36241  -38.737  -10.033  41.886 0.0000000000
36197  -41.162  -9.386  44.241 0.0000000000
36216  -21.968  -10.581  40.861 0.0000000000
97052  -24.975  -9.876  41.994 0.0000000000
37158  -25.717  -8.989  43.983 0.0000000000
48265  -47.728  1.733  24.744 0.0000000000
49224  -49.490  2.819  25.025 0.0000000000
50098  -52.287  5.010  25.329 0.0000000000
46204  -52.713  -0.028  23.789 0.0000000000
49366  -53.864  3.463  15.120 0.0000000000
51172  -55.569  4.923  14.204 0.0000000000
52140  -56.405  5.808  13.174 0.0000000000
51226  -51.743  4.338  10.403 0.0000000000
52159  -56.580  4.997  12.028 0.0000000000
39350  -42.202  -6.876  28.061 0.0000000000
39351  -42.864  -6.251  28.008 0.0000000000
40380  -41.977  -6.043  26.117 0.0000000000
39348  -39.854  -7.045  28.492 0.0000000000
49190  -45.068  3.213  25.469 0.0000000000
97423  -45.916  3.522  25.438 0.0000000000
97459  -45.660  3.200  24.874 0.0000000000
51105  -52.667  3.768  18.384 0.0000000000
50175  -53.343  3.939  19.255 0.0000000000
52058  -53.398  5.271  19.059 0.0000000000
52060  -55.138  6.053  19.177 0.0000000000
52087  -54.127  4.644  18.172 0.0000000000
96975  -22.147  -11.561  42.269 0.0000000000
96985  -21.964  -11.625  43.193 0.0000000000
44159  -45.859  -1.701  25.801 0.0000000000
45114  -46.436  -1.172  26.703 0.0000000000
45155  -45.917  -0.914  25.323 0.0000000000
45156  -45.851  -0.371  26.070 0.0000000000
45154  -45.542  -1.014  24.269 0.0000000000
41080  -29.799  -6.641  45.270 0.0000000000
34419  -36.281  -11.422  43.611 0.0000000000
36192  -36.509  -9.907  45.171 0.0000000000
35268  -37.674  -10.395  44.418 0.0000000000
35230  -38.596  -10.114  46.408 0.0000000000
36194  -38.327  -9.720  44.733 0.0000000000
38211  -40.105  -7.870  35.912 0.0000000000
38196  -39.492  -7.785  36.508 0.0000000000
37218  -39.755  -8.380  38.184 0.0000000000
38182  -40.062  -8.140  38.507 0.0000000000
37171  -28.651  -8.947  43.776 0.0000000000
97043  -28.895  -7.965  44.674 0.0000000000
97077  -28.523  -6.590  44.977 0.0000000000
48129  -51.454  3.325  32.833 0.0000000000
47272  -47.721  -0.990  21.240 0.0000000000
45189  -48.549  -1.389  22.694 0.0000000000
45209  -49.386  -0.674  21.453 0.0000000000
39296  -47.134  -6.653  30.782 0.0000000000
40289  -47.424  -5.590  30.448 0.0000000000
39294  -45.937  -5.971  30.186 0.0000000000
41256  -45.201  -4.770  27.743 0.0000000000
42176  -45.581  -3.937  26.543 0.0000000000
43140  -45.718  -3.393  26.686 0.0000000000
36236  -29.173  -9.745  41.449 0.0000000000
36219  -30.384  -9.725  42.460 0.0000000000
36255  -30.129  -10.056  40.718 0.0000000000
34500  -31.226  -11.624  37.996 0.0000000000
34464  -31.500  -11.554  39.782 0.0000000000
35332  -32.470  -11.161  40.030 0.0000000000
35315  -33.852  -10.602  41.160 0.0000000000
35348  -33.476  -10.614  39.109 0.0000000000
40307  -36.255  -6.004  31.052 0.0000000000
39312  -39.413  -7.319  30.968 0.0000000000
40309  -38.838  -5.945  31.142 0.0000000000
40284  -39.030  -5.858  31.920 0.0000000000
40251  -39.292  -5.760  33.358 0.0000000000
40269  -40.000  -5.669  32.922 0.0000000000
40234  -40.902  -5.588  34.383 0.0000000000
96142  -41.356  -5.929  32.286 0.0000000000
39313  -43.814  -6.788  29.911 0.0000000000
39231  -43.685  -6.863  32.041 0.0000000000
39253  -46.116  -6.771  31.569 0.0000000000
39254  -47.120  -6.688  31.825 0.0000000000
35343  -27.986  -10.674  39.399 0.0000000000
49135  -48.758  3.239  27.525 0.0000000000
49124  -49.565  3.973  28.484 0.0000000000
49122  -48.376  4.054  27.272 0.0000000000
97454  -48.124  4.598  26.309 0.0000000000
50981  -48.378  5.300  27.500 0.0000000000
97458  -48.929  5.439  27.127 0.0000000000
97455  -49.931  6.077  27.545 0.0000000000
50095  -49.567  4.672  26.315 0.0000000000
49260  -50.407  2.320  19.641 0.0000000000
48288  -51.183  1.444  20.124 0.0000000000
49241  -51.443  1.989  19.662 0.0000000000
49265  -55.813  2.144  20.083 0.0000000000
47349  -47.862  0.993  18.348 0.0000000000
47361  -47.187  1.149  16.717 0.0000000000
49323  -48.284  2.514  16.499 0.0000000000
49342  -48.911  2.718  15.684 0.0000000000
49325  -49.988  2.516  16.505 0.0000000000
50234  -49.332  2.945  15.507 0.0000000000
50256  -49.993  3.508  14.890 0.0000000000
34388  -19.422  -11.695  44.518 0.0000000000
35209  -19.738  -11.616  47.921 0.0000000000
96941  -24.584  -10.255  48.695 0.0000000000
96948  -23.777  -10.807  47.732 0.0000000000
37105  -23.814  -10.390  50.191 0.0000000000
96954  -22.814  -10.191  49.657 0.0000000000
96961  -22.407  -10.370  50.585 0.0000000000
36112  -21.946  -9.703  50.249 0.0000000000
96970  -21.817  -10.443  50.517 0.0000000000
35178  -20.651  -10.679  51.315 0.0000000000
42093  -47.632  -3.548  30.388 0.0000000000
42095  -48.829  -3.321  31.303 0.0000000000
43037  -48.656  -2.704  30.143 0.0000000000
45079  -47.679  -0.260  29.272 0.0000000000
45056  -48.186  -0.923  29.571 0.0000000000
46080  -48.921  -0.243  29.334 0.0000000000
46081  -49.662  0.140  29.939 0.0000000000
46094  -49.148  0.676  29.443 0.0000000000
47129  -48.991  1.275  28.846 0.0000000000
47128  -48.772  1.249  27.998 0.0000000000
47169  -45.831  1.304  26.103 0.0000000000
47170  -46.992  1.488  26.124 0.0000000000
48193  -45.492  1.783  26.151 0.0000000000
48217  -45.504  2.707  26.226 0.0000000000
48238  -44.157  2.157  25.218 0.0000000000
97144  -32.343  -9.153  44.711 0.0000000000
38116  -33.727  -7.142  45.330 0.0000000000
37147  -35.077  -7.972  45.526 0.0000000000
35442  -34.564  -10.770  34.039 0.0000000000
35441  -33.434  -10.895  34.374 0.0000000000
35399  -34.768  -10.578  36.187 0.0000000000
35365  -35.415  -10.665  38.620 0.0000000000
35380  -35.490  -10.652  37.406 0.0000000000
38266  -36.285  -7.771  32.424 0.0000000000
37270  -35.932  -8.740  32.953 0.0000000000
38233  -37.015  -8.492  34.096 0.0000000000
37227  -38.443  -8.711  37.999 0.0000000000
37236  -36.984  -9.272  36.549 0.0000000000
36280  -37.886  -9.182  38.679 0.0000000000
36279  -36.909  -9.606  39.022 0.0000000000
37204  -38.408  -9.091  40.230 0.0000000000
37175  -39.837  -8.771  43.346 0.0000000000
38145  -40.203  -8.503  42.552 0.0000000000
39210  -42.772  -5.709  35.520 0.0000000000
96999  -25.371  -9.752  42.227 0.0000000000
96988  -25.807  -9.072  42.952 0.0000000000
96998  -25.004  -9.696  42.450 0.0000000000
38101  -28.245  -7.098  46.254 0.0000000000
47250  -45.954  0.346  23.800 0.0000000000
48264  -46.611  1.743  24.783 0.0000000000
47251  -47.237  0.290  24.819 0.0000000000
47236  -49.982  0.730  24.656 0.0000000000
48250  -49.262  1.418  24.650 0.0000000000
48251  -50.073  1.874  24.605 0.0000000000
50111  -50.692  4.164  25.011 0.0000000000
49207  -51.423  3.288  24.574 0.0000000000
46240  -53.099  -1.006  21.410 0.0000000000
45193  -53.010  -1.069  22.113 0.0000000000
47273  -53.856  0.187  22.789 0.0000000000
50258  -51.605  3.572  14.716 0.0000000000
50239  -53.552  3.558  15.733 0.0000000000
50274  -51.783  4.364  14.122 0.0000000000
51183  -53.429  4.371  13.603 0.0000000000
51198  -52.480  4.273  12.448 0.0000000000
51185  -55.685  5.087  13.281 0.0000000000
51199  -53.707  4.311  12.524 0.0000000000
51265  -49.671  5.155  8.578 0.0000000000
51244  -50.651  4.257  9.311 0.0000000000
51227  -53.040  4.398  10.633 0.0000000000
51215  -53.991  4.256  11.702 0.0000000000
51216  -55.218  4.374  11.958 0.0000000000
51228  -54.280  4.329  11.086 0.0000000000
50317  -52.812  3.892  8.734 0.0000000000
39314  -44.226  -6.624  29.419 0.0000000000
39315  -44.775  -6.158  29.705 0.0000000000
39335  -44.072  -6.039  28.985 0.0000000000
40348  -44.212  -5.740  28.041 0.0000000000
34481  -29.536  -11.026  39.168 0.0000000000
39347  -38.530  -6.675  28.629 0.0000000000
39330  -39.384  -7.054  29.708 0.0000000000
39331  -40.907  -6.858  30.196 0.0000000000
49133  -46.941  3.452  27.069 0.0000000000
50992  -46.901  4.301  27.210 0.0000000000
97443  -46.526  3.981  26.487 0.0000000000
97460  -47.134  4.770  26.505 0.0000000000
97424  -47.089  4.078  25.680 0.0000000000
50153  -51.331  3.095  19.077 0.0000000000
49262  -52.162  2.268  19.242 0.0000000000
49284  -52.822  3.113  19.147 0.0000000000
50154  -53.970  3.250  19.338 0.0000000000
52090  -56.509  5.871  17.056 0.0000000000
96973  -21.221  -11.624  43.657 0.0000000000
34373  -21.412  -11.667  45.522 0.0000000000
43122  -47.096  -2.663  28.224 0.0000000000
44085  -47.508  -1.948  30.095 0.0000000000
44132  -46.894  -1.825  28.169 0.0000000000
45099  -47.275  -0.619  28.401 0.0000000000
46111  -47.651  -0.361  27.282 0.0000000000
46132  -48.038  0.644  27.123 0.0000000000
46152  -47.147  0.204  26.053 0.0000000000
47194  -45.836  0.704  25.928 0.0000000000
46149  -45.636  0.984  24.581 0.0000000000
36190  -34.380  -9.833  44.196 0.0000000000
37162  -35.363  -8.556  45.416 0.0000000000
36172  -36.035  -9.098  45.841 0.0000000000
36173  -36.895  -9.799  45.833 0.0000000000
34384  -38.440  -11.490  45.485 0.0000000000
35478  -33.968  -10.240  31.913 0.0000000000
35443  -35.692  -10.654  33.864 0.0000000000
38235  -38.452  -7.696  34.345 0.0000000000
37259  -37.558  -8.605  34.512 0.0000000000
38209  -38.118  -7.965  35.592 0.0000000000
37238  -38.889  -7.959  36.642 0.0000000000
37213  -38.819  -7.969  39.544 0.0000000000
38160  -39.690  -8.053  40.814 0.0000000000
38171  -39.460  -7.631  39.172 0.0000000000
36251  -26.340  -9.724  40.181 0.0000000000
36217  -26.783  -9.657  42.353 0.0000000000
97002  -27.316  -8.142  43.739 0.0000000000
97004  -27.528  -7.553  44.893 0.0000000000
97042  -27.951  -7.014  44.719 0.0000000000
47270  -46.181  -1.272  22.838 0.0000000000
46198  -46.684  -0.814  24.196 0.0000000000
45188  -47.922  -1.531  23.551 0.0000000000
45170  -49.449  -0.750  24.367 0.0000000000
47255  -50.888  0.197  24.163 0.0000000000
51210  -48.015  4.296  11.690 0.0000000000
51196  -50.412  3.711  12.532 0.0000000000
51211  -49.243  4.294  11.494 0.0000000000
51266  -50.792  4.793  8.305 0.0000000000
51283  -50.863  5.248  7.161 0.0000000000
96967  -25.026  -10.698  45.145 0.0000000000
41193  -48.803  -4.642  32.183 0.0000000000
41192  -47.962  -4.455  31.736 0.0000000000
41201  -47.706  -4.507  31.019 0.0000000000
41220  -46.882  -3.881  30.268 0.0000000000
41217  -45.093  -4.778  29.408 0.0000000000
42136  -45.731  -4.050  29.379 0.0000000000
43094  -46.358  -3.510  28.606 0.0000000000
43120  -45.649  -3.036  27.949 0.0000000000
43141  -45.750  -2.651  26.774 0.0000000000
37159  -29.605  -8.847  43.867 0.0000000000
39108  -30.908  -8.002  44.697 0.0000000000
97136  -30.244  -9.437  43.705 0.0000000000
36205  -30.991  -10.208  43.455 0.0000000000
36206  -32.120  -9.688  43.332 0.0000000000
35312  -31.160  -10.503  41.140 0.0000000000
36239  -32.265  -10.230  41.613 0.0000000000
36222  -33.191  -10.011  42.690 0.0000000000
35284  -34.184  -10.555  43.236 0.0000000000
35299  -34.717  -10.721  42.231 0.0000000000
35317  -35.559  -10.705  41.483 0.0000000000
40266  -36.408  -6.819  31.698 0.0000000000
39271  -37.253  -6.891  32.534 0.0000000000
40308  -37.670  -5.908  30.920 0.0000000000
39292  -37.925  -6.386  32.069 0.0000000000
39250  -37.977  -6.915  33.369 0.0000000000
39228  -38.818  -6.726  34.141 0.0000000000
39229  -40.420  -7.015  34.355 0.0000000000
39208  -40.802  -7.616  34.889 0.0000000000
38213  -41.422  -7.133  36.315 0.0000000000
40216  -41.478  -5.718  35.094 0.0000000000
40217  -41.929  -4.969  34.920 0.0000000000
96135  -46.765  -6.661  32.486 0.0000000000
36234  -27.086  -9.713  41.308 0.0000000000
97514  -50.418  2.424  29.200 0.0000000000
97515  -49.840  3.776  29.071 0.0000000000
97535  -49.516  5.476  29.507 0.0000000000
50967  -47.743  4.907  27.483 0.0000000000
97536  -48.975  5.632  29.203 0.0000000000
47310  -49.292  0.585  20.349 0.0000000000
46237  -50.133  -0.298  20.547 0.0000000000
47292  -50.698  0.616  20.328 0.0000000000
46256  -52.322  -0.097  20.346 0.0000000000
46279  -53.526  0.238  19.689 0.0000000000
48302  -53.772  1.211  19.207 0.0000000000
47313  -54.007  0.151  19.288 0.0000000000
48247  -43.993  2.065  23.736 0.0000000000
97406  -45.029  2.086  24.039 0.0000000000
97405  -44.588  0.905  23.444 0.0000000000
48284  -44.864  -0.570  22.764 0.0000000000
47287  -45.340  -1.411  22.516 0.0000000000
46234  -45.763  -1.458  21.376 0.0000000000
46252  -46.287  -0.790  20.753 0.0000000000
47307  -46.972  -0.390  20.356 0.0000000000
47308  -47.949  0.172  19.898 0.0000000000
48299  -48.738  1.366  19.636 0.0000000000
49258  -48.858  2.161  19.577 0.0000000000
49282  -49.681  2.386  18.982 0.0000000000
48343  -47.747  1.596  16.774 0.0000000000
49307  -48.556  2.350  17.469 0.0000000000
49298  -50.086  2.446  18.226 0.0000000000
49299  -50.802  2.487  17.963 0.0000000000
50200  -51.573  3.082  17.584 0.0000000000
51130  -52.504  3.564  17.445 0.0000000000
50203  -53.178  3.533  17.019 0.0000000000
50219  -51.615  3.246  15.838 0.0000000000
49344  -51.217  3.390  14.961 0.0000000000
50272  -50.082  3.530  13.936 0.0000000000
50297  -47.644  4.172  12.142 0.0000000000
96955  -23.492  -11.720  45.570 0.0000000000
34374  -22.272  -11.750  45.558 0.0000000000
35221  -21.806  -11.594  46.977 0.0000000000
96953  -22.239  -10.701  48.819 0.0000000000
36132  -21.076  -10.990  48.510 0.0000000000
37114  -20.915  -10.223  49.377 0.0000000000
37103  -20.485  -9.476  49.540 0.0000000000
37089  -19.788  -8.660  50.267 0.0000000000
36105  -20.155  -9.715  51.326 0.0000000000
97503  -50.594  1.822  31.987 0.0000000000
44036  -49.774  -1.831  31.808 0.0000000000
44086  -48.307  -1.769  30.362 0.0000000000
44088  -49.323  -1.137  31.002 0.0000000000
46069  -49.853  0.245  31.001 0.0000000000
47112  -50.107  0.929  30.628 0.0000000000
46070  -50.627  1.543  31.045 0.0000000000
48167  -49.589  2.057  28.689 0.0000000000
48179  -48.618  2.386  27.538 0.0000000000
48178  -47.713  2.330  27.059 0.0000000000
47146  -47.666  1.754  26.610 0.0000000000
48195  -47.081  2.331  26.444 0.0000000000
49147  -47.039  2.830  27.088 0.0000000000
49146  -46.512  3.105  26.348 0.0000000000
49169  -45.638  3.267  26.018 0.0000000000
49189  -44.110  2.703  24.986 0.0000000000
45153  -43.977  -1.031  24.204 0.0000000000
46170  -44.765  0.285  24.142 0.0000000000
47232  -44.176  0.886  24.180 0.0000000000
47218  -44.517  1.308  24.436 0.0000000000
37142  -35.875  -8.130  46.432 0.0000000000
35376  -31.617  -10.431  36.181 0.0000000000
35397  -32.592  -11.065  36.292 0.0000000000
35363  -33.367  -10.602  37.989 0.0000000000
35349  -34.511  -10.566  39.386 0.0000000000
35350  -35.471  -10.621  39.612 0.0000000000
35336  -36.451  -10.512  40.784 0.0000000000
37283  -34.896  -8.318  31.762 0.0000000000
36351  -35.905  -9.615  33.045 0.0000000000
35444  -36.195  -10.509  34.367 0.0000000000
37258  -36.868  -9.175  34.626 0.0000000000
36302  -36.656  -9.901  36.107 0.0000000000
36290  -35.872  -10.756  37.049 0.0000000000
36291  -36.692  -10.240  37.755 0.0000000000
36269  -36.961  -9.790  40.285 0.0000000000
35320  -38.212  -10.649  42.173 0.0000000000
36195  -39.282  -9.346  44.537 0.0000000000
36176  -40.171  -9.690  45.307 0.0000000000
36232  -21.463  -10.568  40.768 0.0000000000
35296  -23.731  -10.752  41.899 0.0000000000
97016  -23.938  -9.778  40.982 0.0000000000
97032  -22.845  -10.582  40.068 0.0000000000
97015  -23.828  -10.430  41.291 0.0000000000
36201  -24.947  -9.882  42.772 0.0000000000
96976  -24.299  -10.832  43.632 0.0000000000
96977  -24.768  -10.138  44.652 0.0000000000
38115  -27.638  -7.368  45.553 0.0000000000
49221  -47.248  2.979  24.715 0.0000000000
49203  -47.749  3.535  25.290 0.0000000000
48248  -47.837  0.751  24.796 0.0000000000
48266  -48.632  2.074  24.715 0.0000000000
49205  -49.249  3.418  25.474 0.0000000000
50096  -50.327  4.634  25.902 0.0000000000
45210  -50.380  -0.600  21.509 0.0000000000
46203  -51.579  -0.024  23.694 0.0000000000
47238  -52.209  1.149  24.737 0.0000000000
51133  -54.438  4.054  17.039 0.0000000000
51144  -54.551  4.255  16.212 0.0000000000
51146  -55.888  4.989  15.935 0.0000000000
50275  -52.832  4.244  14.171 0.0000000000
51171  -54.514  4.058  14.352 0.0000000000
52124  -56.781  5.491  15.250 0.0000000000
52992  -57.607  5.759  14.383 0.0000000000
98533  -57.350  6.997  13.486 0.0000000000
51225  -50.494  4.219  10.380 0.0000000000
51200  -54.894  4.844  12.575 0.0000000000
52150  -56.307  5.523  12.579 0.0000000000
51246  -53.410  4.179  9.985 0.0000000000
39368  -42.288  -6.707  26.814 0.0000000000
39366  -40.144  -6.610  27.004 0.0000000000
39367  -41.245  -6.603  26.750 0.0000000000
97418  -45.277  3.100  25.031 0.0000000000
51118  -53.076  4.520  18.319 0.0000000000
51106  -52.886  4.650  18.970 0.0000000000
52071  -53.095  5.138  18.779 0.0000000000
52059  -54.234  5.466  19.045 0.0000000000
52072  -53.912  5.046  18.599 0.0000000000
52073  -54.938  5.738  18.458 0.0000000000
96974  -22.299  -11.679  43.213 0.0000000000
44180  -45.823  -1.441  24.999 0.0000000000
40134  -31.204  -6.607  45.310 0.0000000000
35286  -37.282  -11.017  43.743 0.0000000000
34399  -36.996  -11.345  44.161 0.0000000000
35287  -38.121  -10.395  43.759 0.0000000000
38197  -40.268  -7.685  36.668 0.0000000000
37229  -40.917  -7.873  37.311 0.0000000000
40133  -29.599  -7.001  44.474 0.0000000000
46236  -48.361  -0.683  20.924 0.0000000000
45208  -48.627  -0.886  21.469 0.0000000000
45232  -49.029  -0.605  20.912 0.0000000000
39274  -45.907  -6.484  30.376 0.0000000000
39295  -46.649  -6.400  30.445 0.0000000000
39316  -45.331  -6.173  30.271 0.0000000000
41273  -44.744  -4.838  26.344 0.0000000000
36254  -29.577  -9.896  40.746 0.0000000000
35329  -29.854  -10.421  40.305 0.0000000000
34484  -31.869  -11.587  38.917 0.0000000000
35347  -32.644  -10.993  38.591 0.0000000000
40310  -39.482  -6.737  31.814 0.0000000000
40285  -40.059  -5.779  32.112 0.0000000000
40286  -40.682  -5.696  32.753 0.0000000000
39275  -46.425  -6.794  30.760 0.0000000000
35327  -28.444  -10.662  40.116 0.0000000000
50060  -47.775  3.917  27.123 0.0000000000
97452  -48.558  4.872  26.509 0.0000000000
50109  -48.824  4.446  26.040 0.0000000000
49261  -51.249  2.468  19.311 0.0000000000
46319  -47.409  0.643  17.236 0.0000000000
49361  -48.374  3.356  14.893 0.0000000000
34371  -19.773  -11.769  45.092 0.0000000000
35218  -19.143  -11.518  46.199 0.0000000000
35219  -20.174  -11.563  46.654 0.0000000000
37092  -23.853  -10.040  51.168 0.0000000000
96960  -21.365  -10.807  50.635 0.0000000000
43036  -47.783  -2.683  30.325 0.0000000000
45100  -47.657  0.165  28.722 0.0000000000
46079  -48.206  -0.164  29.473 0.0000000000
46093  -48.242  0.584  29.085 0.0000000000
47168  -45.378  1.585  25.772 0.0000000000
48216  -44.947  2.045  26.158 0.0000000000
37174  -33.586  -8.932  44.767 0.0000000000
38130  -34.119  -8.237  44.699 0.0000000000
37160  -34.101  -9.076  44.738 0.0000000000
35419  -34.130  -10.721  35.232 0.0000000000
36301  -35.876  -10.773  35.979 0.0000000000
38267  -36.885  -7.463  32.930 0.0000000000
38249  -36.911  -7.972  33.410 0.0000000000
37216  -38.561  -8.735  39.002 0.0000000000
37212  -38.530  -8.760  39.764 0.0000000000
37197  -38.949  -9.095  41.550 0.0000000000
96990  -27.136  -7.637  44.965 0.0000000000
46241  -53.554  -0.064  21.247 0.0000000000
46218  -53.496  -0.506  22.219 0.0000000000
49373  -50.188  3.432  13.324 0.0000000000
50273  -50.643  3.988  13.636 0.0000000000
51184  -54.669  4.482  13.382 0.0000000000
51213  -51.525  4.260  11.405 0.0000000000
39334  -43.674  -6.608  28.884 0.0000000000
40362  -42.716  -5.887  26.595 0.0000000000
40347  -43.313  -5.778  27.663 0.0000000000
40363  -43.213  -5.048  27.095 0.0000000000
39365  -39.056  -6.598  27.085 0.0000000000
97428  -46.254  3.734  26.312 0.0000000000
97429  -46.246  4.007  26.265 0.0000000000
97430  -46.388  4.170  26.083 0.0000000000
49283  -52.005  3.084  19.153 0.0000000000
50174  -52.702  3.585  18.810 0.0000000000
51092  -54.275  4.259  19.443 0.0000000000
50155  -55.031  3.279  19.444 0.0000000000
51093  -55.345  4.373  19.415 0.0000000000
52950  -56.502  6.247  17.337 0.0000000000
96965  -22.460  -11.768  44.079 0.0000000000
34390  -21.115  -11.663  44.747 0.0000000000
35256  -21.791  -11.701  45.001 0.0000000000
43121  -46.590  -2.618  28.143 0.0000000000
44133  -46.958  -2.447  28.251 0.0000000000
45115  -46.781  -0.907  27.129 0.0000000000
46130  -47.552  -0.501  26.777 0.0000000000
45135  -47.368  -0.166  26.229 0.0000000000
45134  -46.759  -0.343  26.203 0.0000000000
47219  -45.849  0.367  25.946 0.0000000000
46150  -45.785  1.042  25.345 0.0000000000
35265  -35.141  -10.715  44.477 0.0000000000
36191  -35.487  -9.469  45.015 0.0000000000
35231  -39.185  -10.049  46.237 0.0000000000
35247  -38.879  -10.636  45.789 0.0000000000
35459  -34.945  -10.884  32.824 0.0000000000
38220  -37.917  -7.995  34.850 0.0000000000
37217  -39.048  -7.954  38.560 0.0000000000
38159  -39.345  -7.732  40.039 0.0000000000
38172  -40.070  -7.791  39.750 0.0000000000
97081  -28.247  -7.285  44.586 0.0000000000
41074  -30.031  -6.032  45.827 0.0000000000
46213  -47.216  -1.724  23.171 0.0000000000
45190  -49.618  -0.681  22.667 0.0000000000
45178  -48.970  -0.797  23.766 0.0000000000
45179  -49.979  -0.679  23.793 0.0000000000
46201  -50.113  -0.494  24.512 0.0000000000
46202  -50.658  -0.313  23.891 0.0000000000
51282  -49.862  5.352  7.512 0.0000000000
96952  -24.653  -8.805  49.173 0.0000000000
40291  -47.845  -5.729  31.309 0.0000000000
40288  -46.661  -5.687  30.253 0.0000000000
41200  -47.051  -4.672  30.266 0.0000000000
41219  -46.214  -4.139  30.339 0.0000000000
40331  -44.611  -5.605  28.934 0.0000000000
40311  -44.808  -5.170  29.648 0.0000000000
41237  -44.972  -5.027  28.868 0.0000000000
41257  -45.564  -4.494  28.251 0.0000000000
41238  -45.509  -4.601  28.863 0.0000000000
42137  -45.767  -4.046  28.705 0.0000000000
43093  -45.898  -3.734  29.015 0.0000000000
43119  -45.799  -3.585  27.180 0.0000000000
42177  -45.449  -3.320  26.329 0.0000000000
37173  -30.245  -9.418  43.478 0.0000000000
37184  -29.506  -9.741  42.964 0.0000000000
36237  -30.326  -9.868  41.589 0.0000000000
36220  -31.068  -9.784  42.765 0.0000000000
34462  -30.406  -11.014  39.943 0.0000000000
34463  -30.759  -11.399  39.986 0.0000000000
35313  -31.976  -10.559  41.051 0.0000000000
36221  -32.589  -9.959  42.320 0.0000000000
35297  -32.956  -10.462  42.067 0.0000000000
35283  -33.689  -10.309  43.028 0.0000000000
35298  -33.561  -10.467  42.332 0.0000000000
35316  -34.632  -10.634  41.366 0.0000000000
35300  -35.594  -10.897  42.327 0.0000000000
40346  -37.671  -6.696  29.335 0.0000000000
40267  -38.598  -5.888  32.189 0.0000000000
40283  -38.224  -5.927  31.701 0.0000000000
39293  -38.277  -6.049  32.141 0.0000000000
39251  -38.667  -6.308  33.362 0.0000000000
40233  -39.655  -5.875  34.115 0.0000000000
40232  -38.891  -5.881  33.881 0.0000000000
39209  -41.016  -6.515  35.647 0.0000000000
41173  -41.511  -5.680  33.356 0.0000000000
40235  -41.776  -4.979  34.193 0.0000000000
39277  -47.544  -6.445  31.790 0.0000000000
36252  -27.527  -10.391  40.335 0.0000000000
37193  -28.800  -9.877  42.007 0.0000000000
49137  -49.718  3.223  28.781 0.0000000000
49123  -48.936  4.122  28.034 0.0000000000
50980  -47.153  4.677  27.202 0.0000000000
51927  -48.654  5.518  27.894 0.0000000000
50968  -48.376  5.249  28.003 0.0000000000
51909  -49.241  5.643  29.272 0.0000000000
52818  -49.754  7.040  28.963 0.0000000000
51949  -50.113  6.508  28.057 0.0000000000
48300  -49.118  1.447  20.310 0.0000000000
47291  -49.949  0.609  20.363 0.0000000000
48286  -49.718  1.412  20.351 0.0000000000
47294  -52.133  0.710  19.424 0.0000000000
47293  -51.507  0.579  20.009 0.0000000000
47311  -52.123  0.289  19.934 0.0000000000
46257  -53.049  -0.271  20.459 0.0000000000
47329  -53.334  0.275  19.571 0.0000000000
48303  -55.033  0.971  19.880 0.0000000000
36104  -19.020  -9.869  51.232 0.0000000000
37076  -18.249  -9.544  50.552 0.0000000000
37088  -18.124  -9.942  50.537 0.0000000000
48283  -44.418  0.061  22.783 0.0000000000
46232  -43.831  -0.996  21.733 0.0000000000
46233  -44.832  -1.662  21.787 0.0000000000
46253  -46.174  -0.791  20.970 0.0000000000
47289  -47.337  -0.734  20.932 0.0000000000
47327  -47.320  0.172  19.564 0.0000000000
47328  -47.876  0.615  19.078 0.0000000000
48298  -48.372  0.822  19.290 0.0000000000
48335  -48.472  1.967  18.627 0.0000000000
48317  -48.287  1.438  18.898 0.0000000000
49281  -49.070  2.336  19.230 0.0000000000
49297  -48.911  2.331  18.381 0.0000000000
50187  -50.772  2.675  18.475 0.0000000000
49326  -50.871  2.467  16.715 0.0000000000
49310  -51.103  2.575  17.424 0.0000000000
49327  -51.251  2.628  16.937 0.0000000000
50201  -51.956  3.430  17.272 0.0000000000
50202  -52.456  3.497  16.934 0.0000000000
35208  -18.698  -10.826  47.391 0.0000000000
96956  -24.412  -10.601  47.034 0.0000000000
96947  -23.446  -11.588  46.911 0.0000000000
96940  -22.490  -11.752  47.024 0.0000000000
96946  -21.206  -11.051  47.634 0.0000000000
37079  -21.279  -9.166  50.449 0.0000000000
37091  -21.372  -9.229  49.879 0.0000000000
37090  -20.659  -8.657  50.050 0.0000000000
37077  -19.223  -9.141  50.625 0.0000000000
34327  -20.859  -11.337  50.883 0.0000000000
47106  -51.013  1.514  32.457 0.0000000000
42086  -48.622  -3.754  31.836 0.0000000000
42087  -49.567  -3.524  31.907 0.0000000000
43038  -48.793  -2.455  30.993 0.0000000000
43039  -49.463  -2.716  31.460 0.0000000000
44058  -49.295  -1.648  31.320 0.0000000000
44112  -47.543  -1.936  28.705 0.0000000000
45055  -47.654  -1.467  29.451 0.0000000000
45057  -48.923  -1.123  30.057 0.0000000000
45036  -49.470  -0.682  31.279 0.0000000000
46057  -49.561  -0.040  31.725 0.0000000000
46095  -49.608  0.859  29.690 0.0000000000
47120  -49.938  1.187  29.952 0.0000000000
48166  -49.033  1.989  28.169 0.0000000000
47196  -47.365  0.736  26.164 0.0000000000
47171  -47.815  1.025  26.676 0.0000000000
46169  -43.251  0.159  24.277 0.0000000000
47217  -43.393  1.053  24.240 0.0000000000
48237  -43.241  1.873  24.348 0.0000000000
49188  -43.436  2.240  24.354 0.0000000000
36171  -35.680  -8.793  45.602 0.0000000000
37148  -35.997  -8.111  45.590 0.0000000000
37149  -36.398  -8.134  46.035 0.0000000000
35398  -33.647  -10.813  36.272 0.0000000000
35418  -33.133  -11.166  35.471 0.0000000000
35378  -33.056  -10.632  37.005 0.0000000000
35364  -34.418  -10.536  38.300 0.0000000000
35335  -35.518  -10.605  40.578 0.0000000000
37271  -36.752  -9.148  33.393 0.0000000000
36333  -35.910  -10.042  33.461 0.0000000000
36334  -36.260  -9.926  34.051 0.0000000000
37247  -37.619  -8.693  35.319 0.0000000000
36257  -37.842  -10.565  40.773 0.0000000000
36256  -37.107  -10.364  40.694 0.0000000000
36240  -38.188  -10.678  41.582 0.0000000000
35303  -38.403  -10.183  42.879 0.0000000000
36223  -38.832  -9.599  42.959 0.0000000000
37176  -40.464  -8.605  43.713 0.0000000000
37164  -40.402  -8.831  44.751 0.0000000000
36196  -40.708  -9.558  44.658 0.0000000000
38154  -40.230  -7.859  41.403 0.0000000000
38138  -40.998  -8.135  43.051 0.0000000000
35290  -41.679  -9.014  42.481 0.0000000000
39194  -42.150  -6.753  36.089 0.0000000000
36233  -25.913  -9.749  41.141 0.0000000000
36249  -24.419  -9.738  40.135 0.0000000000
97017  -25.211  -9.749  41.392 0.0000000000
97056  -23.335  -10.438  40.150 0.0000000000
97074  -23.589  -10.196  40.775 0.0000000000
97003  -27.709  -7.384  44.874 0.0000000000
97521  -51.207  3.993  30.245 0.0000000000
97457  -45.268  2.195  24.563 0.0000000000
97415  -45.611  1.923  24.741 0.0000000000
49222  -48.149  2.896  24.801 0.0000000000
47252  -47.740  -0.348  24.752 0.0000000000
47233  -47.715  0.394  24.835 0.0000000000
47234  -48.142  0.164  24.802 0.0000000000
48267  -49.316  2.289  24.779 0.0000000000
49223  -48.869  2.726  25.313 0.0000000000
50110  -49.781  4.059  25.589 0.0000000000
50112  -51.822  4.311  24.825 0.0000000000
50097  -51.174  4.987  25.549 0.0000000000
51027  -51.811  5.446  25.947 0.0000000000
46238  -50.963  -0.283  20.507 0.0000000000
45182  -53.062  -0.697  22.869 0.0000000000
45181  -52.445  -0.624  23.049 0.0000000000
46189  -52.038  0.392  24.422 0.0000000000
47256  -52.752  0.808  24.103 0.0000000000
50220  -52.524  3.599  16.212 0.0000000000
50204  -53.836  3.570  16.965 0.0000000000
50221  -53.350  3.611  16.312 0.0000000000
49347  -53.739  3.513  15.328 0.0000000000
50240  -53.968  3.577  15.719 0.0000000000
51145  -55.505  4.322  16.152 0.0000000000
51159  -54.879  4.110  15.475 0.0000000000
51181  -51.116  4.381  13.204 0.0000000000
51170  -53.734  4.068  14.184 0.0000000000
51160  -55.766  4.563  14.790 0.0000000000
52123  -56.425  5.060  14.873 0.0000000000
52134  -56.847  5.405  14.615 0.0000000000
53001  -56.752  5.381  13.818 0.0000000000
98534  -57.515  7.278  13.175 0.0000000000
53009  -57.045  6.669  12.991 0.0000000000
51214  -52.744  4.319  11.495 0.0000000000
52158  -55.899  4.335  12.096 0.0000000000
52149  -55.999  4.973  12.512 0.0000000000
52160  -56.568  6.035  11.771 0.0000000000
53768  -57.772  6.702  11.133 0.0000000000
53781  -57.665  6.628  10.705 0.0000000000
51107  -53.647  4.982  19.430 0.0000000000
52061  -56.135  6.148  19.185 0.0000000000
52088  -54.733  4.936  17.680 0.0000000000
44144  -46.141  -1.519  26.760 0.0000000000
45133  -46.207  -0.976  26.309 0.0000000000
34397  -35.764  -11.351  44.190 0.0000000000
35266  -36.091  -10.531  44.533 0.0000000000
35267  -37.000  -10.790  44.596 0.0000000000
36193  -37.424  -9.980  45.126 0.0000000000
36174  -37.968  -9.773  45.716 0.0000000000
36157  -38.355  -9.861  46.233 0.0000000000
36175  -39.155  -9.702  45.510 0.0000000000
38222  -39.957  -7.878  35.029 0.0000000000
38210  -39.006  -7.831  35.907 0.0000000000
38181  -39.560  -7.863  38.615 0.0000000000
97036  -28.858  -8.525  44.310 0.0000000000
46214  -47.984  -1.614  21.747 0.0000000000
39276  -47.339  -6.669  31.303 0.0000000000
40290  -47.783  -5.762  30.935 0.0000000000
39318  -47.155  -6.482  30.564 0.0000000000
40287  -45.800  -5.216  30.311 0.0000000000
42155  -45.775  -4.215  27.275 0.0000000000
37195  -29.963  -9.714  42.439 0.0000000000
34483  -30.950  -11.595  39.088 0.0000000000
35333  -33.622  -10.610  40.253 0.0000000000
40268  -39.151  -5.860  32.571 0.0000000000
39273  -38.853  -6.060  32.935 0.0000000000
40252  -40.303  -5.711  33.561 0.0000000000
40270  -40.619  -5.770  33.201 0.0000000000
36253  -28.685  -10.050  40.706 0.0000000000
49149  -48.920  2.968  27.850 0.0000000000
49136  -49.228  3.269  28.211 0.0000000000
50052  -48.365  4.735  27.901 0.0000000000
51948  -49.499  6.473  28.195 0.0000000000
50081  -50.018  5.075  26.563 0.0000000000
49239  -50.062  2.080  20.279 0.0000000000
48287  -50.425  1.444  20.345 0.0000000000
49240  -50.837  2.095  20.038 0.0000000000
48289  -51.755  1.372  19.428 0.0000000000
49264  -54.524  2.053  19.174 0.0000000000
54506  -58.714  8.088  15.674 0.0000000000
45205  -45.345  -1.527  20.981 0.0000000000
46300  -47.412  0.217  17.966 0.0000000000
47348  -47.775  1.114  17.444 0.0000000000
48333  -47.823  1.755  17.360 0.0000000000
49341  -47.729  2.815  15.616 0.0000000000
49324  -49.097  2.440  16.607 0.0000000000
49309  -50.405  2.496  17.395 0.0000000000
49343  -49.452  2.501  16.078 0.0000000000
50217  -49.954  2.471  15.905 0.0000000000
50235  -49.840  2.784  15.676 0.0000000000
50255  -49.245  3.305  15.194 0.0000000000
34348  -19.250  -11.131  47.994 0.0000000000
96935  -23.222  -11.154  50.224 0.0000000000
36106  -21.536  -9.829  51.125 0.0000000000
96959  -21.172  -11.305  50.374 0.0000000000
42094  -48.429  -3.528  30.924 0.0000000000
43068  -48.628  -2.418  30.641 0.0000000000
35381  -36.058  -10.720  38.145 0.0000000000
38248  -36.413  -8.389  33.085 0.0000000000
36292  -37.402  -9.181  37.879 0.0000000000
36270  -37.898  -9.408  39.643 0.0000000000
36258  -38.617  -9.553  41.185 0.0000000000
36224  -39.280  -9.283  42.708 0.0000000000
36242  -39.142  -9.312  41.976 0.0000000000
37187  -39.681  -8.789  42.464 0.0000000000
37177  -41.006  -8.650  44.023 0.0000000000
97000  -25.993  -9.236  42.701 0.0000000000
37170  -25.506  -9.480  42.997 0.0000000000
40103  -28.762  -6.264  46.438 0.0000000000
49206  -50.059  3.114  24.687 0.0000000000
45212  -52.436  -0.896  21.475 0.0000000000
46217  -53.399  -0.992  22.035 0.0000000000
45183  -53.350  -0.672  22.654 0.0000000000
46205  -53.524  -0.419  23.178 0.0000000000
51157  -52.043  3.405  15.296 0.0000000000
50238  -52.900  3.529  15.508 0.0000000000
51168  -52.317  3.458  14.954 0.0000000000
50259  -52.721  3.558  14.725 0.0000000000
49364  -53.335  3.484  14.844 0.0000000000
51217  -55.687  4.122  12.118 0.0000000000
96140  -44.525  -6.704  29.875 0.0000000000
39352  -43.599  -6.063  28.360 0.0000000000
40364  -44.009  -4.983  27.014 0.0000000000
35361  -29.235  -10.760  39.069 0.0000000000
39363  -36.958  -6.573  27.131 0.0000000000
50059  -47.144  3.905  27.284 0.0000000000
50064  -46.753  4.145  26.674 0.0000000000
97437  -47.909  4.093  25.663 0.0000000000
49285  -53.360  3.226  19.254 0.0000000000
52074  -55.885  6.392  18.361 0.0000000000
53688  -56.729  6.386  17.352 0.0000000000
52963  -56.854  6.068  16.599 0.0000000000
96984  -21.276  -11.613  42.616 0.0000000000
35276  -19.883  -11.463  43.260 0.0000000000
34408  -20.420  -11.634  44.078 0.0000000000
34389  -20.125  -12.088  44.580 0.0000000000
34372  -20.536  -11.860  45.340 0.0000000000
43095  -47.225  -2.895  28.205 0.0000000000
46131  -47.774  0.129  26.626 0.0000000000
46151  -46.538  0.228  26.079 0.0000000000
47220  -46.131  0.453  26.129 0.0000000000
46129  -45.652  1.355  25.555 0.0000000000
37161  -34.688  -8.499  44.877 0.0000000000
35228  -36.803  -10.070  46.465 0.0000000000
35246  -38.054  -10.651  45.816 0.0000000000
38250  -37.650  -7.577  33.550 0.0000000000
38234  -37.631  -7.949  34.113 0.0000000000
37206  -38.832  -8.723  41.016 0.0000000000
96132  -40.336  -8.109  41.562 0.0000000000
96121  -39.609  -8.183  40.495 0.0000000000
96129  -39.834  -8.140  41.495 0.0000000000
96989  -27.112  -7.696  44.260 0.0000000000
40092  -28.675  -6.072  45.866 0.0000000000
46212  -46.386  -0.973  23.554 0.0000000000
46199  -47.561  -0.871  24.145 0.0000000000
46200  -48.233  -0.683  24.451 0.0000000000
46187  -48.900  -0.499  24.691 0.0000000000
47253  -49.872  0.003  24.797 0.0000000000
47254  -50.457  0.092  24.549 0.0000000000
47237  -51.085  0.726  24.731 0.0000000000
51195  -49.015  4.024  12.324 0.0000000000
50288  -50.310  3.445  13.106 0.0000000000
52213  -50.168  6.066  7.127 0.0000000000
41191  -47.771  -4.155  31.543 0.0000000000
41202  -47.939  -5.254  31.330 0.0000000000
42115  -47.003  -3.652  29.996 0.0000000000
40312  -45.191  -5.498  30.247 0.0000000000
41218  -45.401  -4.549  30.070 0.0000000000
42113  -45.823  -3.825  29.983 0.0000000000
42114  -46.430  -3.675  29.969 0.0000000000
43065  -46.947  -3.735  29.197 0.0000000000
43142  -46.115  -2.587  27.595 0.0000000000
43161  -45.575  -2.494  25.616 0.0000000000
38129  -29.752  -8.436  44.420 0.0000000000
97137  -30.216  -8.772  43.792 0.0000000000
37185  -30.159  -9.828  43.045 0.0000000000
37186  -30.234  -9.993  43.776 0.0000000000
35346  -30.132  -10.750  39.917 0.0000000000
35330  -30.534  -10.657  40.529 0.0000000000
35331  -31.401  -11.102  40.518 0.0000000000
36207  -33.414  -9.802  43.489 0.0000000000
36208  -34.009  -10.015  43.619 0.0000000000
35264  -34.537  -10.958  44.020 0.0000000000
34435  -34.864  -11.239  42.743 0.0000000000
34436  -35.534  -11.462  42.948 0.0000000000
35301  -36.516  -10.928  42.862 0.0000000000
97277  -35.201  -5.937  30.771 0.0000000000
97280  -35.968  -6.544  31.406 0.0000000000
40329  -36.970  -6.143  29.888 0.0000000000
39227  -37.932  -7.221  34.084 0.0000000000
38236  -39.357  -7.659  34.422 0.0000000000
38223  -40.794  -7.798  35.426 0.0000000000
38212  -40.802  -7.257  36.121 0.0000000000
39193  -41.309  -6.819  36.130 0.0000000000
40253  -46.844  -6.671  32.226 0.0000000000
36235  -28.206  -9.735  41.537 0.0000000000
37172  -29.103  -8.717  43.641 0.0000000000
97508  -50.971  3.044  30.126 0.0000000000
97532  -50.527  4.137  29.523 0.0000000000
50050  -47.467  4.010  27.234 0.0000000000
47309  -48.685  0.266  20.174 0.0000000000
46255  -49.460  -0.236  20.490 0.0000000000
46239  -51.712  -0.189  20.385 0.0000000000
45233  -51.919  -0.482  20.672 0.0000000000
45234  -52.215  -0.630  20.806 0.0000000000
46242  -54.109  0.446  21.199 0.0000000000
48301  -52.665  1.378  19.215 0.0000000000
46280  -53.765  0.184  19.261 0.0000000000
38040  -18.279  -8.647  49.919 0.0000000000
47249  -45.225  0.191  23.367 0.0000000000
47286  -44.375  -0.797  22.439 0.0000000000
48285  -45.170  -0.632  22.856 0.0000000000
47288  -46.427  -1.394  21.457 0.0000000000
47290  -48.015  -0.469  20.552 0.0000000000
46277  -46.518  -0.247  19.333 0.0000000000
49259  -49.407  2.324  19.873 0.0000000000
50151  -50.145  2.425  19.283 0.0000000000
48344  -48.013  2.111  17.098 0.0000000000
49296  -48.425  2.319  18.008 0.0000000000
50171  -50.422  2.617  18.842 0.0000000000
50172  -50.988  3.164  18.792 0.0000000000
50188  -51.376  2.850  18.151 0.0000000000
50189  -51.994  3.386  17.975 0.0000000000
51117  -52.539  3.739  17.855 0.0000000000
51131  -52.896  3.870  17.586 0.0000000000
51142  -51.917  3.513  15.807 0.0000000000
50236  -50.840  2.962  15.335 0.0000000000
50237  -51.520  3.297  15.323 0.0000000000
50257  -50.803  3.539  14.604 0.0000000000
50287  -49.704  3.322  13.068 0.0000000000
50286  -48.237  3.567  12.679 0.0000000000
51194  -48.420  4.086  12.267 0.0000000000
35236  -21.784  -11.710  45.399 0.0000000000
34361  -21.665  -11.625  46.368 0.0000000000
34360  -20.823  -11.603  46.140 0.0000000000
96938  -21.926  -11.153  47.732 0.0000000000
35220  -20.996  -11.531  46.921 0.0000000000
36131  -20.296  -10.707  48.835 0.0000000000
37104  -21.219  -9.627  49.627 0.0000000000
35177  -19.631  -10.523  51.334 0.0000000000
47098  -51.648  1.682  33.122 0.0000000000
48138  -51.062  2.503  32.348 0.0000000000
42096  -49.247  -3.436  31.495 0.0000000000
44055  -47.740  -2.288  30.225 0.0000000000
44056  -48.025  -2.300  30.422 0.0000000000
43067  -48.516  -2.211  30.629 0.0000000000
44087  -48.814  -1.627  30.795 0.0000000000
45018  -49.640  -0.766  32.085 0.0000000000
46058  -50.531  0.554  32.073 0.0000000000
97505  -50.734  2.925  30.806 0.0000000000
48180  -49.091  2.597  28.152 0.0000000000
48196  -48.745  2.745  27.488 0.0000000000
47148  -48.371  0.905  27.273 0.0000000000
45131  -44.794  -1.450  24.152 0.0000000000
46186  -43.983  0.479  24.300 0.0000000000
39102  -32.544  -6.091  45.603 0.0000000000
38117  -35.517  -7.667  45.804 0.0000000000
34515  -31.539  -11.274  36.756 0.0000000000
34516  -32.025  -10.751  37.226 0.0000000000
35362  -32.582  -10.831  37.510 0.0000000000
35318  -36.450  -10.672  41.718 0.0000000000
36369  -35.273  -9.349  32.114 0.0000000000
37284  -35.636  -8.564  32.264 0.0000000000
36370  -35.802  -9.287  32.467 0.0000000000
35480  -35.792  -9.930  32.323 0.0000000000
35460  -35.814  -10.473  32.787 0.0000000000
36318  -35.984  -10.827  35.117 0.0000000000
37246  -36.750  -9.155  35.826 0.0000000000
36319  -36.554  -10.418  34.824 0.0000000000
35366  -36.267  -10.573  38.858 0.0000000000
35337  -37.099  -10.564  41.128 0.0000000000
35319  -37.455  -10.643  41.825 0.0000000000
36209  -38.762  -9.751  43.764 0.0000000000
36210  -39.360  -9.243  43.623 0.0000000000
37150  -39.703  -8.900  45.026 0.0000000000
37151  -39.903  -9.094  45.331 0.0000000000
38153  -39.754  -8.232  41.901 0.0000000000
38146  -40.534  -8.405  42.739 0.0000000000
36211  -41.422  -9.155  43.786 0.0000000000
35311  -21.388  -10.607  41.066 0.0000000000
97031  -22.394  -10.575  40.380 0.0000000000
97414  -45.391  2.651  24.751 0.0000000000
97456  -45.729  3.002  24.741 0.0000000000
48249  -48.454  1.100  24.728 0.0000000000
49204  -48.424  3.636  25.491 0.0000000000
51010  -50.429  5.388  26.520 0.0000000000
50082  -50.621  5.210  26.126 0.0000000000
45191  -50.696  -0.549  22.753 0.0000000000
45192  -51.815  -0.668  22.535 0.0000000000
46216  -51.087  -0.372  23.249 0.0000000000
46215  -50.708  -0.408  23.359 0.0000000000
48253  -52.307  2.332  24.572 0.0000000000
49208  -52.599  3.442  24.563 0.0000000000
51132  -53.759  4.204  17.704 0.0000000000
50222  -53.999  3.643  16.340 0.0000000000
52106  -55.044  4.529  16.811 0.0000000000
52107  -56.005  4.537  17.041 0.0000000000
52108  -56.636  5.329  16.427 0.0000000000
51180  -50.757  4.080  13.109 0.0000000000
50260  -53.544  3.680  14.567 0.0000000000
51182  -52.159  4.403  13.327 0.0000000000
50276  -53.394  4.162  14.179 0.0000000000
50261  -53.921  3.377  14.857 0.0000000000
51161  -56.379  5.022  15.568 0.0000000000
52978  -57.258  5.825  15.686 0.0000000000
53729  -57.577  6.339  14.989 0.0000000000
53741  -57.803  6.589  14.554 0.0000000000
52133  -56.720  5.159  13.972 0.0000000000
52993  -57.565  6.823  14.067 0.0000000000
98530  -57.637  7.354  13.731 0.0000000000
51201  -55.714  5.388  12.823 0.0000000000
53017  -56.917  6.564  11.950 0.0000000000
51247  -54.430  3.995  10.773 0.0000000000
34339  -19.340  -10.908  48.244 0.0000000000
34340  -19.424  -11.211  48.257 0.0000000000
34347  -19.152  -10.830  47.976 0.0000000000
34398  -36.515  -11.313  44.220 0.0000000000
34407  -19.700  -11.575  44.046 0.0000000000
34417  -34.849  -11.405  43.441 0.0000000000
34418  -35.562  -11.513  43.568 0.0000000000
34420  -36.805  -11.394  43.841 0.0000000000
34437  -35.977  -11.481  43.200 0.0000000000
35237  -21.934  -11.720  45.203 0.0000000000
35255  -21.611  -11.707  45.165 0.0000000000
35285  -36.734  -11.200  43.490 0.0000000000
35345  -29.568  -10.730  39.642 0.0000000000
35421  -35.994  -10.709  34.631 0.0000000000
36103  -18.475  -10.069  50.787 0.0000000000
36158  -38.841  -9.846  46.252 0.0000000000
36288  -31.725  -10.462  35.923 0.0000000000
36289  -31.628  -9.824  36.058 0.0000000000
37113  -20.402  -10.212  49.352 0.0000000000
37163  -39.827  -8.724  44.269 0.0000000000
37165  -40.867  -9.025  44.490 0.0000000000
37178  -41.301  -8.663  43.682 0.0000000000
37188  -40.303  -8.665  42.987 0.0000000000
37196  -38.750  -9.226  41.437 0.0000000000
38041  -18.371  -8.811  50.242 0.0000000000
38049  -18.075  -8.965  49.796 0.0000000000
38106  -36.049  -7.650  46.088 0.0000000000
38118  -36.149  -7.767  45.830 0.0000000000
38137  -40.760  -8.463  43.447 0.0000000000
39297  -47.584  -6.427  30.974 0.0000000000
39317  -46.944  -6.384  30.477 0.0000000000
39319  -47.371  -6.531  30.778 0.0000000000
40271  -47.791  -6.135  31.240 0.0000000000
40313  -46.861  -6.199  30.288 0.0000000000
40314  -47.152  -6.174  30.370 0.0000000000
40315  -47.478  -6.268  30.655 0.0000000000
41198  -45.731  -4.836  30.309 0.0000000000
41239  -45.709  -4.370  28.463 0.0000000000
43064  -46.116  -3.623  29.426 0.0000000000
43096  -47.247  -2.724  28.213 0.0000000000
44113  -47.181  -2.546  28.265 0.0000000000
44197  -46.083  -1.000  24.787 0.0000000000
44198  -46.074  -1.200  24.929 0.0000000000
45132  -44.769  -1.780  24.096 0.0000000000
45168  -45.748  -1.158  24.447 0.0000000000
45169  -45.817  -1.168  24.690 0.0000000000
45171  -49.781  -0.666  24.414 0.0000000000
45177  -48.229  -1.091  23.741 0.0000000000
45194  -53.298  -0.873  22.314 0.0000000000
45206  -45.784  -1.007  21.010 0.0000000000
45207  -45.955  -0.836  20.966 0.0000000000
45230  -46.039  -0.815  20.752 0.0000000000
45231  -48.726  -0.642  20.920 0.0000000000
46113  -48.255  0.697  27.302 0.0000000000
46128  -45.638  1.410  25.195 0.0000000000
46172  -46.046  0.099  26.146 0.0000000000
46188  -49.546  -0.394  24.686 0.0000000000
46190  -52.450  0.568  24.331 0.0000000000
46235  -46.050  -0.951  21.165 0.0000000000
46318  -46.884  0.646  17.132 0.0000000000
47172  -48.160  0.931  27.148 0.0000000000
47330  -53.541  0.237  19.166 0.0000000000
48197  -48.818  2.731  27.724 0.0000000000
48268  -49.707  2.610  24.736 0.0000000000
48275  -45.041  0.026  22.911 0.0000000000
48318  -48.675  2.001  19.102 0.0000000000
49148  -48.831  2.948  27.601 0.0000000000
49225  -49.726  2.869  24.790 0.0000000000
49311  -51.466  3.008  17.041 0.0000000000
49345  -51.509  3.438  14.995 0.0000000000
49346  -53.325  3.491  15.170 0.0000000000
49348  -53.993  3.523  15.332 0.0000000000
49362  -51.243  3.593  14.717 0.0000000000
49363  -51.385  3.525  14.794 0.0000000000
49365  -53.657  3.471  14.967 0.0000000000
49374  -50.358  3.597  13.300 0.0000000000
49383  -50.091  3.327  13.115 0.0000000000
50051  -47.862  4.451  27.282 0.0000000000
50965  -47.376  4.235  27.261 0.0000000000
50966  -47.422  4.511  27.284 0.0000000000
50979  -47.171  4.355  27.268 0.0000000000
50993  -50.149  5.559  26.956 0.0000000000
51158  -52.477  3.508  15.290 0.0000000000
51169  -52.692  3.354  15.047 0.0000000000
52141  -56.693  6.396  13.067 0.0000000000
52151  -56.557  6.306  12.597 0.0000000000
52840  -49.939  6.829  28.431 0.0000000000
52949  -56.148  6.381  17.847 0.0000000000
52991  -57.045  5.346  13.973 0.0000000000
53002  -57.031  6.126  13.345 0.0000000000
53026  -57.436  6.199  10.922 0.0000000000
53769  -57.812  6.998  10.888 0.0000000000
53770  -57.631  7.007  10.784 0.0000000000
53782  -57.872  6.873  10.692 0.0000000000
54534  -57.407  6.919  11.933 0.0000000000
54535  -57.977  6.811  11.692 0.0000000000
54536  -57.790  7.010  11.427 0.0000000000
54548  -58.399  7.132  10.898 0.0000000000
55317  -57.883  8.090  11.485 0.0000000000
97051  -27.934  -6.880  44.921 0.0000000000
97071  -28.095  -6.748  44.847 0.0000000000
97073  -28.196  -6.847  44.682 0.0000000000
97435  -46.472  4.100  26.286 0.0000000000
97436  -46.336  4.132  26.109 0.0000000000
97453  -46.095  4.079  26.091 0.0000000000
98535  -57.936  7.575  13.155 0.0000000000
