#!ascii label  , from subject output2 vox2ras=TkReg
903
39367  -41.245  -6.603  26.750 0.0000000000
35472  -27.168  -10.882  32.212 0.0000000000
38297  -33.755  -6.279  30.347 0.0000000000
52995  -42.681  7.082  13.788 0.0000000000
53032  -45.222  7.986  9.657 0.0000000000
97100  -23.336  -4.459  39.088 0.0000000000
52102  -41.492  6.157  16.663 0.0000000000
41290  -44.251  -4.256  26.148 0.0000000000
39362  -36.356  -5.952  27.094 0.0000000000
39220  -23.095  -6.190  34.672 0.0000000000
36250  -25.313  -9.713  39.970 0.0000000000
43138  -38.937  -2.390  27.352 0.0000000000
97319  -39.560  -1.891  25.709 0.0000000000
36388  -30.921  -10.007  30.019 0.0000000000
45094  -34.335  -0.588  28.111 0.0000000000
97364  -40.613  2.146  22.683 0.0000000000
45266  -42.031  -0.875  17.755 0.0000000000
47360  -46.216  1.306  16.233 0.0000000000
97022  -20.798  -8.523  42.934 0.0000000000
38111  -18.814  -7.836  45.226 0.0000000000
97324  -40.191  -0.830  24.185 0.0000000000
48235  -40.705  1.698  24.171 0.0000000000
97358  -40.349  3.513  23.745 0.0000000000
97040  -22.061  -9.177  39.938 0.0000000000
35416  -27.902  -10.779  35.605 0.0000000000
34541  -29.989  -11.320  35.397 0.0000000000
39365  -39.056  -6.598  27.085 0.0000000000
39246  -28.081  -5.996  33.102 0.0000000000
36346  -24.986  -8.943  33.098 0.0000000000
36315  -25.485  -9.792  35.876 0.0000000000
44079  -39.739  -1.426  30.041 0.0000000000
44128  -36.817  -1.130  27.889 0.0000000000
97378  -39.433  3.993  20.762 0.0000000000
45222  -38.673  -0.806  20.530 0.0000000000
47344  -38.480  2.420  17.430 0.0000000000
51156  -42.178  3.082  14.703 0.0000000000
50251  -43.019  3.741  13.176 0.0000000000
48369  -46.620  2.406  15.261 0.0000000000
50268  -44.308  3.942  12.633 0.0000000000
50283  -45.187  3.916  12.090 0.0000000000
45097  -41.223  -0.351  27.536 0.0000000000
97333  -39.788  -1.391  25.191 0.0000000000
97347  -39.286  0.507  27.089 0.0000000000
50080  -37.238  3.221  24.837 0.0000000000
51041  -38.115  5.344  23.561 0.0000000000
97380  -41.718  3.155  24.294 0.0000000000
51043  -39.747  5.992  22.128 0.0000000000
50125  -40.715  4.885  22.626 0.0000000000
37302  -32.458  -8.497  30.066 0.0000000000
97068  -21.653  -6.656  41.041 0.0000000000
97090  -21.915  -6.413  39.029 0.0000000000
37133  -16.629  -9.850  46.339 0.0000000000
37110  -15.897  -8.408  47.824 0.0000000000
50186  -41.962  5.455  18.282 0.0000000000
43160  -44.841  -2.663  25.166 0.0000000000
40328  -35.148  -5.347  29.692 0.0000000000
97109  -22.301  -5.895  37.575 0.0000000000
97105  -23.019  -7.823  38.064 0.0000000000
35372  -24.188  -8.869  37.483 0.0000000000
53039  -45.247  7.373  8.400 0.0000000000
97313  -39.861  -5.381  24.779 0.0000000000
97321  -40.056  -3.933  24.119 0.0000000000
42135  -40.332  -2.838  27.479 0.0000000000
38260  -28.308  -7.169  31.035 0.0000000000
35494  -29.681  -10.912  30.897 0.0000000000
38279  -29.528  -7.709  30.085 0.0000000000
38281  -31.216  -7.434  30.186 0.0000000000
39291  -31.713  -5.635  29.604 0.0000000000
44073  -32.239  -0.488  29.265 0.0000000000
42150  -32.710  -3.374  28.158 0.0000000000
43113  -35.245  -2.933  27.160 0.0000000000
42172  -37.177  -3.602  26.271 0.0000000000
48246  -43.170  1.958  23.735 0.0000000000
48355  -40.264  2.292  15.369 0.0000000000
45284  -43.997  -0.040  17.058 0.0000000000
50295  -46.279  4.132  11.276 0.0000000000
38125  -19.829  -8.039  44.249 0.0000000000
36163  -17.518  -10.263  45.101 0.0000000000
43139  -41.250  -2.962  24.999 0.0000000000
43182  -41.672  -2.635  24.275 0.0000000000
44196  -42.564  -1.539  24.008 0.0000000000
97361  -36.880  1.199  26.214 0.0000000000
97350  -38.735  0.693  23.681 0.0000000000
46169  -43.251  0.159  24.277 0.0000000000
47192  -43.010  1.248  24.348 0.0000000000
49188  -43.436  2.240  24.354 0.0000000000
49202  -43.213  2.231  24.252 0.0000000000
97398  -41.884  2.403  23.832 0.0000000000
97416  -41.239  4.957  21.803 0.0000000000
34563  -31.889  -11.733  34.986 0.0000000000
40142  -22.509  -5.858  43.738 0.0000000000
38143  -21.258  -8.218  41.172 0.0000000000
97033  -23.180  -10.285  39.602 0.0000000000
38067  -14.876  -7.824  48.437 0.0000000000
35452  -27.181  -10.888  33.405 0.0000000000
35417  -29.156  -10.844  35.175 0.0000000000
35453  -28.151  -10.930  33.208 0.0000000000
39366  -40.144  -6.610  27.004 0.0000000000
38258  -26.372  -7.309  31.455 0.0000000000
38257  -25.639  -6.988  32.081 0.0000000000
36366  -25.984  -9.848  32.319 0.0000000000
35436  -26.156  -10.482  34.614 0.0000000000
97404  -40.459  4.608  20.428 0.0000000000
48315  -37.442  4.296  19.533 0.0000000000
49294  -39.977  3.893  18.529 0.0000000000
52984  -42.479  7.028  14.689 0.0000000000
52129  -42.222  4.913  14.059 0.0000000000
51177  -43.048  4.969  13.282 0.0000000000
50252  -43.911  3.570  13.259 0.0000000000
52137  -43.194  6.178  13.231 0.0000000000
51178  -43.662  5.164  12.596 0.0000000000
46127  -40.599  0.198  27.390 0.0000000000
52011  -37.681  6.393  23.893 0.0000000000
51042  -38.951  5.678  22.719 0.0000000000
52013  -39.297  6.855  22.570 0.0000000000
52014  -40.400  6.999  22.573 0.0000000000
38282  -32.712  -6.811  30.095 0.0000000000
36391  -33.889  -9.238  30.803 0.0000000000
37304  -34.392  -7.766  31.141 0.0000000000
39146  -22.403  -5.239  40.051 0.0000000000
52179  -46.310  5.131  9.863 0.0000000000
36137  -16.516  -9.141  47.163 0.0000000000
40349  -44.584  -4.879  27.313 0.0000000000
42197  -44.542  -3.596  25.841 0.0000000000
40327  -34.981  -5.638  27.921 0.0000000000
39328  -36.362  -6.546  29.171 0.0000000000
41169  -24.806  -4.133  34.167 0.0000000000
41138  -24.215  -4.186  36.767 0.0000000000
40195  -23.539  -4.438  37.732 0.0000000000
97112  -22.295  -5.157  36.744 0.0000000000
97106  -23.494  -7.627  37.694 0.0000000000
97113  -22.437  -7.095  36.278 0.0000000000
35374  -27.504  -10.623  37.594 0.0000000000
36278  -26.295  -9.982  38.143 0.0000000000
97314  -38.638  -3.466  25.377 0.0000000000
97318  -39.271  -3.769  24.127 0.0000000000
42154  -39.744  -3.147  26.958 0.0000000000
38261  -29.227  -7.022  31.559 0.0000000000
38278  -28.652  -7.807  30.132 0.0000000000
38262  -29.768  -7.027  31.319 0.0000000000
39269  -29.826  -5.573  30.884 0.0000000000
40265  -29.483  -4.841  30.597 0.0000000000
39270  -30.054  -5.565  29.786 0.0000000000
41197  -29.641  -3.874  30.280 0.0000000000
45047  -35.221  -0.168  29.932 0.0000000000
44074  -33.115  -0.050  28.871 0.0000000000
43058  -31.765  -1.638  28.584 0.0000000000
44125  -33.487  -1.257  27.998 0.0000000000
42151  -33.209  -4.155  27.504 0.0000000000
44126  -34.316  -1.451  27.431 0.0000000000
43114  -38.008  -2.139  27.654 0.0000000000
43135  -36.842  -2.850  27.077 0.0000000000
42173  -38.153  -3.720  26.156 0.0000000000
97309  -38.411  -5.280  24.625 0.0000000000
97408  -41.828  1.524  23.517 0.0000000000
97397  -43.370  1.445  23.511 0.0000000000
97384  -41.429  0.709  22.726 0.0000000000
46272  -40.595  -0.909  18.917 0.0000000000
45225  -42.261  -0.931  20.510 0.0000000000
50199  -40.548  5.163  17.182 0.0000000000
49306  -40.220  3.818  16.848 0.0000000000
50216  -40.460  4.607  15.776 0.0000000000
47346  -44.317  1.587  15.195 0.0000000000
47389  -42.741  1.663  15.095 0.0000000000
47347  -45.420  0.583  16.285 0.0000000000
46299  -46.023  0.177  17.554 0.0000000000
50284  -46.178  4.062  12.241 0.0000000000
52148  -45.217  4.731  11.436 0.0000000000
52156  -45.132  5.891  11.109 0.0000000000
97023  -21.463  -7.235  43.855 0.0000000000
38113  -20.845  -7.185  44.924 0.0000000000
97021  -20.623  -8.415  43.896 0.0000000000
36199  -18.679  -10.524  43.707 0.0000000000
35217  -17.888  -10.837  45.889 0.0000000000
97322  -40.004  -3.187  24.174 0.0000000000
42174  -41.331  -3.666  24.551 0.0000000000
97327  -40.330  -2.260  24.375 0.0000000000
43181  -41.010  -2.256  25.286 0.0000000000
44177  -41.165  -1.806  24.722 0.0000000000
43199  -42.432  -1.947  24.075 0.0000000000
97366  -37.460  4.315  26.846 0.0000000000
49187  -38.665  3.153  24.609 0.0000000000
48234  -38.408  2.162  24.692 0.0000000000
97356  -39.769  1.156  23.581 0.0000000000
97344  -40.731  0.190  23.540 0.0000000000
47215  -40.774  0.704  23.955 0.0000000000
46185  -43.586  0.666  24.185 0.0000000000
97381  -41.861  2.554  24.196 0.0000000000
97383  -40.648  3.178  23.418 0.0000000000
51055  -41.161  6.268  21.691 0.0000000000
50131  -40.666  4.672  22.332 0.0000000000
97420  -41.495  6.071  21.419 0.0000000000
36387  -29.971  -10.282  30.090 0.0000000000
35475  -30.510  -10.913  32.249 0.0000000000
35476  -31.686  -10.923  32.276 0.0000000000
97048  -21.346  -8.086  40.406 0.0000000000
97049  -21.427  -7.348  41.230 0.0000000000
97030  -21.253  -9.479  39.602 0.0000000000
36265  -24.393  -9.784  39.105 0.0000000000
37211  -22.901  -9.321  38.534 0.0000000000
36249  -24.419  -9.738  40.135 0.0000000000
35375  -28.292  -10.833  37.935 0.0000000000
34526  -28.893  -11.500  36.862 0.0000000000
34514  -30.501  -11.656  37.058 0.0000000000
34515  -31.539  -11.274  36.756 0.0000000000
39364  -37.979  -6.602  27.167 0.0000000000
40346  -37.671  -6.696  29.335 0.0000000000
40247  -27.194  -4.968  33.085 0.0000000000
40245  -25.271  -5.118  32.992 0.0000000000
37268  -24.071  -7.649  33.779 0.0000000000
37242  -24.064  -8.041  34.939 0.0000000000
36330  -25.472  -9.810  34.916 0.0000000000
35393  -27.170  -10.688  36.552 0.0000000000
43087  -39.032  -2.110  28.638 0.0000000000
43117  -39.829  -2.669  28.002 0.0000000000
45048  -36.460  -0.089  29.852 0.0000000000
45096  -36.055  -0.966  27.958 0.0000000000
44106  -38.895  -1.425  29.246 0.0000000000
97377  -38.539  3.221  21.820 0.0000000000
97387  -39.397  0.684  21.902 0.0000000000
47326  -37.075  1.524  20.577 0.0000000000
46292  -37.959  0.020  18.072 0.0000000000
45279  -39.389  -0.523  17.167 0.0000000000
52101  -41.256  5.037  15.227 0.0000000000
52118  -41.752  5.025  14.392 0.0000000000
51166  -42.146  4.231  14.085 0.0000000000
98342  -43.293  3.075  14.110 0.0000000000
47375  -46.713  1.627  16.105 0.0000000000
49357  -44.412  3.124  14.216 0.0000000000
49358  -45.352  3.244  14.077 0.0000000000
50254  -45.531  3.226  13.350 0.0000000000
50282  -44.753  4.535  12.380 0.0000000000
52139  -44.126  6.187  12.077 0.0000000000
35310  -19.996  -10.192  40.847 0.0000000000
97026  -19.872  -9.620  41.745 0.0000000000
96996  -20.301  -10.707  41.790 0.0000000000
97337  -40.161  -1.677  26.565 0.0000000000
97320  -39.290  -1.613  25.284 0.0000000000
45113  -39.946  -0.944  26.480 0.0000000000
97334  -39.205  -0.606  26.113 0.0000000000
97353  -38.130  0.285  26.544 0.0000000000
97369  -36.793  3.698  26.016 0.0000000000
51025  -37.100  5.170  24.578 0.0000000000
50094  -37.946  4.208  24.099 0.0000000000
97363  -38.939  4.096  24.496 0.0000000000
97371  -39.977  3.218  24.066 0.0000000000
97372  -39.229  4.873  24.054 0.0000000000
97382  -40.099  4.859  23.516 0.0000000000
50108  -40.598  5.037  22.952 0.0000000000
51044  -40.476  6.252  21.820 0.0000000000
36389  -32.272  -9.866  30.053 0.0000000000
35477  -32.888  -10.847  31.949 0.0000000000
35497  -33.307  -10.673  30.553 0.0000000000
97070  -21.775  -6.502  39.975 0.0000000000
97050  -21.377  -7.851  39.903 0.0000000000
37144  -16.737  -8.787  44.704 0.0000000000
39098  -17.770  -7.269  45.218 0.0000000000
38080  -16.134  -8.619  45.755 0.0000000000
38095  -15.703  -7.890  45.592 0.0000000000
37131  -15.435  -8.006  46.573 0.0000000000
44158  -45.380  -1.836  24.830 0.0000000000
97291  -34.002  -5.756  30.177 0.0000000000
38298  -34.431  -6.219  30.503 0.0000000000
97107  -24.462  -5.245  38.376 0.0000000000
97108  -24.031  -5.118  38.691 0.0000000000
97099  -22.709  -5.429  38.467 0.0000000000
97114  -24.167  -8.456  37.948 0.0000000000
36276  -24.153  -9.090  38.193 0.0000000000
36298  -24.602  -9.495  36.411 0.0000000000
36277  -25.437  -9.741  38.285 0.0000000000
36251  -26.340  -9.724  40.181 0.0000000000
52193  -45.329  6.376  8.918 0.0000000000
40360  -40.181  -6.223  25.697 0.0000000000
40379  -41.363  -5.665  25.962 0.0000000000
97323  -39.536  -2.412  25.756 0.0000000000
97326  -41.018  -1.819  27.482 0.0000000000
44130  -41.351  -1.148  27.289 0.0000000000
37297  -27.646  -8.937  31.020 0.0000000000
35492  -27.750  -10.800  31.310 0.0000000000
37298  -28.324  -9.092  30.177 0.0000000000
37299  -29.442  -9.173  30.024 0.0000000000
37300  -30.254  -8.916  30.067 0.0000000000
39248  -30.930  -5.958  31.936 0.0000000000
38280  -30.209  -7.668  30.062 0.0000000000
37301  -31.236  -8.772  30.036 0.0000000000
40306  -31.885  -4.932  29.310 0.0000000000
43032  -30.632  -2.386  30.690 0.0000000000
42111  -31.244  -2.967  29.225 0.0000000000
41233  -31.715  -3.484  29.155 0.0000000000
39311  -33.744  -5.109  30.150 0.0000000000
41235  -33.625  -4.868  28.533 0.0000000000
41236  -34.330  -5.239  27.936 0.0000000000
40358  -35.440  -5.131  26.986 0.0000000000
44141  -35.798  -2.286  27.048 0.0000000000
42171  -36.306  -3.807  26.619 0.0000000000
40377  -36.445  -5.520  26.043 0.0000000000
97306  -37.873  -5.944  25.439 0.0000000000
39382  -39.287  -6.436  25.612 0.0000000000
39267  -28.155  -6.823  32.035 0.0000000000
46229  -41.958  -0.519  21.487 0.0000000000
49305  -39.875  3.718  17.656 0.0000000000
48341  -39.676  2.969  17.194 0.0000000000
46314  -40.898  0.411  16.275 0.0000000000
98346  -40.954  2.740  15.084 0.0000000000
46329  -42.239  0.931  15.936 0.0000000000
45283  -43.367  -0.280  17.110 0.0000000000
45269  -45.023  -0.169  18.108 0.0000000000
50302  -46.413  4.159  10.906 0.0000000000
52165  -45.760  4.931  10.195 0.0000000000
52164  -45.098  6.600  10.292 0.0000000000
97008  -21.163  -7.256  46.052 0.0000000000
38124  -18.999  -8.322  44.761 0.0000000000
97037  -19.796  -8.637  43.039 0.0000000000
37156  -18.197  -8.937  44.292 0.0000000000
37155  -17.529  -8.787  44.484 0.0000000000
36147  -17.151  -10.500  46.164 0.0000000000
41288  -41.944  -5.485  25.664 0.0000000000
41271  -42.386  -4.819  25.588 0.0000000000
42175  -42.370  -3.915  25.384 0.0000000000
43157  -41.165  -2.879  25.039 0.0000000000
42214  -42.078  -3.201  24.454 0.0000000000
42196  -42.997  -3.421  25.412 0.0000000000
43159  -43.674  -2.829  24.689 0.0000000000
44178  -43.289  -1.947  24.065 0.0000000000
45131  -44.794  -1.450  24.152 0.0000000000
47165  -38.287  1.168  26.955 0.0000000000
47190  -37.458  0.321  25.414 0.0000000000
97368  -36.735  2.302  25.821 0.0000000000
47213  -38.012  1.287  25.424 0.0000000000
97330  -39.460  -0.094  24.072 0.0000000000
97332  -40.534  -0.414  23.494 0.0000000000
97336  -42.493  -0.925  23.692 0.0000000000
97370  -40.721  2.302  23.961 0.0000000000
48237  -43.241  1.873  24.348 0.0000000000
49220  -41.992  1.734  23.671 0.0000000000
97391  -41.101  2.649  23.553 0.0000000000
50124  -41.093  4.124  23.023 0.0000000000
97399  -41.164  3.337  23.079 0.0000000000
49235  -40.657  3.620  22.625 0.0000000000
97403  -40.352  4.077  21.663 0.0000000000
97410  -40.983  4.782  21.373 0.0000000000
36348  -29.813  -10.993  33.716 0.0000000000
97189  -30.895  -11.685  34.971 0.0000000000
35457  -32.582  -11.289  33.629 0.0000000000
39112  -21.917  -6.528  43.521 0.0000000000
97087  -22.455  -5.752  42.761 0.0000000000
97069  -21.823  -6.563  42.335 0.0000000000
97028  -21.027  -8.449  42.329 0.0000000000
36215  -20.477  -10.003  40.022 0.0000000000
97098  -21.776  -7.455  37.939 0.0000000000
37210  -21.481  -8.663  38.418 0.0000000000
97079  -22.355  -10.212  39.459 0.0000000000
39051  -16.015  -8.184  48.097 0.0000000000
38068  -15.502  -7.943  48.019 0.0000000000
38078  -15.050  -7.678  47.277 0.0000000000
39384  -41.678  -6.370  26.327 0.0000000000
35471  -26.500  -10.887  32.778 0.0000000000
35438  -28.057  -10.855  34.328 0.0000000000
37281  -26.459  -8.721  31.121 0.0000000000
37280  -25.925  -8.303  32.047 0.0000000000
35451  -26.265  -10.738  33.542 0.0000000000
49253  -41.528  4.800  19.823 0.0000000000
49276  -39.780  4.325  19.556 0.0000000000
52130  -42.379  5.846  13.982 0.0000000000
52012  -38.348  6.560  23.013 0.0000000000
37303  -33.701  -8.248  30.390 0.0000000000
38283  -33.923  -6.918  30.888 0.0000000000
41114  -23.739  -4.383  39.788 0.0000000000
97102  -22.881  -4.437  39.653 0.0000000000
52177  -45.221  6.400  9.462 0.0000000000
52178  -45.867  5.373  9.364 0.0000000000
41273  -44.744  -4.838  26.344 0.0000000000
39345  -36.297  -6.174  28.254 0.0000000000
40226  -23.071  -4.959  34.834 0.0000000000
41157  -24.477  -4.073  35.130 0.0000000000
41155  -23.125  -4.748  35.600 0.0000000000
97122  -23.217  -4.264  36.771 0.0000000000
97116  -22.599  -5.248  36.063 0.0000000000
97117  -22.911  -6.828  35.755 0.0000000000
97315  -39.022  -3.162  27.013 0.0000000000
42153  -39.429  -2.883  27.259 0.0000000000
38246  -29.913  -6.600  32.673 0.0000000000
42083  -30.469  -4.062  32.054 0.0000000000
41190  -29.912  -4.266  31.479 0.0000000000
45046  -33.831  -0.192  29.932 0.0000000000
45070  -34.003  -0.115  28.780 0.0000000000
44102  -32.752  -0.589  28.223 0.0000000000
43115  -38.678  -2.091  27.825 0.0000000000
43137  -38.438  -2.675  27.181 0.0000000000
97373  -41.245  1.409  22.849 0.0000000000
97402  -41.866  1.272  23.205 0.0000000000
97375  -40.437  1.159  22.561 0.0000000000
46295  -41.674  -0.949  18.365 0.0000000000
46273  -41.338  -0.909  19.028 0.0000000000
45267  -42.915  -0.965  18.152 0.0000000000
98347  -42.036  6.087  17.565 0.0000000000
52155  -44.428  7.076  11.298 0.0000000000
97009  -21.298  -8.064  44.084 0.0000000000
97010  -21.408  -8.021  43.731 0.0000000000
97311  -39.811  -2.246  24.192 0.0000000000
97357  -39.385  2.032  24.280 0.0000000000
35495  -30.801  -10.880  30.841 0.0000000000
35496  -32.034  -10.906  30.666 0.0000000000
39100  -19.180  -7.139  45.154 0.0000000000
39099  -18.608  -7.150  45.085 0.0000000000
40363  -43.213  -5.048  27.095 0.0000000000
35394  -28.242  -10.857  36.926 0.0000000000
34512  -28.725  -11.405  37.686 0.0000000000
34527  -29.629  -11.536  36.224 0.0000000000
97195  -30.332  -11.415  35.157 0.0000000000
39223  -28.389  -5.348  34.281 0.0000000000
40248  -27.632  -5.513  33.177 0.0000000000
37279  -25.114  -8.040  32.447 0.0000000000
39243  -25.604  -6.091  32.795 0.0000000000
38244  -25.038  -7.051  32.923 0.0000000000
38243  -24.162  -7.004  33.382 0.0000000000
37269  -24.475  -7.903  33.130 0.0000000000
37255  -24.160  -8.402  33.835 0.0000000000
36329  -24.931  -8.989  34.338 0.0000000000
35415  -26.699  -10.760  35.516 0.0000000000
44107  -39.519  -1.883  29.250 0.0000000000
45072  -36.577  -0.359  28.612 0.0000000000
44078  -38.668  -1.014  30.229 0.0000000000
97392  -37.502  2.551  21.666 0.0000000000
48314  -36.853  3.449  20.961 0.0000000000
48331  -37.833  3.313  18.242 0.0000000000
47343  -37.588  1.677  18.148 0.0000000000
47356  -38.093  0.866  17.690 0.0000000000
45278  -38.406  -0.375  17.308 0.0000000000
46312  -38.963  0.484  17.025 0.0000000000
52120  -42.222  6.728  16.025 0.0000000000
52119  -41.688  6.652  15.110 0.0000000000
51167  -42.383  4.531  13.554 0.0000000000
50250  -42.353  3.560  13.664 0.0000000000
49356  -43.583  3.232  13.548 0.0000000000
50267  -43.607  4.288  13.024 0.0000000000
50253  -44.741  3.196  13.208 0.0000000000
50269  -45.289  3.416  12.535 0.0000000000
52138  -43.927  6.269  12.405 0.0000000000
51179  -44.008  5.664  12.370 0.0000000000
50107  -38.538  4.713  24.175 0.0000000000
36390  -33.400  -9.550  30.152 0.0000000000
36368  -34.521  -9.475  31.466 0.0000000000
35498  -33.927  -9.975  30.811 0.0000000000
38164  -21.384  -7.617  38.999 0.0000000000
37132  -16.386  -9.092  45.592 0.0000000000
37120  -16.056  -8.609  47.013 0.0000000000
38079  -15.991  -8.611  46.206 0.0000000000
37119  -15.510  -8.060  47.298 0.0000000000
42198  -45.203  -2.930  26.002 0.0000000000
43161  -45.575  -2.494  25.616 0.0000000000
97288  -34.506  -4.909  30.040 0.0000000000
97286  -34.626  -5.861  30.362 0.0000000000
97283  -35.173  -5.853  30.567 0.0000000000
97111  -23.467  -8.335  37.140 0.0000000000
97128  -24.193  -8.602  37.680 0.0000000000
35357  -24.324  -9.201  37.772 0.0000000000
36314  -24.957  -8.925  35.486 0.0000000000
36299  -25.553  -9.826  36.821 0.0000000000
36267  -26.545  -10.202  39.139 0.0000000000
43089  -40.307  -2.425  28.315 0.0000000000
43090  -41.093  -2.297  28.379 0.0000000000
43118  -41.517  -1.718  28.474 0.0000000000
38277  -28.061  -8.070  30.659 0.0000000000
37318  -30.047  -9.425  30.052 0.0000000000
38263  -30.073  -6.461  30.633 0.0000000000
40281  -30.837  -4.776  30.167 0.0000000000
38264  -30.963  -6.470  29.611 0.0000000000
45045  -32.912  0.006  30.427 0.0000000000
45044  -32.539  0.022  30.854 0.0000000000
44072  -31.721  -0.628  30.283 0.0000000000
44071  -31.355  -1.302  30.445 0.0000000000
43084  -31.048  -1.689  29.613 0.0000000000
42092  -30.413  -3.012  30.014 0.0000000000
43057  -31.036  -2.077  29.408 0.0000000000
42131  -32.054  -2.891  28.969 0.0000000000
41234  -32.307  -4.359  28.619 0.0000000000
41253  -32.946  -4.458  28.145 0.0000000000
42152  -34.388  -4.214  27.141 0.0000000000
41254  -35.041  -4.934  27.262 0.0000000000
42170  -35.472  -3.899  27.146 0.0000000000
44142  -36.401  -1.974  27.079 0.0000000000
42193  -36.829  -4.361  26.038 0.0000000000
41270  -36.279  -4.765  26.258 0.0000000000
41286  -36.790  -5.027  25.590 0.0000000000
40378  -36.913  -5.711  25.537 0.0000000000
97312  -37.393  -5.289  25.275 0.0000000000
97308  -39.461  -5.969  24.933 0.0000000000
39268  -28.742  -7.048  31.964 0.0000000000
39247  -29.012  -6.124  32.507 0.0000000000
38259  -27.389  -7.527  31.093 0.0000000000
48247  -43.993  2.065  23.736 0.0000000000
97409  -43.083  0.534  22.545 0.0000000000
97405  -44.588  0.905  23.444 0.0000000000
45200  -38.966  -0.508  21.695 0.0000000000
45201  -40.335  -0.276  21.813 0.0000000000
45223  -40.136  -0.934  20.830 0.0000000000
50166  -41.966  4.837  18.957 0.0000000000
49277  -41.163  4.377  19.136 0.0000000000
49295  -40.587  4.431  17.969 0.0000000000
48342  -40.140  2.578  16.431 0.0000000000
47359  -40.193  1.426  16.162 0.0000000000
50233  -40.958  4.055  15.001 0.0000000000
98343  -41.841  2.513  15.056 0.0000000000
46317  -43.682  0.458  16.169 0.0000000000
46330  -42.911  1.053  15.799 0.0000000000
46316  -42.788  0.247  16.358 0.0000000000
45268  -44.174  -0.801  17.796 0.0000000000
46277  -46.518  -0.247  19.333 0.0000000000
48356  -46.596  2.091  15.808 0.0000000000
51208  -45.595  4.261  11.335 0.0000000000
51221  -45.933  4.211  10.760 0.0000000000
52163  -44.536  7.457  10.809 0.0000000000
38112  -19.762  -7.214  45.226 0.0000000000
97025  -19.512  -10.010  41.813 0.0000000000
37169  -19.359  -9.848  43.149 0.0000000000
36181  -18.302  -10.076  44.242 0.0000000000
36180  -17.687  -9.492  44.461 0.0000000000
36162  -17.124  -9.432  44.648 0.0000000000
35207  -17.825  -10.595  46.709 0.0000000000
97317  -40.927  -4.856  24.671 0.0000000000
41287  -41.554  -5.537  25.606 0.0000000000
42195  -41.859  -3.473  24.672 0.0000000000
42215  -42.618  -2.974  24.576 0.0000000000
44157  -44.515  -2.057  24.217 0.0000000000
45167  -43.051  -1.339  24.137 0.0000000000
97367  -37.544  2.621  27.069 0.0000000000
97360  -37.509  1.184  26.590 0.0000000000
97354  -37.367  0.391  26.208 0.0000000000
51009  -36.673  4.391  25.283 0.0000000000
97346  -38.673  1.215  23.888 0.0000000000
97343  -38.595  0.507  24.197 0.0000000000
97339  -39.640  -0.083  23.546 0.0000000000
97340  -40.110  -0.003  23.482 0.0000000000
97349  -41.602  -0.029  23.965 0.0000000000
45153  -43.977  -1.031  24.204 0.0000000000
47217  -43.393  1.053  24.240 0.0000000000
49189  -44.110  2.703  24.986 0.0000000000
48282  -40.233  3.831  22.085 0.0000000000
35493  -28.637  -10.903  31.072 0.0000000000
35473  -28.371  -10.902  32.134 0.0000000000
35474  -29.416  -10.898  32.075 0.0000000000
35456  -31.281  -11.594  34.462 0.0000000000
97188  -31.518  -11.489  35.751 0.0000000000
97190  -31.759  -11.492  35.627 0.0000000000
37283  -34.896  -8.318  31.762 0.0000000000
39106  -21.851  -6.571  43.959 0.0000000000
97088  -22.456  -5.490  42.256 0.0000000000
39122  -21.426  -7.549  41.423 0.0000000000
38135  -21.447  -7.608  42.447 0.0000000000
97029  -20.603  -8.838  41.093 0.0000000000
97014  -20.667  -9.102  40.293 0.0000000000
97041  -22.272  -8.982  39.389 0.0000000000
38066  -14.896  -7.681  49.075 0.0000000000
35395  -28.855  -10.898  36.202 0.0000000000
36316  -29.458  -10.874  34.544 0.0000000000
39266  -27.268  -6.615  32.073 0.0000000000
39265  -26.442  -6.396  32.145 0.0000000000
36365  -25.281  -8.896  32.235 0.0000000000
36347  -25.585  -9.881  33.784 0.0000000000
35437  -27.035  -10.812  34.490 0.0000000000
97396  -39.552  4.578  20.197 0.0000000000
97394  -38.740  4.569  19.962 0.0000000000
48316  -38.857  3.837  18.955 0.0000000000
48332  -39.170  3.200  17.904 0.0000000000
52971  -42.418  6.958  15.181 0.0000000000
52996  -43.588  7.562  13.380 0.0000000000
46106  -40.428  1.011  27.934 0.0000000000
97355  -39.947  1.019  27.555 0.0000000000
37282  -34.245  -8.626  31.130 0.0000000000
52166  -46.528  4.971  10.153 0.0000000000
36138  -16.922  -9.487  47.271 0.0000000000
36127  -16.708  -9.277  47.683 0.0000000000
37111  -16.497  -8.898  47.973 0.0000000000
40329  -36.970  -6.143  29.888 0.0000000000
41158  -25.612  -4.102  34.822 0.0000000000
41146  -26.360  -4.144  35.404 0.0000000000
39186  -26.269  -4.212  37.352 0.0000000000
40201  -25.266  -4.161  37.099 0.0000000000
97115  -24.094  -9.022  36.934 0.0000000000
35373  -26.478  -10.312  37.336 0.0000000000
35358  -26.931  -10.557  38.303 0.0000000000
35342  -27.312  -10.562  38.986 0.0000000000
40264  -30.231  -5.077  31.748 0.0000000000
43085  -32.620  -2.015  28.180 0.0000000000
43111  -33.324  -2.482  27.554 0.0000000000
43112  -34.284  -2.789  27.175 0.0000000000
44129  -37.752  -1.415  27.904 0.0000000000
44143  -37.335  -1.847  27.196 0.0000000000
43136  -37.662  -2.851  27.043 0.0000000000
42194  -37.472  -4.619  25.392 0.0000000000
45248  -39.659  -0.879  19.354 0.0000000000
45224  -41.346  -0.982  20.574 0.0000000000
45249  -40.815  -0.900  19.764 0.0000000000
49322  -40.176  3.388  15.661 0.0000000000
98341  -43.246  1.893  15.079 0.0000000000
46331  -43.412  1.207  15.334 0.0000000000
46298  -44.717  0.105  16.801 0.0000000000
51193  -45.346  4.689  11.893 0.0000000000
52157  -45.222  4.714  10.955 0.0000000000
43183  -42.626  -2.487  24.209 0.0000000000
43198  -41.990  -2.074  24.236 0.0000000000
97331  -41.661  -1.587  23.806 0.0000000000
47214  -40.109  0.512  23.481 0.0000000000
47216  -42.060  0.918  24.408 0.0000000000
47191  -42.639  1.235  24.349 0.0000000000
97039  -21.296  -8.146  40.807 0.0000000000
40364  -44.009  -4.983  27.014 0.0000000000
41272  -43.445  -4.295  26.288 0.0000000000
35360  -28.646  -10.716  38.705 0.0000000000
34497  -28.695  -11.144  38.241 0.0000000000
34498  -29.296  -11.300  38.538 0.0000000000
34513  -29.535  -11.625  37.455 0.0000000000
39363  -36.958  -6.573  27.131 0.0000000000
39346  -37.224  -6.779  28.504 0.0000000000
40228  -27.739  -4.376  34.046 0.0000000000
39244  -26.411  -5.994  33.021 0.0000000000
41180  -26.612  -4.573  33.104 0.0000000000
41170  -25.850  -4.003  33.804 0.0000000000
41178  -24.997  -4.268  33.250 0.0000000000
39221  -24.031  -6.083  33.911 0.0000000000
38227  -23.107  -6.862  34.634 0.0000000000
97126  -23.071  -7.168  35.123 0.0000000000
35414  -26.126  -10.121  35.414 0.0000000000
35392  -26.303  -10.204  36.250 0.0000000000
43116  -39.388  -2.362  27.641 0.0000000000
43088  -39.767  -2.166  28.566 0.0000000000
43059  -40.115  -2.166  29.493 0.0000000000
45071  -35.359  -0.074  28.779 0.0000000000
45095  -35.351  -0.872  28.079 0.0000000000
44104  -36.938  -0.936  28.807 0.0000000000
44105  -37.740  -1.120  29.098 0.0000000000
43086  -38.172  -2.056  28.611 0.0000000000
97374  -39.653  1.881  21.688 0.0000000000
97388  -38.288  1.777  21.876 0.0000000000
46227  -37.379  0.553  21.531 0.0000000000
46248  -37.966  0.076  20.418 0.0000000000
48330  -37.080  2.869  19.358 0.0000000000
46291  -37.163  0.734  18.845 0.0000000000
45247  -38.665  -0.774  19.265 0.0000000000
45263  -38.650  -0.869  18.102 0.0000000000
45264  -40.117  -0.967  18.042 0.0000000000
45280  -40.509  -0.409  17.136 0.0000000000
49339  -45.809  2.652  15.123 0.0000000000
50270  -46.006  3.354  12.965 0.0000000000
51191  -44.421  4.958  12.450 0.0000000000
50292  -45.051  5.220  12.605 0.0000000000
51192  -44.793  5.198  12.194 0.0000000000
97342  -38.204  -0.282  25.473 0.0000000000
35478  -33.968  -10.240  31.913 0.0000000000
97086  -22.396  -5.673  41.012 0.0000000000
97101  -22.672  -4.159  40.637 0.0000000000
38110  -17.804  -8.129  45.157 0.0000000000
38096  -16.785  -8.068  45.287 0.0000000000
37121  -16.431  -9.128  46.538 0.0000000000
50167  -42.708  4.854  19.208 0.0000000000
98348  -42.711  6.572  17.693 0.0000000000
38299  -34.853  -6.104  31.020 0.0000000000
40345  -37.195  -6.795  29.301 0.0000000000
40184  -24.559  -5.132  38.805 0.0000000000
36266  -25.339  -9.844  39.150 0.0000000000
37232  -24.000  -8.250  36.176 0.0000000000
36287  -25.729  -9.761  37.604 0.0000000000
36286  -24.573  -9.647  37.438 0.0000000000
40361  -40.796  -5.713  25.803 0.0000000000
39383  -41.287  -6.087  26.287 0.0000000000
97316  -39.192  -2.413  24.157 0.0000000000
42134  -40.225  -2.986  27.706 0.0000000000
45098  -41.901  -0.428  28.446 0.0000000000
36367  -26.924  -10.133  31.075 0.0000000000
36385  -28.054  -10.072  30.818 0.0000000000
36386  -28.906  -10.343  30.134 0.0000000000
36404  -30.371  -9.546  30.055 0.0000000000
38247  -30.229  -6.350  32.803 0.0000000000
41216  -31.199  -3.915  29.611 0.0000000000
42112  -31.443  -2.351  28.997 0.0000000000
97290  -34.282  -4.987  29.715 0.0000000000
42133  -33.702  -4.822  27.679 0.0000000000
40344  -35.677  -5.654  27.862 0.0000000000
40359  -35.868  -5.415  26.780 0.0000000000
44127  -35.521  -1.617  27.203 0.0000000000
43134  -36.025  -2.930  27.161 0.0000000000
41269  -35.688  -4.638  26.796 0.0000000000
39379  -36.375  -5.778  26.475 0.0000000000
39380  -36.695  -6.275  26.038 0.0000000000
39381  -37.527  -6.518  26.087 0.0000000000
97305  -38.360  -6.425  25.800 0.0000000000
97310  -37.741  -5.200  24.844 0.0000000000
97389  -40.704  0.395  22.370 0.0000000000
47306  -41.603  0.102  21.939 0.0000000000
46230  -42.142  -0.860  21.162 0.0000000000
47345  -39.174  2.660  17.289 0.0000000000
46313  -40.034  0.555  17.040 0.0000000000
45281  -41.507  -0.292  17.106 0.0000000000
50215  -40.522  4.248  15.254 0.0000000000
49321  -40.468  3.852  15.179 0.0000000000
47386  -40.910  2.363  15.086 0.0000000000
47388  -42.085  1.925  14.980 0.0000000000
47373  -41.755  1.307  15.252 0.0000000000
47372  -40.894  1.369  15.299 0.0000000000
46315  -41.916  0.235  16.384 0.0000000000
45282  -42.449  -0.371  17.119 0.0000000000
45253  -44.801  -0.919  19.102 0.0000000000
51222  -46.892  4.355  10.710 0.0000000000
53023  -45.418  8.996  10.556 0.0000000000
97038  -20.284  -8.588  42.833 0.0000000000
36182  -18.818  -9.924  43.574 0.0000000000
37157  -18.899  -8.957  43.550 0.0000000000
38123  -18.245  -8.390  44.794 0.0000000000
36146  -16.789  -9.737  45.358 0.0000000000
36139  -17.590  -9.993  47.197 0.0000000000
43158  -41.135  -3.028  24.106 0.0000000000
41289  -43.810  -3.851  26.044 0.0000000000
97351  -38.751  1.055  27.398 0.0000000000
97365  -38.517  2.882  28.041 0.0000000000
97325  -39.941  -0.487  23.969 0.0000000000
97328  -40.145  -0.607  23.996 0.0000000000
97341  -40.399  -0.709  23.551 0.0000000000
97335  -41.105  -0.761  23.449 0.0000000000
97348  -40.984  -0.199  23.471 0.0000000000
45154  -45.542  -1.014  24.269 0.0000000000
46186  -43.983  0.479  24.300 0.0000000000
48236  -42.054  1.811  24.335 0.0000000000
97407  -41.509  1.572  23.311 0.0000000000
97400  -40.888  3.232  23.260 0.0000000000
50130  -41.125  3.871  22.935 0.0000000000
47268  -39.818  2.617  21.762 0.0000000000
97376  -40.163  3.372  21.691 0.0000000000
97395  -40.288  3.855  21.022 0.0000000000
97411  -41.511  5.228  20.401 0.0000000000
35454  -29.213  -11.005  33.209 0.0000000000
36331  -29.651  -10.978  34.075 0.0000000000
35455  -30.165  -10.875  33.278 0.0000000000
36350  -30.586  -11.498  34.850 0.0000000000
34528  -30.757  -11.659  35.591 0.0000000000
34564  -32.180  -11.678  34.692 0.0000000000
35441  -33.434  -10.895  34.374 0.0000000000
35440  -32.682  -11.265  34.760 0.0000000000
35396  -32.294  -10.236  36.033 0.0000000000
97011  -22.005  -6.475  44.491 0.0000000000
97089  -22.493  -5.696  43.163 0.0000000000
97032  -22.845  -10.582  40.068 0.0000000000
38058  -16.374  -8.967  48.895 0.0000000000
38069  -16.191  -8.909  48.021 0.0000000000
40084  -14.834  -6.877  49.043 0.0000000000
39057  -15.090  -7.831  48.577 0.0000000000
37130  -15.286  -7.769  46.888 0.0000000000
38094  -15.266  -7.352  46.316 0.0000000000
38077  -14.391  -7.666  47.279 0.0000000000
38093  -14.783  -7.075  46.648 0.0000000000
34552  -32.230  -11.318  35.579 0.0000000000
35274  -18.504  -10.918  43.981 0.0000000000
35439  -28.955  -10.859  34.086 0.0000000000
36300  -31.982  -10.013  35.897 0.0000000000
36317  -32.174  -10.429  35.859 0.0000000000
36332  -30.021  -10.891  34.832 0.0000000000
36349  -30.278  -11.042  34.208 0.0000000000
36403  -30.245  -9.833  29.982 0.0000000000
37122  -16.902  -9.607  46.860 0.0000000000
37241  -23.430  -7.691  34.551 0.0000000000
37254  -23.878  -7.777  34.267 0.0000000000
37317  -29.923  -9.699  30.024 0.0000000000
38044  -14.947  -7.523  49.155 0.0000000000
38126  -21.869  -6.560  44.203 0.0000000000
38228  -23.437  -7.119  34.181 0.0000000000
39038  -15.380  -7.483  49.217 0.0000000000
39040  -16.034  -7.044  48.959 0.0000000000
39048  -14.942  -7.071  49.042 0.0000000000
39049  -15.438  -6.893  48.983 0.0000000000
39050  -15.992  -6.905  48.768 0.0000000000
39055  -15.178  -6.965  48.974 0.0000000000
39056  -15.223  -7.370  48.855 0.0000000000
39058  -15.285  -8.837  48.698 0.0000000000
39107  -22.265  -6.262  44.159 0.0000000000
39242  -24.674  -6.042  33.098 0.0000000000
39245  -27.163  -6.049  32.968 0.0000000000
39264  -25.962  -6.207  32.305 0.0000000000
39329  -36.889  -6.807  29.268 0.0000000000
39394  -37.054  -6.102  25.568 0.0000000000
39395  -37.329  -6.225  25.652 0.0000000000
40078  -15.100  -6.746  49.468 0.0000000000
40079  -15.620  -6.999  49.330 0.0000000000
40085  -15.672  -6.742  49.384 0.0000000000
40086  -16.067  -6.687  49.178 0.0000000000
40227  -23.666  -5.086  34.082 0.0000000000
40229  -27.884  -5.165  33.503 0.0000000000
40244  -24.295  -5.056  33.232 0.0000000000
40246  -26.209  -5.181  33.084 0.0000000000
40343  -35.383  -5.400  27.343 0.0000000000
40380  -41.977  -6.043  26.117 0.0000000000
40396  -37.438  -5.782  25.434 0.0000000000
41042  -15.686  -6.036  49.973 0.0000000000
41043  -15.815  -6.186  50.111 0.0000000000
41044  -15.240  -5.897  49.687 0.0000000000
41045  -16.049  -6.007  49.526 0.0000000000
41144  -23.824  -4.208  36.007 0.0000000000
41145  -25.239  -4.137  35.977 0.0000000000
41156  -23.610  -4.143  35.275 0.0000000000
41167  -23.227  -4.333  35.039 0.0000000000
41168  -23.714  -4.179  34.493 0.0000000000
41171  -26.795  -4.159  33.458 0.0000000000
41177  -24.200  -4.388  33.714 0.0000000000
41179  -25.984  -4.427  33.141 0.0000000000
41252  -32.801  -4.135  28.107 0.0000000000
42130  -31.636  -3.105  29.063 0.0000000000
42132  -33.396  -4.759  27.847 0.0000000000
43031  -31.240  -1.895  30.714 0.0000000000
43055  -31.083  -1.470  30.066 0.0000000000
43056  -30.940  -1.562  29.871 0.0000000000
43082  -31.165  -1.371  29.948 0.0000000000
43083  -31.150  -1.504  29.745 0.0000000000
44070  -31.211  -1.437  30.282 0.0000000000
44099  -31.256  -1.299  30.107 0.0000000000
44100  -31.359  -1.193  29.917 0.0000000000
44101  -31.339  -1.362  29.695 0.0000000000
44103  -33.260  -0.144  28.509 0.0000000000
45027  -33.117  0.499  31.246 0.0000000000
45069  -33.373  -0.204  28.308 0.0000000000
45093  -33.557  -0.433  28.167 0.0000000000
45199  -38.355  -0.562  21.314 0.0000000000
45202  -42.585  -1.519  21.055 0.0000000000
45221  -38.156  -0.423  21.028 0.0000000000
45250  -41.758  -1.003  19.738 0.0000000000
45262  -38.229  -0.572  17.716 0.0000000000
45265  -41.149  -0.897  17.732 0.0000000000
46228  -37.973  0.176  21.454 0.0000000000
46247  -37.160  0.670  21.094 0.0000000000
46249  -38.251  -0.429  19.640 0.0000000000
46250  -41.335  -0.765  21.383 0.0000000000
46251  -41.786  -0.850  20.940 0.0000000000
46269  -37.186  0.748  19.930 0.0000000000
46270  -37.776  0.101  19.244 0.0000000000
46271  -38.212  -0.511  18.736 0.0000000000
46274  -42.070  -0.903  18.938 0.0000000000
46293  -38.191  -0.605  18.235 0.0000000000
46294  -40.986  -1.012  18.400 0.0000000000
46297  -42.622  -0.944  18.396 0.0000000000
46311  -38.238  0.417  17.314 0.0000000000
46328  -41.528  1.081  16.053 0.0000000000
47285  -37.419  0.939  21.698 0.0000000000
47305  -37.140  1.424  21.334 0.0000000000
47342  -37.035  1.675  19.473 0.0000000000
47357  -38.356  1.291  17.270 0.0000000000
47358  -39.482  1.794  17.123 0.0000000000
47374  -42.367  1.262  15.275 0.0000000000
47387  -41.472  2.001  14.997 0.0000000000
48214  -42.871  2.008  25.560 0.0000000000
48215  -43.013  1.533  24.284 0.0000000000
48280  -37.747  1.337  21.833 0.0000000000
48281  -40.232  3.818  21.812 0.0000000000
48297  -37.438  1.730  21.698 0.0000000000
48313  -37.056  2.204  21.174 0.0000000000
48329  -37.076  2.368  20.302 0.0000000000
48354  -40.697  3.028  15.080 0.0000000000
48368  -41.086  3.201  15.028 0.0000000000
49338  -40.902  3.486  15.107 0.0000000000
50281  -44.732  4.920  12.476 0.0000000000
50293  -44.880  4.753  12.404 0.0000000000
50294  -45.022  4.548  12.325 0.0000000000
51190  -44.017  4.870  12.719 0.0000000000
51205  -44.737  5.052  12.510 0.0000000000
51206  -44.844  5.078  12.401 0.0000000000
51207  -45.101  4.801  12.307 0.0000000000
96982  -19.727  -10.316  41.526 0.0000000000
96992  -19.824  -10.396  41.264 0.0000000000
97027  -19.612  -9.499  42.626 0.0000000000
97110  -23.832  -8.309  37.507 0.0000000000
97118  -22.339  -6.340  35.852 0.0000000000
97119  -22.222  -5.910  36.091 0.0000000000
97120  -24.250  -8.899  37.844 0.0000000000
97121  -23.346  -7.678  35.634 0.0000000000
97123  -22.977  -4.678  36.259 0.0000000000
97124  -22.541  -5.694  35.479 0.0000000000
97125  -23.563  -8.126  37.445 0.0000000000
97127  -22.670  -6.568  35.532 0.0000000000
97129  -24.073  -8.203  37.728 0.0000000000
97191  -31.192  -11.698  35.265 0.0000000000
97192  -31.784  -11.682  35.203 0.0000000000
97193  -32.305  -10.733  35.968 0.0000000000
97194  -31.893  -10.870  35.833 0.0000000000
97196  -31.915  -10.448  35.894 0.0000000000
97279  -35.139  -5.798  30.273 0.0000000000
97281  -34.918  -5.966  30.833 0.0000000000
97282  -34.875  -5.683  30.248 0.0000000000
97284  -34.865  -5.929  30.583 0.0000000000
97285  -35.116  -5.636  30.085 0.0000000000
97287  -34.514  -5.039  30.031 0.0000000000
97289  -34.609  -5.334  30.125 0.0000000000
97307  -37.835  -5.461  25.089 0.0000000000
97329  -39.998  -0.473  23.684 0.0000000000
97338  -39.230  0.423  23.399 0.0000000000
97345  -40.645  -0.093  23.480 0.0000000000
97352  -37.668  0.062  26.278 0.0000000000
97359  -37.753  0.609  26.507 0.0000000000
97362  -37.263  0.405  25.739 0.0000000000
97385  -38.572  0.238  21.812 0.0000000000
97386  -38.180  0.859  21.735 0.0000000000
97390  -41.224  0.320  22.498 0.0000000000
97393  -37.944  4.518  20.928 0.0000000000
97401  -41.850  1.623  23.015 0.0000000000
98345  -41.327  2.814  14.964 0.0000000000
98349  -41.287  3.090  14.945 0.0000000000
98350  -41.215  3.264  14.774 0.0000000000
