#!ascii label  , from subject output2 vox2ras=TkReg
1159
99820  -44.580  36.383  4.388 0.0000000000
81267  -35.451  43.281  1.699 0.0000000000
79272  -37.457  41.881  12.135 0.0000000000
76433  -36.466  36.618  1.923 0.0000000000
81313  -38.628  43.480  -1.758 0.0000000000
79980  -40.132  41.448  1.881 0.0000000000
99950  -39.595  37.569  -2.361 0.0000000000
74058  -37.556  33.896  -0.667 0.0000000000
73207  -44.579  32.630  13.130 0.0000000000
76349  -44.180  36.882  9.690 0.0000000000
81915  -30.319  44.615  3.463 0.0000000000
83900  -33.275  47.777  -1.883 0.0000000000
84596  -38.554  48.470  -3.234 0.0000000000
78651  -42.021  38.396  8.860 0.0000000000
100248  -38.320  45.242  5.629 0.0000000000
77945  -34.624  38.379  7.440 0.0000000000
75516  -41.041  35.468  5.460 0.0000000000
74008  -39.855  33.332  2.686 0.0000000000
72595  -39.208  31.459  -1.914 0.0000000000
77232  -47.423  37.428  2.853 0.0000000000
81327  -40.435  43.436  -3.292 0.0000000000
99966  -41.062  41.316  -3.237 0.0000000000
78800  -39.745  39.936  -2.506 0.0000000000
77314  -38.537  37.274  -4.288 0.0000000000
74661  -44.246  35.041  12.009 0.0000000000
77137  -46.975  37.380  12.049 0.0000000000
82508  -29.102  45.189  5.143 0.0000000000
83911  -35.906  48.271  -3.461 0.0000000000
78643  -43.171  38.500  10.820 0.0000000000
78640  -39.491  39.096  11.596 0.0000000000
81236  -35.670  43.202  4.010 0.0000000000
81927  -38.887  44.802  3.302 0.0000000000
78731  -37.077  39.412  1.446 0.0000000000
79945  -36.134  41.175  3.665 0.0000000000
77209  -35.395  37.741  4.172 0.0000000000
76369  -37.553  36.378  6.505 0.0000000000
75529  -37.515  35.148  4.177 0.0000000000
74724  -40.268  34.591  4.149 0.0000000000
74756  -38.043  34.479  2.347 0.0000000000
74040  -37.783  33.503  0.581 0.0000000000
80643  -36.402  42.707  -0.453 0.0000000000
81271  -40.053  43.530  1.993 0.0000000000
80018  -41.010  41.437  0.742 0.0000000000
78749  -40.647  39.558  0.142 0.0000000000
77252  -38.317  37.699  -0.129 0.0000000000
75596  -37.474  35.552  0.015 0.0000000000
75630  -38.086  36.275  -3.263 0.0000000000
74101  -36.040  33.569  -4.937 0.0000000000
73227  -43.017  32.440  10.687 0.0000000000
73935  -41.512  33.952  8.650 0.0000000000
77171  -42.644  37.498  7.323 0.0000000000
82494  -32.552  45.046  7.731 0.0000000000
81210  -32.669  43.012  5.764 0.0000000000
81246  -32.723  43.083  2.529 0.0000000000
81947  -33.376  44.645  -0.493 0.0000000000
82573  -35.948  45.259  -1.797 0.0000000000
83219  -39.087  46.797  -1.615 0.0000000000
83249  -39.650  45.837  -4.077 0.0000000000
84606  -37.749  47.879  -4.743 0.0000000000
79292  -46.488  40.031  10.981 0.0000000000
78664  -44.664  39.270  8.582 0.0000000000
78682  -42.712  39.113  6.213 0.0000000000
80556  -38.234  43.509  8.978 0.0000000000
81238  -40.053  43.409  3.902 0.0000000000
79925  -36.434  42.679  6.557 0.0000000000
78650  -36.707  39.386  10.360 0.0000000000
77158  -37.660  36.564  9.451 0.0000000000
77958  -40.944  37.819  6.790 0.0000000000
77981  -42.455  37.690  4.719 0.0000000000
75551  -42.765  35.266  3.504 0.0000000000
73991  -41.602  33.477  3.251 0.0000000000
73313  -40.391  32.492  3.904 0.0000000000
74792  -38.416  33.883  0.888 0.0000000000
74043  -41.300  32.988  -0.245 0.0000000000
71786  -40.714  30.775  1.429 0.0000000000
76388  -43.900  35.839  4.449 0.0000000000
99824  -45.304  37.030  4.545 0.0000000000
77991  -45.694  37.505  4.352 0.0000000000
80696  -41.489  42.098  -4.516 0.0000000000
99958  -39.855  41.310  -3.393 0.0000000000
99969  -40.280  41.527  -4.103 0.0000000000
79426  -38.324  40.629  -1.926 0.0000000000
79288  -38.609  39.730  12.695 0.0000000000
81249  -36.599  43.867  2.996 0.0000000000
78007  -36.418  38.287  1.852 0.0000000000
77999  -35.796  38.306  2.463 0.0000000000
76419  -35.603  36.504  2.796 0.0000000000
75528  -36.578  35.861  4.389 0.0000000000
75548  -36.598  35.817  3.428 0.0000000000
75549  -37.390  35.175  2.920 0.0000000000
75565  -36.615  35.818  2.375 0.0000000000
80660  -37.081  42.677  -1.163 0.0000000000
79997  -38.912  41.372  0.403 0.0000000000
80016  -39.244  41.401  -0.950 0.0000000000
99949  -40.272  39.751  -2.154 0.0000000000
99962  -40.871  40.486  -1.634 0.0000000000
99945  -39.521  39.225  -1.343 0.0000000000
78025  -38.629  39.060  -0.087 0.0000000000
77266  -39.409  37.347  -1.604 0.0000000000
76467  -38.353  36.913  -1.505 0.0000000000
75640  -39.314  36.655  -3.157 0.0000000000
75670  -38.265  35.594  -5.793 0.0000000000
75474  -44.406  35.735  10.977 0.0000000000
74666  -42.995  34.602  10.480 0.0000000000
75480  -43.083  35.595  9.889 0.0000000000
75486  -42.104  35.568  8.124 0.0000000000
76351  -43.235  36.851  8.774 0.0000000000
82520  -29.177  45.152  4.171 0.0000000000
81207  -29.712  43.443  5.269 0.0000000000
81231  -30.299  44.004  3.907 0.0000000000
81234  -32.923  42.791  3.521 0.0000000000
81244  -31.422  44.392  2.952 0.0000000000
83194  -33.478  47.111  0.176 0.0000000000
82561  -32.615  45.434  0.295 0.0000000000
82570  -33.113  45.514  -1.298 0.0000000000
81954  -34.505  44.828  -1.512 0.0000000000
82582  -33.867  46.035  -2.821 0.0000000000
84595  -37.506  48.469  -3.349 0.0000000000
83904  -37.788  47.522  -2.348 0.0000000000
84586  -39.949  47.939  -1.769 0.0000000000
83230  -39.774  46.296  -2.760 0.0000000000
83914  -39.020  47.615  -3.359 0.0000000000
83925  -38.376  47.056  -3.890 0.0000000000
84607  -38.331  48.293  -4.252 0.0000000000
79229  -44.472  39.985  13.509 0.0000000000
78601  -44.541  39.706  13.329 0.0000000000
79246  -46.249  40.345  13.008 0.0000000000
78637  -47.531  39.981  12.083 0.0000000000
79264  -45.716  40.514  12.092 0.0000000000
77930  -42.457  37.960  10.021 0.0000000000
79298  -43.763  38.900  9.683 0.0000000000
78662  -43.303  39.191  8.480 0.0000000000
78672  -43.673  39.273  7.612 0.0000000000
78670  -41.939  38.971  7.401 0.0000000000
81882  -39.078  45.090  7.023 0.0000000000
81195  -39.848  44.885  8.311 0.0000000000
81192  -37.879  43.918  7.501 0.0000000000
80614  -41.564  42.989  2.020 0.0000000000
81254  -41.323  43.837  2.669 0.0000000000
79968  -40.953  42.495  2.944 0.0000000000
78688  -35.427  39.748  5.273 0.0000000000
79336  -36.518  41.995  4.959 0.0000000000
79319  -34.564  40.748  7.079 0.0000000000
79304  -35.511  40.935  8.731 0.0000000000
78659  -35.479  39.661  8.702 0.0000000000
77926  -36.739  37.819  10.602 0.0000000000
77167  -36.539  36.363  8.598 0.0000000000
76383  -39.374  36.228  5.892 0.0000000000
76371  -39.695  36.367  6.780 0.0000000000
77200  -40.660  36.957  6.314 0.0000000000
77971  -42.251  37.920  5.285 0.0000000000
76385  -41.575  36.246  5.284 0.0000000000
77219  -43.651  36.657  3.624 0.0000000000
75533  -41.610  35.434  4.454 0.0000000000
74739  -39.882  34.048  3.543 0.0000000000
74740  -40.911  34.102  3.576 0.0000000000
73990  -40.560  33.370  3.276 0.0000000000
73314  -41.404  32.618  3.821 0.0000000000
74009  -40.296  32.844  2.608 0.0000000000
74808  -37.742  34.484  -0.354 0.0000000000
74791  -37.914  34.560  0.469 0.0000000000
74809  -38.418  34.087  0.158 0.0000000000
73330  -38.572  32.542  0.974 0.0000000000
73331  -39.451  32.918  0.132 0.0000000000
99418  -40.227  32.395  -1.526 0.0000000000
72566  -43.012  31.828  0.360 0.0000000000
70363  -41.328  28.596  -2.042 0.0000000000
71021  -39.673  30.373  0.570 0.0000000000
73952  -43.866  33.137  5.751 0.0000000000
75571  -47.211  35.297  1.909 0.0000000000
81325  -39.120  43.122  -2.467 0.0000000000
80662  -39.239  41.584  -2.492 0.0000000000
99968  -40.018  41.549  -3.143 0.0000000000
99970  -40.293  40.667  -3.307 0.0000000000
99946  -39.351  37.396  -3.365 0.0000000000
77301  -38.976  37.807  -2.610 0.0000000000
73908  -44.196  33.543  12.761 0.0000000000
74649  -46.115  35.507  12.906 0.0000000000
76344  -45.750  36.872  10.557 0.0000000000
82541  -28.868  45.460  2.421 0.0000000000
83901  -34.130  47.595  -2.736 0.0000000000
85801  -37.537  50.233  -4.369 0.0000000000
85238  -38.035  49.482  -4.155 0.0000000000
99685  -44.423  40.124  12.167 0.0000000000
78641  -40.839  38.892  11.448 0.0000000000
77919  -40.419  38.251  10.714 0.0000000000
81920  -39.583  45.368  4.193 0.0000000000
79978  -38.480  40.808  1.260 0.0000000000
79965  -38.304  41.423  2.186 0.0000000000
79356  -37.144  40.005  2.376 0.0000000000
78704  -35.419  39.260  3.285 0.0000000000
77183  -35.086  37.451  5.570 0.0000000000
76354  -35.727  36.647  6.749 0.0000000000
76380  -36.386  36.313  5.422 0.0000000000
76381  -37.316  36.169  5.693 0.0000000000
75514  -38.999  35.632  5.279 0.0000000000
75532  -40.639  35.170  4.683 0.0000000000
75530  -38.642  35.113  4.588 0.0000000000
74738  -38.925  34.153  3.528 0.0000000000
74757  -38.588  33.788  2.834 0.0000000000
80506  -38.919  43.923  11.636 0.0000000000
81286  -36.288  42.981  0.727 0.0000000000
81269  -38.130  43.413  1.840 0.0000000000
80610  -38.459  42.782  1.321 0.0000000000
81300  -41.311  42.754  1.097 0.0000000000
79983  -42.415  41.875  1.211 0.0000000000
79408  -40.683  41.612  -1.993 0.0000000000
78768  -41.676  40.084  -0.147 0.0000000000
79391  -40.711  40.261  0.549 0.0000000000
78733  -38.932  39.462  0.981 0.0000000000
78024  -38.266  38.369  0.484 0.0000000000
77250  -36.932  37.160  0.669 0.0000000000
75595  -36.914  35.890  0.650 0.0000000000
76452  -37.523  36.753  -0.709 0.0000000000
76466  -37.327  36.399  -1.702 0.0000000000
74829  -37.446  34.710  -2.642 0.0000000000
75671  -39.668  35.775  -5.393 0.0000000000
74847  -37.854  34.408  -5.035 0.0000000000
73924  -43.109  33.569  11.199 0.0000000000
73937  -42.473  33.419  10.042 0.0000000000
73266  -42.649  32.336  7.511 0.0000000000
73950  -41.848  33.736  6.790 0.0000000000
76386  -42.722  36.049  5.711 0.0000000000
77188  -43.118  37.443  5.439 0.0000000000
82509  -34.399  44.695  6.839 0.0000000000
81200  -31.870  43.154  6.550 0.0000000000
81212  -34.548  43.314  6.344 0.0000000000
81222  -33.439  43.167  4.817 0.0000000000
81247  -33.753  43.209  2.672 0.0000000000
81266  -34.256  43.379  1.708 0.0000000000
82532  -31.732  45.975  2.633 0.0000000000
81933  -32.198  45.320  1.662 0.0000000000
81283  -33.535  43.584  0.792 0.0000000000
81284  -34.560  43.576  0.682 0.0000000000
81942  -35.368  44.061  -0.342 0.0000000000
81310  -35.989  43.610  -1.175 0.0000000000
81957  -37.218  44.319  -1.540 0.0000000000
83226  -35.495  46.718  -2.656 0.0000000000
82586  -37.639  45.611  -2.216 0.0000000000
81959  -39.091  44.608  -1.625 0.0000000000
82588  -39.869  45.278  -3.159 0.0000000000
83232  -42.248  45.789  -3.079 0.0000000000
82625  -39.322  45.061  -5.466 0.0000000000
83266  -37.735  45.805  -4.925 0.0000000000
85256  -37.708  49.219  -5.054 0.0000000000
77914  -47.089  38.513  11.296 0.0000000000
77923  -45.899  38.820  10.398 0.0000000000
78635  -44.855  39.448  10.845 0.0000000000
78656  -45.418  39.135  9.709 0.0000000000
77932  -45.029  38.575  8.916 0.0000000000
77173  -43.941  38.664  7.686 0.0000000000
77961  -42.719  38.421  6.262 0.0000000000
99830  -43.203  37.740  4.976 0.0000000000
80525  -37.808  43.458  10.422 0.0000000000
81251  -38.980  44.128  2.534 0.0000000000
100259  -40.322  45.411  3.878 0.0000000000
81214  -38.591  43.989  4.426 0.0000000000
80589  -38.339  42.144  4.288 0.0000000000
80581  -38.109  42.545  4.858 0.0000000000
80571  -37.465  43.820  6.838 0.0000000000
80562  -36.878  43.401  7.912 0.0000000000
79900  -36.889  42.436  10.028 0.0000000000
79286  -37.007  41.431  11.148 0.0000000000
77917  -37.564  38.499  11.147 0.0000000000
77927  -38.356  37.421  10.069 0.0000000000
77939  -39.749  37.107  8.999 0.0000000000
77168  -38.355  36.238  8.387 0.0000000000
77949  -39.698  36.586  8.349 0.0000000000
78669  -41.507  37.874  7.595 0.0000000000
78681  -41.808  38.404  6.520 0.0000000000
78692  -42.535  38.527  5.311 0.0000000000
99831  -43.896  37.216  4.595 0.0000000000
99826  -44.660  38.194  3.760 0.0000000000
75554  -45.168  35.718  3.044 0.0000000000
74777  -44.601  33.918  0.965 0.0000000000
74725  -41.230  34.692  4.026 0.0000000000
74741  -41.982  34.467  3.048 0.0000000000
73993  -43.299  33.412  3.166 0.0000000000
73315  -42.316  32.818  3.618 0.0000000000
73296  -41.295  32.471  4.926 0.0000000000
75582  -37.378  35.240  0.925 0.0000000000
74774  -38.002  34.496  1.361 0.0000000000
74776  -39.244  33.437  2.370 0.0000000000
74026  -38.743  32.999  1.317 0.0000000000
74027  -40.012  33.295  1.235 0.0000000000
74028  -40.689  32.584  1.684 0.0000000000
72544  -40.270  31.871  3.119 0.0000000000
80079  -40.741  41.668  -5.108 0.0000000000
79444  -39.351  41.669  -4.312 0.0000000000
79287  -37.550  40.450  12.158 0.0000000000
81250  -37.899  44.089  2.615 0.0000000000
77241  -36.664  37.441  1.383 0.0000000000
77231  -36.097  37.453  2.242 0.0000000000
81312  -37.639  43.432  -1.502 0.0000000000
80037  -38.480  41.808  -0.754 0.0000000000
80661  -38.327  42.372  -1.278 0.0000000000
99954  -40.309  40.644  -1.862 0.0000000000
99953  -39.450  38.787  -0.826 0.0000000000
73206  -43.681  32.867  12.451 0.0000000000
76343  -44.568  36.619  10.354 0.0000000000
75473  -43.736  35.614  10.520 0.0000000000
76342  -43.759  36.297  10.012 0.0000000000
76347  -42.937  36.479  8.951 0.0000000000
76348  -43.449  36.614  9.317 0.0000000000
82530  -29.655  45.195  3.208 0.0000000000
81908  -29.930  44.173  4.092 0.0000000000
81232  -30.919  43.810  3.466 0.0000000000
81916  -31.207  45.048  3.209 0.0000000000
100584  -33.492  47.703  -0.949 0.0000000000
100585  -33.383  47.809  -0.311 0.0000000000
100582  -33.445  47.443  -0.703 0.0000000000
83206  -33.321  46.774  -0.683 0.0000000000
83217  -33.076  46.206  -1.536 0.0000000000
82571  -33.667  45.345  -2.078 0.0000000000
83224  -33.485  46.566  -2.560 0.0000000000
84584  -38.287  48.187  -2.667 0.0000000000
84597  -39.238  47.568  -2.398 0.0000000000
79841  -44.148  40.023  13.549 0.0000000000
79856  -44.949  40.323  13.256 0.0000000000
79230  -45.236  40.079  13.455 0.0000000000
79873  -45.480  40.512  12.766 0.0000000000
79265  -46.758  40.590  12.621 0.0000000000
78652  -42.518  38.431  9.137 0.0000000000
78661  -42.588  38.628  8.182 0.0000000000
81897  -38.789  45.632  6.382 0.0000000000
81881  -38.922  45.047  7.304 0.0000000000
81896  -38.356  44.934  6.772 0.0000000000
79981  -40.924  42.353  1.967 0.0000000000
79967  -40.251  42.210  2.584 0.0000000000
77956  -34.532  38.804  6.076 0.0000000000
78689  -35.468  40.753  5.725 0.0000000000
78677  -34.797  39.726  6.475 0.0000000000
78667  -35.056  39.842  7.576 0.0000000000
77935  -35.370  38.833  8.226 0.0000000000
77936  -35.607  38.257  9.153 0.0000000000
77946  -35.348  37.541  8.537 0.0000000000
76384  -40.519  36.337  5.932 0.0000000000
77201  -41.282  37.203  5.669 0.0000000000
74758  -39.342  33.606  3.122 0.0000000000
73989  -39.899  33.604  3.182 0.0000000000
74820  -37.464  34.582  -1.495 0.0000000000
74059  -38.261  33.941  -0.208 0.0000000000
73340  -38.801  32.279  -0.491 0.0000000000
99415  -39.099  31.805  -1.911 0.0000000000
71837  -41.599  30.208  -3.609 0.0000000000
71823  -40.241  30.246  -1.914 0.0000000000
71042  -39.924  29.862  -1.484 0.0000000000
71812  -39.332  30.784  -0.701 0.0000000000
74699  -43.707  33.903  5.183 0.0000000000
77234  -48.350  37.006  2.794 0.0000000000
76421  -47.244  36.671  2.528 0.0000000000
81326  -39.769  43.484  -2.759 0.0000000000
99976  -39.684  42.219  -3.218 0.0000000000
99956  -40.698  39.816  -2.999 0.0000000000
78056  -38.613  38.439  -1.381 0.0000000000
74631  -46.152  35.144  13.380 0.0000000000
76335  -45.836  36.388  11.349 0.0000000000
76345  -46.524  36.995  11.038 0.0000000000
82540  -27.543  45.662  2.528 0.0000000000
85800  -36.548  50.533  -4.265 0.0000000000
85814  -37.667  50.843  -3.894 0.0000000000
86391  -37.123  51.380  -4.087 0.0000000000
77920  -41.632  38.211  10.645 0.0000000000
81224  -36.013  43.692  4.775 0.0000000000
79370  -37.801  39.963  1.598 0.0000000000
79964  -37.602  40.810  1.736 0.0000000000
78719  -36.707  39.659  2.097 0.0000000000
77218  -35.408  37.693  3.421 0.0000000000
77990  -35.421  38.347  3.686 0.0000000000
77979  -34.891  38.278  4.831 0.0000000000
77199  -35.168  37.484  4.834 0.0000000000
76367  -35.642  36.752  5.971 0.0000000000
76379  -35.600  36.837  5.162 0.0000000000
75512  -36.929  35.615  5.086 0.0000000000
75513  -37.944  35.567  5.176 0.0000000000
74737  -38.108  34.489  3.341 0.0000000000
80625  -36.038  42.696  0.242 0.0000000000
80609  -37.585  42.682  1.262 0.0000000000
80627  -37.872  42.237  0.574 0.0000000000
79998  -39.819  41.775  0.365 0.0000000000
80629  -39.576  42.393  0.823 0.0000000000
80646  -40.955  42.294  0.702 0.0000000000
81256  -43.907  43.538  0.861 0.0000000000
80631  -42.783  42.288  0.974 0.0000000000
79407  -39.896  41.019  -2.397 0.0000000000
99955  -40.891  39.657  -0.502 0.0000000000
78786  -42.036  40.177  -0.699 0.0000000000
99963  -41.653  39.844  -0.248 0.0000000000
78751  -41.428  40.276  0.137 0.0000000000
78750  -41.334  39.834  0.204 0.0000000000
79390  -40.079  39.988  0.566 0.0000000000
78748  -39.421  39.430  -0.010 0.0000000000
78040  -38.648  37.974  -0.236 0.0000000000
78023  -37.626  37.944  0.735 0.0000000000
77251  -37.668  37.436  0.244 0.0000000000
76442  -37.235  36.546  0.330 0.0000000000
77264  -37.979  37.441  -0.528 0.0000000000
76477  -37.991  36.474  -2.431 0.0000000000
76476  -37.114  36.274  -2.319 0.0000000000
75619  -36.940  35.577  -1.990 0.0000000000
76499  -39.070  37.005  -4.466 0.0000000000
76509  -39.868  36.685  -4.489 0.0000000000
76507  -39.115  36.373  -5.196 0.0000000000
74111  -37.170  33.691  -6.128 0.0000000000
74859  -38.355  34.676  -5.832 0.0000000000
73926  -43.724  34.456  12.236 0.0000000000
73919  -43.561  33.908  12.468 0.0000000000
73925  -43.307  34.176  11.945 0.0000000000
74678  -42.268  34.661  9.689 0.0000000000
73936  -41.791  33.788  9.228 0.0000000000
73241  -42.378  32.990  9.010 0.0000000000
73945  -41.999  33.413  8.495 0.0000000000
73949  -42.060  33.114  7.693 0.0000000000
73944  -41.628  33.781  8.080 0.0000000000
76359  -42.377  36.453  7.629 0.0000000000
75494  -41.661  35.738  7.228 0.0000000000
76373  -42.199  36.412  6.674 0.0000000000
77187  -42.560  37.278  6.138 0.0000000000
83099  -32.855  45.388  8.694 0.0000000000
83123  -33.888  46.206  8.544 0.0000000000
82478  -34.166  45.487  7.778 0.0000000000
82496  -34.642  45.118  7.189 0.0000000000
82495  -33.744  45.080  7.151 0.0000000000
82507  -28.068  45.852  5.493 0.0000000000
81889  -29.440  44.347  6.195 0.0000000000
81209  -31.556  43.026  5.594 0.0000000000
81199  -30.875  43.152  6.338 0.0000000000
81201  -32.982  43.218  6.698 0.0000000000
81211  -33.758  43.132  5.982 0.0000000000
81223  -34.720  43.606  5.101 0.0000000000
80588  -32.542  42.785  2.996 0.0000000000
81248  -35.017  43.324  2.801 0.0000000000
81265  -33.264  43.420  1.736 0.0000000000
82555  -32.480  45.886  1.707 0.0000000000
81939  -33.021  44.422  0.289 0.0000000000
81940  -33.896  44.298  0.103 0.0000000000
81941  -34.823  44.351  -0.029 0.0000000000
81955  -35.302  44.701  -1.450 0.0000000000
81956  -36.174  44.314  -1.514 0.0000000000
81311  -36.645  43.452  -1.368 0.0000000000
82574  -36.914  45.148  -1.681 0.0000000000
84583  -34.938  48.422  -2.598 0.0000000000
83225  -34.389  46.729  -2.844 0.0000000000
83902  -35.401  47.748  -2.903 0.0000000000
83218  -38.327  47.027  -1.601 0.0000000000
83228  -37.629  46.424  -2.361 0.0000000000
83229  -38.352  46.147  -2.118 0.0000000000
82587  -38.185  45.587  -2.011 0.0000000000
82576  -38.747  45.634  -1.693 0.0000000000
82577  -39.455  45.537  -2.055 0.0000000000
83237  -39.841  46.235  -3.342 0.0000000000
83231  -41.000  45.941  -3.552 0.0000000000
83251  -41.861  45.632  -3.927 0.0000000000
82609  -43.146  45.655  -4.661 0.0000000000
82607  -41.567  45.544  -4.802 0.0000000000
82605  -39.521  45.563  -4.858 0.0000000000
83924  -38.049  47.354  -4.499 0.0000000000
83247  -38.093  46.474  -4.508 0.0000000000
83938  -37.520  46.980  -4.992 0.0000000000
77901  -46.781  38.588  12.183 0.0000000000
78636  -47.173  39.687  11.620 0.0000000000
78647  -46.846  39.314  10.698 0.0000000000
77924  -46.762  38.675  10.659 0.0000000000
78633  -43.902  39.045  11.473 0.0000000000
79278  -44.479  39.618  11.575 0.0000000000
78634  -44.582  39.286  11.097 0.0000000000
79308  -44.450  39.445  8.984 0.0000000000
79299  -44.770  39.391  9.650 0.0000000000
78665  -45.248  39.150  8.860 0.0000000000
77941  -44.707  38.800  8.445 0.0000000000
77161  -44.020  38.390  8.160 0.0000000000
78673  -44.290  39.168  7.916 0.0000000000
78683  -43.356  39.002  6.561 0.0000000000
80565  -39.537  44.013  8.573 0.0000000000
80547  -39.066  43.564  10.045 0.0000000000
81270  -39.138  43.478  1.910 0.0000000000
81252  -39.798  44.037  2.471 0.0000000000
80592  -41.092  43.525  3.957 0.0000000000
81929  -40.860  44.860  3.406 0.0000000000
100250  -41.209  43.905  4.251 0.0000000000
81226  -39.821  44.776  4.346 0.0000000000
100246  -39.577  43.618  4.271 0.0000000000
79956  -37.333  40.833  3.064 0.0000000000
79957  -38.355  41.659  3.586 0.0000000000
79946  -37.010  41.484  3.977 0.0000000000
79330  -36.407  42.240  5.406 0.0000000000
79947  -37.269  42.145  4.591 0.0000000000
79937  -37.002  42.539  5.658 0.0000000000
80576  -37.668  43.150  5.809 0.0000000000
80575  -37.059  42.881  6.345 0.0000000000
80570  -36.810  43.228  6.817 0.0000000000
79295  -35.819  41.012  9.369 0.0000000000
79305  -36.122  41.611  8.739 0.0000000000
79296  -36.458  41.071  9.953 0.0000000000
78638  -37.404  40.016  10.978 0.0000000000
77153  -37.229  37.179  10.032 0.0000000000
77928  -40.044  37.448  9.977 0.0000000000
76355  -36.550  36.380  7.222 0.0000000000
76356  -37.780  36.319  7.465 0.0000000000
77185  -40.186  37.158  6.878 0.0000000000
77184  -39.771  36.538  7.306 0.0000000000
77170  -39.843  36.854  7.605 0.0000000000
77950  -40.524  37.308  7.728 0.0000000000
78680  -40.996  38.147  7.167 0.0000000000
77972  -42.489  38.456  4.918 0.0000000000
78697  -42.629  38.505  4.712 0.0000000000
99832  -43.108  38.200  4.564 0.0000000000
77211  -43.258  37.086  4.558 0.0000000000
76406  -43.303  35.901  3.472 0.0000000000
76408  -44.524  36.586  3.450 0.0000000000
75553  -44.294  35.518  2.986 0.0000000000
75583  -45.319  34.579  1.448 0.0000000000
74743  -43.686  34.676  2.489 0.0000000000
74010  -42.101  33.788  2.678 0.0000000000
74011  -42.766  33.767  2.663 0.0000000000
73992  -42.454  33.416  3.133 0.0000000000
73316  -42.842  33.059  3.460 0.0000000000
74775  -38.508  33.447  1.834 0.0000000000
99419  -40.308  33.176  -0.348 0.0000000000
74042  -41.010  32.622  0.842 0.0000000000
71801  -42.022  30.711  0.246 0.0000000000
72553  -41.394  31.718  1.761 0.0000000000
72552  -40.658  31.452  2.194 0.0000000000
76397  -43.919  35.255  4.804 0.0000000000
99818  -44.394  35.503  4.652 0.0000000000
77212  -46.133  35.935  4.583 0.0000000000
81340  -41.554  43.133  -4.074 0.0000000000
99986  -40.843  42.519  -3.528 0.0000000000
99980  -40.963  41.685  -3.917 0.0000000000
79438  -38.685  41.411  -2.816 0.0000000000
78730  -36.560  38.903  1.488 0.0000000000
77230  -35.448  37.562  2.786 0.0000000000
76404  -35.370  37.013  3.641 0.0000000000
76394  -36.116  36.418  4.710 0.0000000000
76405  -35.978  36.443  3.900 0.0000000000
75566  -37.371  35.207  1.866 0.0000000000
80644  -37.587  42.217  -0.308 0.0000000000
80014  -37.841  41.716  0.113 0.0000000000
80015  -38.268  41.592  -0.266 0.0000000000
99982  -41.035  40.731  -3.429 0.0000000000
80066  -41.462  41.037  -2.374 0.0000000000
99957  -40.145  40.382  -1.041 0.0000000000
99947  -40.241  39.468  -0.392 0.0000000000
99944  -39.370  38.968  -0.685 0.0000000000
78041  -39.133  38.454  -0.535 0.0000000000
77265  -38.649  37.508  -0.863 0.0000000000
76453  -37.953  37.413  -1.001 0.0000000000
77281  -38.980  37.112  -1.406 0.0000000000
99943  -39.052  36.561  -2.126 0.0000000000
76487  -38.696  36.485  -2.990 0.0000000000
76498  -38.053  36.635  -4.793 0.0000000000
73216  -43.091  32.501  11.845 0.0000000000
74660  -44.227  35.425  11.469 0.0000000000
74667  -43.721  34.819  11.290 0.0000000000
74677  -41.532  34.751  8.772 0.0000000000
75479  -42.466  35.801  9.115 0.0000000000
76350  -42.689  36.560  8.458 0.0000000000
77159  -42.617  37.089  8.017 0.0000000000
83138  -31.729  45.109  8.283 0.0000000000
81901  -29.417  44.124  5.603 0.0000000000
81907  -29.369  44.210  4.579 0.0000000000
81219  -30.043  43.519  4.477 0.0000000000
81220  -31.189  43.204  4.535 0.0000000000
81221  -32.332  43.189  4.651 0.0000000000
81233  -32.021  43.285  3.598 0.0000000000
80596  -32.202  43.248  3.080 0.0000000000
81245  -31.921  43.708  2.649 0.0000000000
100581  -33.640  48.033  1.143 0.0000000000
82556  -32.546  45.939  1.164 0.0000000000
83193  -32.874  46.417  0.293 0.0000000000
83205  -32.535  46.004  -0.626 0.0000000000
82566  -33.403  45.074  -1.091 0.0000000000
81948  -33.961  44.475  -1.003 0.0000000000
82572  -34.931  45.331  -1.979 0.0000000000
84594  -36.396  48.783  -3.546 0.0000000000
83913  -37.090  47.718  -3.258 0.0000000000
83905  -38.630  47.498  -2.006 0.0000000000
83889  -40.197  47.738  -1.644 0.0000000000
83220  -39.428  46.674  -1.921 0.0000000000
83906  -39.939  47.432  -2.005 0.0000000000
83915  -39.287  46.907  -2.733 0.0000000000
83236  -38.992  46.553  -3.436 0.0000000000
79829  -43.442  40.123  14.048 0.0000000000
79219  -43.747  40.014  13.715 0.0000000000
78581  -44.030  39.903  13.510 0.0000000000
78628  -47.255  39.666  12.112 0.0000000000
79266  -47.361  40.516  12.932 0.0000000000
79281  -46.700  40.432  11.755 0.0000000000
77922  -42.870  38.398  10.313 0.0000000000
78654  -43.728  38.503  10.199 0.0000000000
78653  -43.227  38.512  9.687 0.0000000000
79307  -43.829  39.322  8.935 0.0000000000
78663  -44.086  39.416  8.339 0.0000000000
78671  -42.974  39.469  7.338 0.0000000000
81194  -39.324  44.251  7.723 0.0000000000
80564  -38.986  43.540  8.208 0.0000000000
81272  -40.958  43.474  1.912 0.0000000000
80600  -41.360  43.213  3.343 0.0000000000
80591  -40.561  43.275  3.720 0.0000000000
79935  -35.597  41.071  3.974 0.0000000000
79334  -36.298  41.515  4.160 0.0000000000
79328  -35.651  41.188  4.551 0.0000000000
78690  -35.463  41.391  6.047 0.0000000000
79321  -35.566  42.091  6.337 0.0000000000
79313  -35.901  41.792  7.649 0.0000000000
79312  -35.221  40.880  7.679 0.0000000000
77925  -36.178  38.808  9.674 0.0000000000
77937  -36.290  37.709  9.764 0.0000000000
77157  -36.674  36.957  9.613 0.0000000000
76370  -38.637  36.233  6.649 0.0000000000
76372  -40.333  36.639  6.556 0.0000000000
77186  -40.978  37.384  6.416 0.0000000000
77210  -41.933  37.250  4.722 0.0000000000
76395  -42.190  36.371  4.417 0.0000000000
75534  -42.269  35.707  3.979 0.0000000000
99406  -41.591  32.551  -0.811 0.0000000000
73342  -42.835  32.476  -0.180 0.0000000000
99409  -42.837  31.634  -1.776 0.0000000000
71815  -43.113  30.514  -1.178 0.0000000000
71813  -41.520  30.123  -0.413 0.0000000000
71799  -40.297  30.428  0.836 0.0000000000
71036  -40.675  29.630  -0.607 0.0000000000
71035  -39.421  29.879  -0.699 0.0000000000
73270  -43.573  32.231  6.691 0.0000000000
80672  -38.835  42.527  -2.343 0.0000000000
99967  -40.061  41.185  -3.346 0.0000000000
99979  -40.547  40.935  -3.478 0.0000000000
99952  -40.840  40.415  -2.971 0.0000000000
99948  -39.958  40.445  -2.097 0.0000000000
73909  -44.893  34.257  13.115 0.0000000000
74630  -45.504  34.630  13.148 0.0000000000
74648  -45.297  35.119  12.771 0.0000000000
75453  -46.613  35.992  13.065 0.0000000000
75452  -46.160  35.898  12.523 0.0000000000
75466  -45.399  35.818  12.051 0.0000000000
75465  -44.829  35.850  11.501 0.0000000000
76334  -45.039  36.393  11.017 0.0000000000
82519  -28.188  45.448  4.449 0.0000000000
82529  -28.487  45.441  3.432 0.0000000000
85227  -35.861  49.499  -3.820 0.0000000000
85228  -36.970  49.488  -3.992 0.0000000000
85229  -37.871  49.441  -3.899 0.0000000000
85815  -38.202  50.510  -3.993 0.0000000000
78642  -42.041  38.706  11.262 0.0000000000
77929  -41.616  37.662  9.612 0.0000000000
100254  -39.191  45.544  4.347 0.0000000000
100251  -39.312  45.733  5.107 0.0000000000
79979  -39.261  41.096  1.626 0.0000000000
79955  -36.503  40.489  3.320 0.0000000000
78718  -36.072  39.307  2.218 0.0000000000
79340  -35.901  39.797  3.246 0.0000000000
79944  -35.880  40.576  3.580 0.0000000000
78696  -35.501  39.562  4.273 0.0000000000
77969  -35.001  38.685  5.279 0.0000000000
77164  -34.522  38.160  6.284 0.0000000000
77166  -35.352  36.868  7.611 0.0000000000
76368  -36.546  36.438  6.271 0.0000000000
76382  -38.329  36.214  5.795 0.0000000000
75515  -40.039  35.665  5.337 0.0000000000
75531  -39.645  35.182  4.654 0.0000000000
74723  -39.297  34.579  4.126 0.0000000000
74722  -38.451  34.559  4.058 0.0000000000
74025  -37.615  32.683  1.190 0.0000000000
73339  -37.929  32.154  0.650 0.0000000000
81268  -36.761  43.107  1.610 0.0000000000
80611  -39.359  42.892  1.399 0.0000000000
80628  -38.730  42.308  0.729 0.0000000000
80613  -40.772  43.042  1.475 0.0000000000
81273  -41.895  43.134  1.442 0.0000000000
80615  -42.683  42.810  1.580 0.0000000000
79375  -41.474  41.466  1.175 0.0000000000
79409  -40.493  41.011  -0.261 0.0000000000
80056  -41.593  41.090  -1.848 0.0000000000
80038  -42.016  40.999  -0.856 0.0000000000
80020  -41.655  40.971  0.048 0.0000000000
79394  -41.574  41.051  0.764 0.0000000000
79392  -40.610  40.966  0.202 0.0000000000
79374  -40.695  41.190  1.106 0.0000000000
79373  -40.091  40.606  1.179 0.0000000000
79372  -39.376  40.033  1.219 0.0000000000
78732  -38.277  39.174  1.289 0.0000000000
78747  -38.642  39.186  0.513 0.0000000000
78009  -37.814  38.746  1.242 0.0000000000
78008  -37.264  38.320  1.255 0.0000000000
76441  -36.573  36.560  0.955 0.0000000000
75607  -37.458  35.535  -1.049 0.0000000000
75655  -39.417  35.721  -4.392 0.0000000000
74860  -38.764  35.260  -5.144 0.0000000000
74838  -38.175  35.522  -3.951 0.0000000000
73907  -43.560  33.399  12.473 0.0000000000
73918  -43.142  33.374  12.201 0.0000000000
73255  -42.831  32.285  8.499 0.0000000000
73267  -43.635  32.181  7.791 0.0000000000
73951  -42.364  33.076  6.531 0.0000000000
74698  -42.642  33.952  5.399 0.0000000000
75493  -41.535  34.904  7.082 0.0000000000
75504  -42.155  35.099  6.292 0.0000000000
75517  -42.848  35.046  5.210 0.0000000000
76387  -43.396  35.737  4.799 0.0000000000
99821  -43.346  36.678  4.534 0.0000000000
82493  -31.302  45.061  7.474 0.0000000000
81890  -30.100  44.085  6.191 0.0000000000
81891  -31.061  43.940  6.877 0.0000000000
81892  -32.188  44.104  7.030 0.0000000000
81893  -33.347  44.214  6.881 0.0000000000
81904  -34.602  43.963  6.771 0.0000000000
81909  -34.895  44.146  5.957 0.0000000000
81910  -35.550  44.300  5.287 0.0000000000
81235  -34.247  43.260  3.812 0.0000000000
82531  -30.969  46.032  3.216 0.0000000000
81923  -31.524  44.951  2.220 0.0000000000
81264  -32.586  43.802  1.817 0.0000000000
81934  -32.806  44.774  1.293 0.0000000000
81285  -35.564  43.318  0.437 0.0000000000
80642  -35.744  42.823  -0.123 0.0000000000
81949  -34.894  44.427  -0.903 0.0000000000
81950  -35.492  44.020  -1.060 0.0000000000
81299  -36.257  43.237  -0.914 0.0000000000
82583  -34.596  45.886  -2.699 0.0000000000
82584  -35.709  45.830  -2.507 0.0000000000
83227  -36.636  46.585  -2.581 0.0000000000
82585  -36.750  45.719  -2.366 0.0000000000
82575  -37.832  45.161  -1.673 0.0000000000
81958  -38.207  44.456  -1.567 0.0000000000
81960  -39.604  44.541  -2.356 0.0000000000
81963  -40.280  44.302  -2.997 0.0000000000
82596  -41.221  44.383  -3.552 0.0000000000
81976  -43.094  44.440  -4.490 0.0000000000
80721  -43.450  43.494  -5.998 0.0000000000
83248  -38.832  46.211  -4.275 0.0000000000
82604  -38.579  45.653  -4.852 0.0000000000
84619  -37.707  48.439  -4.784 0.0000000000
77910  -47.306  38.183  11.770 0.0000000000
77909  -46.905  38.790  11.742 0.0000000000
77915  -47.177  38.227  11.561 0.0000000000
77144  -47.273  37.957  11.664 0.0000000000
77150  -46.382  37.917  10.745 0.0000000000
77149  -45.102  37.820  10.219 0.0000000000
79263  -44.830  40.243  11.782 0.0000000000
79280  -45.794  40.410  11.277 0.0000000000
79291  -45.659  39.851  10.674 0.0000000000
79289  -44.560  39.138  10.060 0.0000000000
79300  -45.301  39.319  10.051 0.0000000000
78646  -45.952  39.455  10.470 0.0000000000
77933  -45.335  38.768  9.360 0.0000000000
77155  -44.352  37.752  9.069 0.0000000000
77160  -43.323  37.491  8.307 0.0000000000
77172  -43.476  38.283  7.645 0.0000000000
77952  -43.650  38.820  7.351 0.0000000000
77960  -42.576  37.974  6.731 0.0000000000
80527  -39.158  43.581  10.880 0.0000000000
80526  -38.266  43.488  11.000 0.0000000000
79886  -37.850  42.533  11.774 0.0000000000
81928  -39.944  44.729  3.222 0.0000000000
81253  -40.623  44.221  2.612 0.0000000000
100255  -40.033  45.334  4.165 0.0000000000
100247  -39.306  45.334  4.318 0.0000000000
79966  -39.357  41.656  2.666 0.0000000000
79958  -39.223  42.003  3.347 0.0000000000
80590  -39.320  42.664  3.882 0.0000000000
81213  -38.292  44.248  5.706 0.0000000000
81895  -37.847  44.947  6.274 0.0000000000
81204  -37.912  44.397  6.946 0.0000000000
80563  -38.061  43.635  7.844 0.0000000000
80555  -37.437  43.029  8.895 0.0000000000
79915  -36.412  42.543  7.754 0.0000000000
79906  -36.665  42.356  8.883 0.0000000000
78639  -38.124  39.179  11.793 0.0000000000
77918  -38.973  38.350  10.863 0.0000000000
77940  -40.979  37.353  8.708 0.0000000000
76357  -38.931  36.233  7.446 0.0000000000
77948  -39.163  36.211  8.505 0.0000000000
77938  -38.925  36.416  9.154 0.0000000000
78660  -41.826  38.129  8.380 0.0000000000
78691  -42.102  38.216  5.810 0.0000000000
99827  -46.100  37.967  3.500 0.0000000000
99822  -44.143  37.298  3.644 0.0000000000
99825  -44.984  37.545  3.478 0.0000000000
76409  -46.080  36.820  3.223 0.0000000000
75570  -46.671  35.476  1.906 0.0000000000
74779  -46.588  34.516  0.052 0.0000000000
75550  -41.990  35.227  3.656 0.0000000000
74742  -43.213  34.551  2.813 0.0000000000
74760  -43.009  34.068  2.545 0.0000000000
74012  -43.696  33.704  2.192 0.0000000000
73994  -44.288  33.484  2.919 0.0000000000
75581  -36.669  35.795  1.391 0.0000000000
74041  -38.285  33.712  0.377 0.0000000000
73332  -41.543  32.360  1.332 0.0000000000
73323  -40.924  32.172  2.351 0.0000000000
70364  -41.871  28.669  -2.191 0.0000000000
70365  -42.177  28.976  -2.327 0.0000000000
70371  -41.446  28.768  -2.293 0.0000000000
70372  -41.882  29.014  -2.488 0.0000000000
70373  -42.319  29.350  -2.577 0.0000000000
71022  -40.349  30.090  0.292 0.0000000000
71037  -41.883  29.484  -1.079 0.0000000000
71038  -42.525  29.822  -1.266 0.0000000000
71043  -40.586  29.093  -1.843 0.0000000000
71044  -41.482  28.863  -1.644 0.0000000000
71045  -42.594  29.306  -1.956 0.0000000000
71046  -42.827  30.367  -2.934 0.0000000000
71052  -41.430  29.277  -2.544 0.0000000000
71053  -41.978  29.546  -2.982 0.0000000000
71785  -39.907  30.537  1.566 0.0000000000
71787  -41.438  30.910  0.966 0.0000000000
71800  -40.934  30.459  0.327 0.0000000000
71802  -42.728  30.924  -0.362 0.0000000000
71814  -42.343  30.207  -0.650 0.0000000000
71816  -43.719  30.948  -1.724 0.0000000000
71822  -39.549  30.520  -1.699 0.0000000000
71824  -43.437  30.076  -2.040 0.0000000000
71830  -39.693  31.235  -2.944 0.0000000000
71831  -40.955  30.155  -2.603 0.0000000000
71832  -41.583  29.797  -2.912 0.0000000000
71836  -40.782  30.765  -3.518 0.0000000000
72564  -41.264  31.297  1.491 0.0000000000
72565  -42.058  31.536  0.957 0.0000000000
72575  -42.677  31.378  0.174 0.0000000000
72576  -43.489  31.475  -0.303 0.0000000000
72577  -43.975  31.890  -0.867 0.0000000000
72584  -39.017  31.506  -0.910 0.0000000000
72585  -39.438  31.130  -1.490 0.0000000000
72586  -43.614  31.278  -0.987 0.0000000000
72596  -39.457  31.205  -2.140 0.0000000000
72601  -39.281  31.484  -2.345 0.0000000000
73254  -42.283  32.704  8.245 0.0000000000
73324  -41.804  32.012  1.535 0.0000000000
73333  -42.511  32.177  0.729 0.0000000000
73334  -43.747  32.250  0.211 0.0000000000
73341  -41.886  32.514  0.487 0.0000000000
73920  -44.273  34.399  12.589 0.0000000000
73948  -41.720  33.683  7.309 0.0000000000
74029  -44.369  33.797  1.422 0.0000000000
74033  -47.917  33.650  0.067 0.0000000000
74046  -47.460  33.646  -0.550 0.0000000000
74047  -48.181  33.710  -0.990 0.0000000000
74060  -42.286  32.491  -0.765 0.0000000000
74061  -47.219  33.882  -0.672 0.0000000000
74062  -47.629  33.824  -1.156 0.0000000000
74063  -47.917  33.971  -1.491 0.0000000000
74103  -37.573  34.048  -5.767 0.0000000000
74110  -36.393  33.711  -5.517 0.0000000000
74112  -37.604  34.199  -5.967 0.0000000000
74668  -43.742  34.581  11.867 0.0000000000
74676  -41.498  34.232  8.362 0.0000000000
74688  -41.508  34.466  7.818 0.0000000000
74689  -41.551  35.033  8.144 0.0000000000
74695  -41.548  34.221  6.974 0.0000000000
74697  -42.017  34.094  6.418 0.0000000000
74726  -41.657  34.966  3.741 0.0000000000
74759  -42.374  34.026  2.551 0.0000000000
74761  -44.036  34.286  1.719 0.0000000000
74762  -44.770  34.431  1.319 0.0000000000
74765  -47.211  34.696  1.797 0.0000000000
74778  -45.316  34.165  0.431 0.0000000000
74780  -47.315  34.513  0.144 0.0000000000
74781  -47.420  34.336  0.698 0.0000000000
74793  -45.974  33.751  -0.276 0.0000000000
74794  -46.752  34.010  -0.533 0.0000000000
74795  -47.390  34.260  -0.658 0.0000000000
74796  -48.108  34.362  -0.240 0.0000000000
74810  -47.232  34.098  -1.029 0.0000000000
74811  -47.543  34.072  -1.169 0.0000000000
74812  -47.953  34.366  -1.215 0.0000000000
74848  -38.442  35.330  -4.436 0.0000000000
74858  -37.516  34.501  -6.078 0.0000000000
75485  -41.593  35.168  7.690 0.0000000000
75503  -41.755  34.587  6.675 0.0000000000
75511  -36.493  36.012  4.929 0.0000000000
75518  -43.749  35.036  5.250 0.0000000000
75552  -43.578  35.221  3.059 0.0000000000
75567  -44.010  34.904  2.441 0.0000000000
75568  -44.806  34.797  2.286 0.0000000000
75569  -45.799  35.507  2.162 0.0000000000
75584  -45.987  34.602  1.174 0.0000000000
75585  -46.801  34.570  0.946 0.0000000000
75586  -47.183  34.459  0.974 0.0000000000
75618  -36.597  35.981  -2.132 0.0000000000
75628  -36.865  35.934  -2.363 0.0000000000
75638  -37.949  35.762  -3.598 0.0000000000
75639  -38.775  35.821  -3.643 0.0000000000
75656  -39.860  36.413  -4.383 0.0000000000
75672  -40.179  36.458  -4.970 0.0000000000
76358  -39.491  36.243  7.372 0.0000000000
76393  -35.534  36.948  4.405 0.0000000000
76396  -42.821  36.247  3.812 0.0000000000
76407  -43.868  35.955  3.431 0.0000000000
76410  -46.941  37.345  2.774 0.0000000000
76418  -35.236  37.136  3.128 0.0000000000
76420  -46.537  36.144  2.480 0.0000000000
76422  -47.908  36.624  2.779 0.0000000000
76423  -48.320  36.779  2.954 0.0000000000
76465  -36.755  36.276  -1.946 0.0000000000
76468  -39.109  36.891  -1.624 0.0000000000
76475  -36.779  36.157  -2.242 0.0000000000
76508  -39.728  36.567  -4.737 0.0000000000
77143  -46.892  37.611  11.594 0.0000000000
77148  -44.495  37.327  9.874 0.0000000000
77152  -36.705  37.400  10.013 0.0000000000
77154  -43.578  37.205  8.893 0.0000000000
77156  -45.191  38.375  9.325 0.0000000000
77165  -34.932  37.525  6.539 0.0000000000
77169  -39.427  36.214  7.883 0.0000000000
77182  -34.534  38.049  5.783 0.0000000000
77198  -34.583  37.940  5.053 0.0000000000
77202  -43.134  36.662  5.309 0.0000000000
77208  -34.912  38.003  4.597 0.0000000000
77220  -46.788  37.566  3.196 0.0000000000
77222  -48.458  37.071  3.114 0.0000000000
77233  -48.043  37.268  2.746 0.0000000000
77242  -37.252  37.637  0.895 0.0000000000
77315  -38.861  37.463  -3.760 0.0000000000
77921  -42.460  38.310  10.554 0.0000000000
77931  -42.722  38.284  10.150 0.0000000000
77942  -45.218  38.869  8.785 0.0000000000
77944  -34.507  38.314  6.649 0.0000000000
77947  -36.112  37.350  9.135 0.0000000000
77951  -43.229  38.193  7.100 0.0000000000
77953  -44.239  38.827  7.814 0.0000000000
77957  -34.503  38.804  6.697 0.0000000000
77959  -41.639  37.797  6.145 0.0000000000
77970  -35.479  39.127  4.866 0.0000000000
77980  -35.375  38.614  4.417 0.0000000000
77982  -42.643  38.133  4.699 0.0000000000
77998  -35.372  38.358  3.025 0.0000000000
78580  -43.370  39.666  13.859 0.0000000000
78621  -47.454  40.442  12.655 0.0000000000
78629  -47.441  40.211  12.462 0.0000000000
78644  -44.235  38.875  10.720 0.0000000000
78645  -44.662  39.292  10.736 0.0000000000
78649  -35.983  40.144  9.507 0.0000000000
78655  -45.061  39.418  9.196 0.0000000000
78658  -35.442  39.543  8.101 0.0000000000
78668  -35.417  39.953  7.980 0.0000000000
78676  -34.897  39.354  5.894 0.0000000000
78678  -35.075  40.920  6.450 0.0000000000
78679  -35.307  41.432  6.441 0.0000000000
78687  -34.944  39.152  5.650 0.0000000000
78705  -35.900  39.610  2.914 0.0000000000
78717  -35.428  38.878  2.627 0.0000000000
78734  -42.058  41.683  1.355 0.0000000000
79247  -46.977  40.554  12.684 0.0000000000
79277  -43.824  39.741  12.144 0.0000000000
79279  -45.115  39.719  11.143 0.0000000000
79282  -47.599  40.344  12.322 0.0000000000
79290  -44.924  39.467  10.427 0.0000000000
79297  -43.677  38.900  9.280 0.0000000000
79306  -43.541  38.975  9.022 0.0000000000
79311  -34.900  40.753  7.456 0.0000000000
79320  -34.914  41.346  6.842 0.0000000000
79322  -36.308  42.449  5.829 0.0000000000
79327  -35.535  40.499  4.118 0.0000000000
79329  -35.896  41.688  5.344 0.0000000000
79333  -35.717  39.984  3.668 0.0000000000
79335  -36.468  41.702  4.595 0.0000000000
79341  -36.426  39.908  2.908 0.0000000000
79342  -36.842  40.360  2.906 0.0000000000
79355  -36.572  39.767  2.408 0.0000000000
79371  -38.563  39.915  1.447 0.0000000000
79376  -41.921  41.410  1.082 0.0000000000
79393  -41.252  40.692  0.661 0.0000000000
79410  -41.331  40.998  0.026 0.0000000000
79411  -41.583  40.845  -0.125 0.0000000000
79427  -41.718  40.670  -0.941 0.0000000000
79439  -41.936  40.662  -1.513 0.0000000000
79445  -41.701  41.096  -2.070 0.0000000000
79842  -45.019  39.967  13.537 0.0000000000
79855  -44.350  40.269  13.319 0.0000000000
79896  -37.500  42.733  11.046 0.0000000000
79897  -37.989  42.887  11.554 0.0000000000
79913  -34.899  41.032  7.437 0.0000000000
79914  -35.049  40.930  7.541 0.0000000000
79923  -34.724  40.932  7.311 0.0000000000
79924  -34.807  41.158  7.254 0.0000000000
79926  -36.323  42.529  6.077 0.0000000000
79934  -35.694  40.905  3.774 0.0000000000
79936  -37.126  42.716  6.117 0.0000000000
79954  -36.138  40.131  3.406 0.0000000000
79969  -42.227  41.652  1.189 0.0000000000
79977  -38.004  40.425  1.221 0.0000000000
79982  -42.044  42.073  1.550 0.0000000000
79996  -38.223  41.638  0.382 0.0000000000
79999  -40.423  42.034  0.514 0.0000000000
80000  -42.265  41.681  0.726 0.0000000000
80017  -40.180  41.445  -0.033 0.0000000000
80019  -41.026  40.953  -0.099 0.0000000000
80067  -41.616  41.068  -2.268 0.0000000000
80505  -38.629  43.533  11.456 0.0000000000
80546  -38.342  43.517  9.897 0.0000000000
80548  -39.492  43.816  10.118 0.0000000000
80577  -38.287  43.610  5.143 0.0000000000
80582  -38.588  43.198  4.688 0.0000000000
80587  -32.445  43.023  3.210 0.0000000000
80597  -32.384  43.125  2.886 0.0000000000
80598  -39.691  42.298  3.092 0.0000000000
80599  -40.465  42.689  3.290 0.0000000000
80601  -43.207  43.114  1.347 0.0000000000
80602  -43.895  43.272  0.877 0.0000000000
80603  -44.065  43.517  0.843 0.0000000000
80612  -40.126  43.005  1.451 0.0000000000
80616  -43.472  42.527  1.257 0.0000000000
80617  -43.684  43.466  0.834 0.0000000000
80626  -36.865  42.542  0.548 0.0000000000
80630  -40.487  42.510  0.948 0.0000000000
80632  -43.726  42.675  0.680 0.0000000000
80645  -38.176  42.011  -0.608 0.0000000000
80647  -41.307  42.121  0.520 0.0000000000
80648  -41.816  42.204  0.459 0.0000000000
80649  -42.127  41.957  0.500 0.0000000000
80659  -36.545  42.972  -1.026 0.0000000000
80697  -42.847  42.568  -5.079 0.0000000000
80698  -43.458  43.008  -5.210 0.0000000000
80710  -42.034  42.585  -5.581 0.0000000000
80711  -43.300  42.838  -5.742 0.0000000000
80712  -43.477  43.614  -5.410 0.0000000000
80720  -43.074  43.044  -6.360 0.0000000000
80722  -43.411  44.511  -5.525 0.0000000000
81186  -39.153  44.144  7.582 0.0000000000
81187  -39.167  44.384  7.578 0.0000000000
81193  -38.763  43.960  7.542 0.0000000000
81202  -33.896  43.298  6.774 0.0000000000
81203  -34.333  43.471  6.796 0.0000000000
81205  -38.293  44.401  7.270 0.0000000000
81208  -30.390  43.208  5.492 0.0000000000
81218  -29.437  43.627  4.960 0.0000000000
81239  -40.613  43.714  4.265 0.0000000000
81255  -43.263  43.723  1.181 0.0000000000
81257  -44.025  43.399  0.713 0.0000000000
81274  -43.018  43.487  1.071 0.0000000000
81275  -43.557  43.333  0.684 0.0000000000
81276  -43.912  42.890  0.302 0.0000000000
81282  -32.738  43.715  1.008 0.0000000000
81287  -41.296  43.022  1.412 0.0000000000
81288  -41.803  43.326  1.059 0.0000000000
81289  -42.829  43.257  0.692 0.0000000000
81290  -42.977  42.758  0.593 0.0000000000
81291  -43.492  42.766  0.484 0.0000000000
81298  -35.746  43.366  -0.543 0.0000000000
81301  -41.678  42.923  0.724 0.0000000000
81302  -42.166  42.801  0.529 0.0000000000
81303  -42.308  42.395  0.552 0.0000000000
81314  -39.340  43.839  -1.965 0.0000000000
81354  -42.492  43.001  -4.520 0.0000000000
81355  -43.303  43.106  -4.764 0.0000000000
81356  -43.495  43.568  -4.993 0.0000000000
81384  -43.205  43.793  -6.296 0.0000000000
81867  -38.932  44.205  7.495 0.0000000000
81868  -39.140  44.695  7.411 0.0000000000
81880  -38.674  44.504  7.379 0.0000000000
81894  -34.074  43.784  6.909 0.0000000000
81902  -29.866  43.649  5.675 0.0000000000
81903  -34.032  44.366  6.912 0.0000000000
81914  -29.635  44.602  3.871 0.0000000000
81924  -32.157  44.476  1.880 0.0000000000
81930  -41.280  44.294  3.737 0.0000000000
81935  -42.333  43.461  1.049 0.0000000000
81936  -42.549  43.404  0.870 0.0000000000
81943  -42.002  43.330  0.810 0.0000000000
81944  -42.207  43.167  0.651 0.0000000000
81951  -41.872  43.141  0.708 0.0000000000
81952  -42.055  43.035  0.577 0.0000000000
81964  -40.886  44.064  -3.422 0.0000000000
81965  -43.273  44.873  -4.451 0.0000000000
81974  -41.378  43.951  -3.769 0.0000000000
81975  -42.148  44.225  -4.298 0.0000000000
81977  -43.683  44.507  -4.773 0.0000000000
81989  -42.992  43.639  -4.503 0.0000000000
81990  -43.351  43.824  -4.765 0.0000000000
82460  -33.056  45.186  8.776 0.0000000000
82461  -33.236  45.279  8.479 0.0000000000
82476  -32.912  45.214  8.474 0.0000000000
82477  -33.447  45.230  8.184 0.0000000000
82521  -35.538  44.614  5.919 0.0000000000
82528  -27.601  45.831  3.659 0.0000000000
82533  -32.573  46.471  2.256 0.0000000000
82544  -32.287  45.836  2.110 0.0000000000
82545  -32.827  46.401  1.777 0.0000000000
82565  -32.885  45.224  -0.597 0.0000000000
82589  -41.079  44.941  -3.464 0.0000000000
82590  -42.089  45.004  -3.533 0.0000000000
82597  -41.595  44.536  -3.665 0.0000000000
82598  -43.685  46.120  -4.232 0.0000000000
82599  -43.312  45.719  -4.552 0.0000000000
82606  -40.517  45.521  -4.855 0.0000000000
82608  -42.340  45.600  -4.721 0.0000000000
82610  -43.808  45.432  -4.704 0.0000000000
82627  -41.415  45.112  -5.428 0.0000000000
82628  -42.508  45.145  -5.415 0.0000000000
83100  -33.162  45.429  8.658 0.0000000000
83122  -32.318  45.522  8.775 0.0000000000
83124  -34.419  46.093  7.906 0.0000000000
83139  -32.078  45.118  8.264 0.0000000000
83184  -33.331  46.767  1.155 0.0000000000
83216  -32.762  45.698  -1.081 0.0000000000
83233  -42.858  45.327  -3.896 0.0000000000
83238  -40.891  46.126  -3.431 0.0000000000
83239  -42.133  46.051  -3.527 0.0000000000
83240  -43.180  46.114  -3.565 0.0000000000
83250  -40.672  45.595  -3.965 0.0000000000
83252  -42.851  46.376  -4.108 0.0000000000
83887  -38.484  47.371  -1.842 0.0000000000
83888  -39.254  47.415  -1.858 0.0000000000
83890  -41.212  48.123  -1.497 0.0000000000
83891  -41.438  48.202  -1.649 0.0000000000
83903  -36.457  47.353  -2.924 0.0000000000
83907  -41.095  47.671  -1.857 0.0000000000
83908  -41.433  47.925  -1.920 0.0000000000
83912  -36.431  47.979  -3.496 0.0000000000
84512  -33.121  48.432  1.019 0.0000000000
84566  -39.680  47.733  -1.777 0.0000000000
84567  -40.169  48.171  -1.410 0.0000000000
84568  -40.988  48.414  -0.996 0.0000000000
84569  -41.583  48.482  -1.215 0.0000000000
84585  -38.975  47.692  -2.257 0.0000000000
84587  -40.692  48.256  -2.142 0.0000000000
84588  -41.491  48.366  -1.885 0.0000000000
84593  -35.599  48.679  -3.229 0.0000000000
85205  -40.276  48.264  -1.303 0.0000000000
85206  -40.710  48.433  -1.103 0.0000000000
85207  -41.098  48.930  -0.785 0.0000000000
85220  -40.030  48.366  -1.405 0.0000000000
85221  -40.410  48.259  -1.319 0.0000000000
85222  -41.094  48.235  -1.293 0.0000000000
99403  -42.622  31.380  -3.020 0.0000000000
99404  -43.254  32.444  -0.907 0.0000000000
99405  -43.070  32.238  -1.330 0.0000000000
99407  -42.729  32.294  -1.254 0.0000000000
99408  -43.338  32.487  -0.483 0.0000000000
99410  -41.424  31.426  -2.870 0.0000000000
99411  -41.731  32.169  -1.424 0.0000000000
99412  -40.414  31.640  -2.506 0.0000000000
99413  -43.602  32.448  -0.421 0.0000000000
99414  -40.741  32.634  -0.835 0.0000000000
99416  -41.081  32.545  -0.964 0.0000000000
99417  -40.574  32.753  -0.693 0.0000000000
99823  -44.052  36.955  3.484 0.0000000000
99828  -46.193  37.670  3.404 0.0000000000
99829  -45.599  37.842  3.454 0.0000000000
99951  -40.555  40.528  -2.663 0.0000000000
99959  -41.049  40.755  -1.803 0.0000000000
99960  -41.383  40.531  -2.380 0.0000000000
99961  -40.938  40.798  -1.334 0.0000000000
99964  -41.241  40.572  0.026 0.0000000000
99965  -40.444  41.463  -2.971 0.0000000000
99971  -41.282  41.010  -2.210 0.0000000000
99972  -40.634  40.358  -3.265 0.0000000000
99973  -40.701  40.047  -0.808 0.0000000000
99974  -41.466  40.751  -1.388 0.0000000000
99975  -41.461  40.958  -2.986 0.0000000000
99978  -39.858  41.068  -3.608 0.0000000000
99981  -40.842  41.524  -4.276 0.0000000000
99984  -41.137  41.081  -0.855 0.0000000000
99985  -40.595  41.548  -4.474 0.0000000000
99987  -40.022  42.949  -3.431 0.0000000000
99988  -41.060  43.361  -3.533 0.0000000000
100014  -42.250  41.737  1.219 0.0000000000
100015  -42.235  41.914  1.377 0.0000000000
100583  -33.153  48.209  0.099 0.0000000000
