#!ascii label  , from subject output2 vox2ras=TkReg
230
42822  -22.847  -3.120  -25.922 0.0000000000
40039  -22.802  -6.604  -22.245 0.0000000000
39006  -24.372  -5.949  -21.764 0.0000000000
37035  -23.329  -9.114  -19.077 0.0000000000
98662  -19.103  10.560  -33.165 0.0000000000
51625  -21.681  6.627  -31.199 0.0000000000
45811  -19.976  0.938  -28.435 0.0000000000
33353  -23.623  -12.816  -19.102 0.0000000000
38001  -23.263  -8.179  -20.714 0.0000000000
37961  -22.656  -9.144  -19.602 0.0000000000
54133  -20.813  8.678  -32.149 0.0000000000
51618  -21.511  7.053  -29.027 0.0000000000
41919  -21.798  -3.916  -25.387 0.0000000000
96922  -20.418  -1.002  -26.905 0.0000000000
96926  -21.864  -1.365  -26.673 0.0000000000
45813  -21.425  1.651  -27.952 0.0000000000
43787  -22.896  -1.793  -27.371 0.0000000000
42824  -23.907  -3.127  -25.446 0.0000000000
41033  -21.520  -5.025  -24.447 0.0000000000
41034  -22.417  -4.999  -24.448 0.0000000000
41895  -23.730  -4.582  -24.113 0.0000000000
39005  -24.187  -6.705  -22.321 0.0000000000
38956  -24.002  -6.959  -19.602 0.0000000000
37037  -24.676  -8.032  -18.153 0.0000000000
49745  -18.630  4.091  -28.825 0.0000000000
48819  -20.183  3.912  -28.578 0.0000000000
48813  -21.612  3.976  -28.292 0.0000000000
36069  -22.321  -10.805  -19.291 0.0000000000
36070  -23.101  -10.330  -18.580 0.0000000000
37981  -22.394  -8.828  -20.261 0.0000000000
37034  -21.776  -9.247  -20.325 0.0000000000
53343  -19.702  8.711  -29.579 0.0000000000
52559  -19.284  7.902  -28.235 0.0000000000
41920  -22.638  -3.741  -25.446 0.0000000000
96923  -22.075  -1.842  -25.127 0.0000000000
96930  -22.746  -2.093  -26.227 0.0000000000
43791  -22.267  -1.316  -27.240 0.0000000000
96929  -22.917  -2.622  -26.469 0.0000000000
43780  -23.562  -2.577  -26.272 0.0000000000
42823  -23.417  -2.962  -26.028 0.0000000000
40057  -22.190  -6.305  -23.228 0.0000000000
41017  -22.412  -5.611  -23.780 0.0000000000
40058  -23.390  -6.379  -23.065 0.0000000000
39004  -23.648  -6.811  -22.298 0.0000000000
37982  -23.254  -8.511  -19.563 0.0000000000
38002  -23.535  -7.574  -19.865 0.0000000000
37983  -24.166  -7.599  -19.025 0.0000000000
37036  -23.656  -8.598  -18.524 0.0000000000
55700  -17.896  10.770  -32.758 0.0000000000
57520  -17.667  11.998  -32.051 0.0000000000
55704  -18.251  11.730  -32.961 0.0000000000
56587  -19.510  12.132  -32.524 0.0000000000
54930  -20.219  11.314  -33.682 0.0000000000
52562  -20.948  7.390  -31.958 0.0000000000
44788  -20.434  -0.040  -27.525 0.0000000000
46868  -19.563  1.421  -28.333 0.0000000000
47877  -19.474  2.323  -28.551 0.0000000000
48810  -19.719  3.458  -28.572 0.0000000000
47885  -20.207  2.384  -28.576 0.0000000000
45814  -21.646  1.868  -28.623 0.0000000000
46880  -21.606  1.676  -29.487 0.0000000000
46876  -21.622  1.922  -29.169 0.0000000000
41019  -24.286  -5.005  -23.188 0.0000000000
35124  -22.539  -12.118  -19.075 0.0000000000
35144  -22.531  -11.878  -19.634 0.0000000000
35161  -23.670  -11.663  -19.703 0.0000000000
40019  -22.232  -7.171  -22.151 0.0000000000
38975  -22.903  -7.327  -21.512 0.0000000000
38000  -22.293  -8.298  -21.194 0.0000000000
37962  -23.034  -9.115  -19.364 0.0000000000
54915  -18.550  10.014  -32.073 0.0000000000
54138  -20.046  9.712  -32.846 0.0000000000
54124  -19.768  8.626  -31.053 0.0000000000
53344  -20.706  8.416  -30.479 0.0000000000
51624  -21.533  6.543  -29.902 0.0000000000
41918  -20.787  -4.207  -25.376 0.0000000000
44756  -21.248  -1.899  -25.291 0.0000000000
96924  -21.454  -1.240  -26.328 0.0000000000
44793  -20.495  0.640  -28.211 0.0000000000
44796  -20.591  0.970  -28.490 0.0000000000
43795  -21.650  -0.462  -27.476 0.0000000000
44790  -22.016  0.209  -27.671 0.0000000000
44787  -22.696  -0.671  -27.470 0.0000000000
44783  -23.490  -1.332  -27.035 0.0000000000
33341  -23.640  -12.514  -17.586 0.0000000000
34263  -24.365  -12.070  -18.416 0.0000000000
41910  -21.563  -4.494  -24.926 0.0000000000
41911  -22.467  -4.421  -25.023 0.0000000000
41912  -23.272  -4.194  -25.039 0.0000000000
41018  -23.413  -5.377  -23.746 0.0000000000
40059  -24.363  -5.990  -22.923 0.0000000000
38993  -24.051  -6.493  -21.202 0.0000000000
38992  -23.799  -7.124  -21.774 0.0000000000
38976  -23.497  -7.022  -20.612 0.0000000000
37984  -25.311  -8.192  -19.089 0.0000000000
54139  -20.979  10.089  -32.864 0.0000000000
50678  -19.778  5.948  -28.708 0.0000000000
50668  -20.424  5.460  -28.984 0.0000000000
50669  -21.099  5.706  -28.656 0.0000000000
46879  -20.927  1.740  -29.227 0.0000000000
48812  -20.968  3.769  -28.596 0.0000000000
50660  -21.487  5.759  -28.467 0.0000000000
41913  -23.909  -3.963  -24.543 0.0000000000
41896  -24.454  -4.028  -23.600 0.0000000000
37011  -21.358  -10.065  -20.092 0.0000000000
37012  -21.907  -9.688  -19.776 0.0000000000
37013  -22.754  -9.626  -19.096 0.0000000000
37014  -23.362  -9.446  -18.554 0.0000000000
35145  -24.030  -11.091  -18.798 0.0000000000
36071  -23.799  -9.660  -17.718 0.0000000000
96927  -22.704  -2.266  -25.777 0.0000000000
41921  -23.157  -3.565  -25.587 0.0000000000
98661  -18.671  10.655  -33.080 0.0000000000
56580  -17.794  11.684  -32.618 0.0000000000
55708  -18.692  11.661  -33.405 0.0000000000
55709  -19.067  10.744  -33.715 0.0000000000
52569  -21.440  7.388  -32.271 0.0000000000
50681  -21.475  6.353  -30.482 0.0000000000
44792  -19.948  0.589  -28.078 0.0000000000
45816  -19.764  1.244  -28.390 0.0000000000
46872  -19.710  1.712  -28.475 0.0000000000
47878  -20.075  1.927  -28.530 0.0000000000
45817  -20.143  1.401  -28.514 0.0000000000
45807  -22.403  1.054  -28.486 0.0000000000
40060  -24.394  -5.225  -22.091 0.0000000000
34279  -23.092  -12.637  -19.359 0.0000000000
34296  -23.273  -12.225  -19.842 0.0000000000
35160  -23.082  -11.725  -20.040 0.0000000000
34280  -23.878  -12.279  -19.482 0.0000000000
54131  -19.538  9.641  -31.831 0.0000000000
52560  -20.914  7.970  -29.065 0.0000000000
52561  -21.183  7.425  -30.621 0.0000000000
42820  -21.141  -3.254  -25.415 0.0000000000
43779  -21.435  -2.245  -25.206 0.0000000000
96928  -22.381  -1.351  -25.846 0.0000000000
96921  -21.611  -1.120  -25.632 0.0000000000
43790  -21.315  -1.317  -27.181 0.0000000000
43793  -20.832  -0.862  -27.401 0.0000000000
43794  -21.251  -0.725  -27.467 0.0000000000
44789  -21.150  0.162  -27.633 0.0000000000
45795  -23.099  -0.766  -27.336 0.0000000000
44782  -23.007  -1.482  -27.448 0.0000000000
32499  -23.428  -12.665  -17.438 0.0000000000
41909  -20.674  -4.458  -25.094 0.0000000000
41035  -23.077  -4.772  -24.524 0.0000000000
38991  -23.454  -6.873  -21.870 0.0000000000
38977  -24.264  -6.497  -19.986 0.0000000000
54132  -20.508  9.294  -32.135 0.0000000000
53351  -21.344  9.405  -32.513 0.0000000000
44770  -20.620  -1.592  -25.440 0.0000000000
50658  -18.173  4.839  -29.478 0.0000000000
50666  -19.103  5.431  -29.262 0.0000000000
49754  -19.349  4.740  -29.369 0.0000000000
48818  -19.909  4.137  -28.665 0.0000000000
49755  -19.680  4.444  -28.987 0.0000000000
49756  -20.293  4.611  -28.961 0.0000000000
44797  -21.036  0.979  -28.260 0.0000000000
45818  -20.646  1.660  -28.557 0.0000000000
46874  -21.266  1.382  -29.147 0.0000000000
47887  -20.865  2.684  -28.895 0.0000000000
49747  -21.153  5.003  -28.597 0.0000000000
35143  -21.709  -11.245  -19.265 0.0000000000
36068  -21.367  -10.514  -19.675 0.0000000000
36087  -23.030  -11.334  -19.118 0.0000000000
37980  -21.591  -8.748  -20.663 0.0000000000
54123  -18.568  9.080  -30.690 0.0000000000
51617  -19.998  6.675  -29.376 0.0000000000
42821  -22.231  -2.779  -25.253 0.0000000000
96925  -22.415  -1.981  -25.363 0.0000000000
43792  -22.698  -2.072  -26.706 0.0000000000
43788  -23.288  -2.246  -26.957 0.0000000000
42807  -23.655  -3.541  -25.234 0.0000000000
41016  -21.413  -5.591  -23.828 0.0000000000
36088  -24.219  -8.640  -17.782 0.0000000000
56577  -17.212  11.388  -32.041 0.0000000000
55707  -18.820  11.906  -32.808 0.0000000000
53346  -20.777  7.571  -32.133 0.0000000000
53352  -20.717  8.113  -32.858 0.0000000000
46867  -19.130  1.837  -28.410 0.0000000000
46871  -19.204  2.189  -28.529 0.0000000000
47883  -18.836  3.113  -28.623 0.0000000000
48809  -19.003  3.287  -28.614 0.0000000000
49746  -19.228  3.819  -28.606 0.0000000000
46878  -20.838  2.033  -28.771 0.0000000000
45819  -21.489  1.374  -28.928 0.0000000000
45820  -22.122  1.880  -29.709 0.0000000000
46881  -21.829  1.745  -29.597 0.0000000000
47888  -21.833  2.192  -29.508 0.0000000000
36086  -22.593  -11.740  -19.326 0.0000000000
55698  -16.746  10.547  -31.526 0.0000000000
55701  -18.620  10.502  -32.688 0.0000000000
54922  -19.004  10.480  -32.757 0.0000000000
54921  -19.317  10.211  -32.774 0.0000000000
54125  -20.446  8.600  -31.493 0.0000000000
52568  -21.478  6.929  -31.051 0.0000000000
50680  -21.369  6.335  -29.386 0.0000000000
96918  -20.997  -1.390  -25.886 0.0000000000
45812  -20.217  0.984  -28.487 0.0000000000
44794  -21.179  0.840  -28.394 0.0000000000
44795  -21.882  0.961  -28.365 0.0000000000
45801  -22.965  0.244  -27.653 0.0000000000
33340  -23.364  -13.088  -18.247 0.0000000000
33354  -23.863  -12.657  -18.682 0.0000000000
54926  -20.158  10.627  -33.239 0.0000000000
54927  -20.960  11.100  -33.575 0.0000000000
53360  -21.954  9.054  -32.622 0.0000000000
50667  -19.967  5.282  -29.357 0.0000000000
51623  -20.837  6.225  -28.739 0.0000000000
50679  -20.777  6.047  -29.003 0.0000000000
46873  -20.820  1.858  -28.586 0.0000000000
47886  -20.921  2.288  -28.605 0.0000000000
48820  -20.497  3.765  -28.575 0.0000000000
49757  -20.614  4.423  -28.684 0.0000000000
50670  -21.793  7.166  -28.814 0.0000000000
34297  -23.537  -12.029  -19.827 0.0000000000
44771  -21.446  -1.461  -25.151 0.0000000000
45810  -19.545  1.102  -28.149 0.0000000000
46875  -21.770  1.480  -29.881 0.0000000000
47884  -19.284  2.843  -28.575 0.0000000000
48811  -20.413  3.190  -28.584 0.0000000000
50659  -21.295  5.197  -28.493 0.0000000000
52563  -20.988  7.479  -32.208 0.0000000000
52570  -21.218  7.480  -32.276 0.0000000000
53345  -20.521  7.766  -31.861 0.0000000000
53353  -20.879  7.581  -32.400 0.0000000000
54916  -18.924  10.240  -32.497 0.0000000000
55705  -18.803  10.526  -32.850 0.0000000000
56583  -18.221  11.945  -32.624 0.0000000000
56584  -19.040  10.490  -32.944 0.0000000000
56585  -18.876  10.439  -33.162 0.0000000000
