#!ascii label  , from subject output2 vox2ras=TkReg
601
37012  -21.907  -9.688  -19.776 0.5555555820
37961  -22.656  -9.144  -19.602 0.6666666865
37982  -23.254  -8.511  -19.563 0.7777777910
38001  -23.263  -8.179  -20.714 0.8888888955
38976  -23.497  -7.022  -20.612 0.8888888955
36068  -21.367  -10.514  -19.675 0.5555555820
37981  -22.394  -8.828  -20.261 0.6666666865
38992  -23.799  -7.124  -21.774 1.0000000000
38993  -24.051  -6.493  -21.202 1.0000000000
37980  -21.591  -8.748  -20.663 0.7777777910
38975  -22.903  -7.327  -21.512 1.0000000000
40039  -22.802  -6.604  -22.245 1.0000000000
39004  -23.648  -6.811  -22.298 1.0000000000
40058  -23.390  -6.379  -23.065 1.0000000000
40059  -24.363  -5.990  -22.923 1.0000000000
41018  -23.413  -5.377  -23.746 1.0000000000
41895  -23.730  -4.582  -24.113 1.0000000000
40057  -22.190  -6.305  -23.228 0.8888888955
41017  -22.412  -5.611  -23.780 1.0000000000
41035  -23.077  -4.772  -24.524 1.0000000000
41912  -23.272  -4.194  -25.039 1.0000000000
41913  -23.909  -3.963  -24.543 0.7777777910
41033  -21.520  -5.025  -24.447 0.5555555820
41910  -21.563  -4.494  -24.926 0.7777777910
41034  -22.417  -4.999  -24.448 1.0000000000
41911  -22.467  -4.421  -25.023 0.8888888955
41921  -23.157  -3.565  -25.587 0.8888888955
42823  -23.417  -2.962  -26.028 0.8888888955
43780  -23.562  -2.577  -26.272 0.7777777910
42824  -23.907  -3.127  -25.446 0.6666666865
42819  -20.078  -3.536  -25.469 0.4444444478
41918  -20.787  -4.207  -25.376 0.7777777910
42820  -21.141  -3.254  -25.415 0.6666666865
42821  -22.231  -2.779  -25.253 0.7777777910
41920  -22.638  -3.741  -25.446 0.8888888955
96927  -22.704  -2.266  -25.777 1.0000000000
42822  -22.847  -3.120  -25.922 1.0000000000
96929  -22.917  -2.622  -26.469 1.0000000000
43788  -23.288  -2.246  -26.957 0.7777777910
43781  -24.161  -2.538  -25.749 0.5555555820
43789  -23.935  -1.802  -26.519 0.6666666865
96918  -20.997  -1.390  -25.886 0.6666666865
43765  -20.710  -2.103  -25.261 0.6666666865
96923  -22.075  -1.842  -25.127 0.7777777910
96921  -21.611  -1.120  -25.632 0.7777777910
96925  -22.415  -1.981  -25.363 0.8888888955
96928  -22.381  -1.351  -25.846 1.0000000000
43792  -22.698  -2.072  -26.706 1.0000000000
43787  -22.896  -1.793  -27.371 0.8888888955
43791  -22.267  -1.316  -27.240 0.8888888955
44787  -22.696  -0.671  -27.470 0.7777777910
44783  -23.490  -1.332  -27.035 0.7777777910
96922  -20.418  -1.002  -26.905 0.6666666865
44770  -20.620  -1.592  -25.440 0.5555555820
96924  -21.454  -1.240  -26.328 0.8888888955
43790  -21.315  -1.317  -27.181 0.8888888955
43794  -21.251  -0.725  -27.467 1.0000000000
96926  -21.864  -1.365  -26.673 1.0000000000
43795  -21.650  -0.462  -27.476 1.0000000000
44795  -21.882  0.961  -28.365 0.7777777910
45801  -22.965  0.244  -27.653 0.6666666865
45796  -23.352  -0.196  -26.738 0.5555555820
45805  -20.135  0.168  -27.641 0.6666666865
43793  -20.832  -0.862  -27.401 0.8888888955
44793  -20.495  0.640  -28.211 1.0000000000
44789  -21.150  0.162  -27.633 1.0000000000
44794  -21.179  0.840  -28.394 0.8888888955
45813  -21.425  1.651  -27.952 0.8888888955
44790  -22.016  0.209  -27.671 0.8888888955
45814  -21.646  1.868  -28.623 0.7777777910
45807  -22.403  1.054  -28.486 0.7777777910
46880  -21.606  1.676  -29.487 0.7777777910
45815  -21.673  1.869  -28.001 0.5555555820
46865  -22.193  1.828  -27.758 0.5555555820
46876  -21.622  1.922  -29.169 0.6666666865
46861  -18.934  1.634  -28.137 0.4444444478
44791  -19.249  1.208  -27.904 0.5555555820
45816  -19.764  1.244  -28.390 0.7777777910
45811  -19.976  0.938  -28.435 0.8888888955
45812  -20.217  0.984  -28.487 1.0000000000
44796  -20.591  0.970  -28.490 0.8888888955
45818  -20.646  1.660  -28.557 0.8888888955
44797  -21.036  0.979  -28.260 0.8888888955
46874  -21.266  1.382  -29.147 0.8888888955
45819  -21.489  1.374  -28.928 0.8888888955
46881  -21.829  1.745  -29.597 0.6666666865
46877  -22.157  2.203  -28.776 0.5555555820
49745  -18.630  4.091  -28.825 0.6666666865
47883  -18.836  3.113  -28.623 0.6666666865
49746  -19.228  3.819  -28.606 0.7777777910
47885  -20.207  2.384  -28.576 0.8888888955
48810  -19.719  3.458  -28.572 0.7777777910
46878  -20.838  2.033  -28.771 0.7777777910
48819  -20.183  3.912  -28.578 0.7777777910
46879  -20.927  1.740  -29.227 0.8888888955
48820  -20.497  3.765  -28.575 0.7777777910
47886  -20.921  2.288  -28.605 0.7777777910
47887  -20.865  2.684  -28.895 0.6666666865
50669  -21.099  5.706  -28.656 0.6666666865
49747  -21.153  5.003  -28.597 0.6666666865
48812  -20.968  3.769  -28.596 0.6666666865
50660  -21.487  5.759  -28.467 0.6666666865
48813  -21.612  3.976  -28.292 0.5555555820
47879  -21.323  2.361  -29.022 0.4444444478
49748  -22.029  5.393  -28.574 0.5555555820
53342  -18.156  8.344  -29.568 0.3333333433
51616  -18.620  6.568  -28.664 0.3333333433
50666  -19.103  5.431  -29.262 0.5555555820
49754  -19.349  4.740  -29.369 0.6666666865
51617  -19.998  6.675  -29.376 0.5555555820
49755  -19.680  4.444  -28.987 0.7777777910
51623  -20.837  6.225  -28.739 0.6666666865
49756  -20.293  4.611  -28.961 0.6666666865
50668  -20.424  5.460  -28.984 0.6666666865
50680  -21.369  6.335  -29.386 0.6666666865
51625  -21.681  6.627  -31.199 0.6666666865
50670  -21.793  7.166  -28.814 0.5555555820
50681  -21.475  6.353  -30.482 0.6666666865
52559  -19.284  7.902  -28.235 0.4444444478
50678  -19.778  5.948  -28.708 0.6666666865
51618  -21.511  7.053  -29.027 0.6666666865
50679  -20.777  6.047  -29.003 0.6666666865
51624  -21.533  6.543  -29.902 0.6666666865
52568  -21.478  6.929  -31.051 0.6666666865
52569  -21.440  7.388  -32.271 0.6666666865
51635  -22.172  7.300  -32.325 0.5555555820
51626  -22.392  6.933  -31.584 0.6666666865
54122  -17.102  9.255  -30.515 0.4444444478
53343  -19.702  8.711  -29.579 0.6666666865
52560  -20.914  7.970  -29.065 0.6666666865
53344  -20.706  8.416  -30.479 0.6666666865
52562  -20.948  7.390  -31.958 0.6666666865
38000  -22.293  -8.298  -21.194 1.0000000000
38991  -23.454  -6.873  -21.870 1.0000000000
39005  -24.187  -6.705  -22.321 1.0000000000
43778  -20.572  -2.358  -25.249 0.5555555820
96920  -19.945  -0.306  -27.325 0.5555555820
46867  -19.130  1.837  -28.410 0.5555555820
44788  -20.434  -0.040  -27.525 0.7777777910
47872  -18.780  2.563  -28.501 0.2222222239
47888  -21.833  2.192  -29.508 0.6666666865
48818  -19.909  4.137  -28.665 0.7777777910
54123  -18.568  9.080  -30.690 0.6666666865
44781  -20.026  -1.194  -26.081 0.4444444478
50682  -22.140  7.505  -30.605 0.5555555820
36069  -22.321  -10.805  -19.291 0.5555555820
37013  -22.754  -9.626  -19.096 0.6666666865
37962  -23.034  -9.115  -19.364 0.5555555820
38002  -23.535  -7.574  -19.865 0.7777777910
35143  -21.709  -11.245  -19.265 0.5555555820
38956  -24.002  -6.959  -19.602 0.7777777910
37034  -21.776  -9.247  -20.325 0.5555555820
41019  -24.286  -5.005  -23.188 0.8888888955
41896  -24.454  -4.028  -23.600 0.6666666865
40018  -21.750  -7.247  -22.285 0.5555555820
40056  -21.116  -6.225  -23.342 0.4444444478
42808  -24.388  -3.268  -24.561 0.5555555820
43767  -24.534  -2.828  -25.061 0.5555555820
41032  -20.690  -4.866  -24.379 0.2222222239
44784  -24.041  -0.981  -26.483 0.5555555820
44780  -19.094  -1.248  -26.316 0.3333333433
45804  -19.167  1.124  -27.710 0.4444444478
46857  -23.342  0.947  -27.609 0.4444444478
46866  -18.639  2.101  -28.257 0.3333333433
47889  -21.919  2.876  -28.858 0.4444444478
52558  -17.406  7.395  -28.400 0.3333333433
50658  -18.173  4.839  -29.478 0.4444444478
49758  -22.216  6.816  -28.726 0.4444444478
54124  -19.768  8.626  -31.053 0.6666666865
54125  -20.446  8.600  -31.493 0.6666666865
54133  -20.813  8.678  -32.149 0.6666666865
53352  -20.717  8.113  -32.858 0.6666666865
51627  -22.412  8.003  -31.436 0.3333333433
37011  -21.358  -10.065  -20.092 0.5555555820
40019  -22.232  -7.171  -22.151 0.8888888955
40038  -21.726  -6.778  -22.627 0.6666666865
42807  -23.655  -3.541  -25.234 0.8888888955
41016  -21.413  -5.591  -23.828 0.5555555820
41909  -20.674  -4.458  -25.094 0.6666666865
41919  -21.798  -3.916  -25.387 0.8888888955
41917  -20.222  -4.350  -25.560 0.3333333433
44756  -21.248  -1.899  -25.291 0.6666666865
43779  -21.435  -2.245  -25.206 0.7777777910
96930  -22.746  -2.093  -26.227 1.0000000000
44782  -23.007  -1.482  -27.448 0.7777777910
45795  -23.099  -0.766  -27.336 0.7777777910
44769  -19.769  -1.680  -25.439 0.4444444478
46862  -19.740  0.140  -27.585 0.5555555820
44792  -19.948  0.589  -28.078 0.6666666865
45820  -22.122  1.880  -29.709 0.8888888955
46870  -21.819  2.117  -27.811 0.5555555820
46868  -19.563  1.421  -28.333 0.5555555820
46872  -19.710  1.712  -28.475 0.7777777910
46873  -20.820  1.858  -28.586 0.8888888955
45817  -20.143  1.401  -28.514 0.7777777910
47880  -22.090  2.760  -28.117 0.5555555820
48809  -19.003  3.287  -28.614 0.6666666865
47877  -19.474  2.323  -28.551 0.7777777910
46871  -19.204  2.189  -28.529 0.7777777910
47876  -18.758  3.044  -28.617 0.6666666865
47878  -20.075  1.927  -28.530 0.7777777910
49757  -20.614  4.423  -28.684 0.6666666865
50667  -19.967  5.282  -29.357 0.7777777910
52561  -21.183  7.425  -30.621 0.6666666865
53346  -20.777  7.571  -32.133 0.6666666865
96919  -19.807  -0.931  -26.611 0.4444444478
96915  -19.536  -1.027  -26.537 0.4444444478
50671  -22.559  7.743  -29.083 0.3333333433
51636  -22.355  8.341  -31.954 0.3333333433
37983  -24.166  -7.599  -19.025 0.6666666865
39006  -24.372  -5.949  -21.764 0.7777777910
96916  -19.332  -0.525  -26.991 0.3333333433
96914  -19.183  0.464  -27.557 0.3333333433
53360  -21.954  9.054  -32.622 0.6666666865
35145  -24.030  -11.091  -18.798 0.4444444478
35126  -24.595  -11.147  -17.729 0.2222222239
35160  -23.082  -11.725  -20.040 0.4444444478
35161  -23.670  -11.663  -19.703 0.4444444478
36087  -23.030  -11.334  -19.118 0.4444444478
36070  -23.101  -10.330  -18.580 0.4444444478
36071  -23.799  -9.660  -17.718 0.4444444478
35146  -24.400  -10.539  -17.621 0.2222222239
37014  -23.362  -9.446  -18.554 0.4444444478
36072  -25.207  -9.430  -17.597 0.1111111119
37036  -23.656  -8.598  -18.524 0.4444444478
36088  -24.219  -8.640  -17.782 0.3333333433
37035  -23.329  -9.114  -19.077 0.4444444478
37037  -24.676  -8.032  -18.153 0.3333333433
37984  -25.311  -8.192  -19.089 0.2222222239
38939  -25.892  -7.874  -19.298 0.1111111119
38977  -24.264  -6.497  -19.986 0.5555555820
38994  -24.323  -5.458  -20.336 0.4444444478
39007  -23.843  -5.241  -21.261 0.5555555820
40060  -24.394  -5.225  -22.091 0.5555555820
40061  -24.136  -4.454  -20.984 0.5555555820
41020  -24.475  -4.279  -22.196 0.3333333433
42792  -24.508  -3.588  -23.893 0.4444444478
54132  -20.508  9.294  -32.135 0.5555555820
53351  -21.344  9.405  -32.513 0.5555555820
54139  -20.979  10.089  -32.864 0.5555555820
36089  -24.770  -8.824  -17.654 0.2222222239
38957  -25.248  -7.538  -19.961 0.4444444478
44772  -24.529  -1.537  -25.971 0.4444444478
54921  -19.317  10.211  -32.774 0.5555555820
54922  -19.004  10.480  -32.757 0.5555555820
38978  -25.353  -6.098  -19.517 0.2222222239
33354  -23.863  -12.657  -18.682 0.4444444478
34263  -24.365  -12.070  -18.416 0.4444444478
35125  -23.873  -11.176  -17.751 0.2222222239
34265  -24.648  -11.099  -17.262 0.2222222239
35144  -22.531  -11.878  -19.634 0.4444444478
33353  -23.623  -12.816  -19.102 0.4444444478
36053  -25.638  -9.250  -18.198 0.1111111119
37015  -25.452  -8.614  -18.139 0.1111111119
37963  -26.018  -8.285  -18.950 0.1111111119
38940  -26.278  -7.880  -19.222 0.1111111119
41897  -24.853  -3.605  -22.452 0.2222222239
42793  -24.732  -3.414  -23.457 0.3333333433
43768  -24.934  -2.529  -24.721 0.3333333433
43782  -25.027  -2.001  -25.455 0.3333333433
48808  -18.035  2.804  -29.405 0.4444444478
46864  -23.138  1.299  -28.163 0.4444444478
48814  -22.262  3.393  -28.574 0.3333333433
54915  -18.550  10.014  -32.073 0.5555555820
54138  -20.046  9.712  -32.846 0.5555555820
54926  -20.158  10.627  -33.239 0.5555555820
54927  -20.960  11.100  -33.575 0.5555555820
55701  -18.620  10.502  -32.688 0.5555555820
36086  -22.593  -11.740  -19.326 0.4444444478
34296  -23.273  -12.225  -19.842 0.4444444478
34280  -23.878  -12.279  -19.482 0.4444444478
36991  -25.346  -8.986  -17.987 0.1111111119
35147  -25.386  -10.648  -18.151 0.1111111119
40020  -25.024  -5.169  -19.506 0.1111111119
54131  -19.538  9.641  -31.831 0.5555555820
98661  -18.671  10.655  -33.080 0.5555555820
34264  -24.025  -11.491  -17.251 0.4444444478
34279  -23.092  -12.637  -19.359 0.4444444478
35124  -22.539  -12.118  -19.075 0.4444444478
36992  -25.726  -8.880  -18.191 0.1111111119
30956  -23.700  -13.773  -13.723 0.1111111119
31718  -22.285  -13.536  -15.385 0.3333333433
31684  -23.092  -13.546  -13.721 0.2222222239
31685  -23.626  -13.306  -13.316 0.1111111119
33321  -21.752  -12.722  -16.838 0.3333333433
32487  -21.760  -13.386  -16.143 0.3333333433
31719  -22.728  -13.125  -15.536 0.3333333433
32470  -23.367  -13.524  -14.998 0.3333333433
31705  -23.434  -13.329  -14.052 0.2222222239
34241  -21.244  -12.561  -17.571 0.2222222239
32488  -22.515  -12.795  -16.286 0.3333333433
32471  -24.005  -13.487  -15.108 0.1111111119
34261  -21.568  -12.125  -18.254 0.2222222239
34242  -21.916  -12.421  -17.686 0.3333333433
34262  -22.503  -12.186  -18.337 0.3333333433
33322  -22.565  -12.465  -17.392 0.3333333433
32498  -23.285  -12.385  -17.132 0.3333333433
32489  -23.377  -12.831  -16.077 0.3333333433
32499  -23.428  -12.665  -17.438 0.3333333433
32490  -24.339  -13.120  -16.089 0.3333333433
35122  -21.175  -11.535  -18.769 0.2222222239
35123  -22.022  -11.677  -18.747 0.3333333433
33340  -23.364  -13.088  -18.247 0.3333333433
33341  -23.640  -12.514  -17.586 0.3333333433
33323  -23.871  -12.528  -16.524 0.3333333433
33342  -23.793  -12.033  -16.714 0.3333333433
42809  -25.024  -2.837  -23.601 0.2222222239
45802  -23.253  0.465  -27.165 0.3333333433
31704  -22.741  -13.551  -14.518 0.3333333433
31706  -24.355  -13.127  -13.690 0.1111111119
30935  -23.468  -14.896  -13.522 0.1111111119
30936  -24.098  -14.488  -12.966 0.1111111119
31717  -21.801  -14.131  -15.420 0.3333333433
31703  -22.123  -14.172  -14.583 0.3333333433
30973  -21.991  -13.841  -13.585 0.3333333433
31683  -22.579  -13.729  -14.013 0.3333333433
30957  -24.245  -13.388  -12.676 0.1111111119
32491  -24.788  -12.694  -15.869 0.1111111119
35142  -20.882  -11.037  -19.387 0.1111111119
46849  -23.732  0.311  -26.328 0.2222222239
38974  -21.798  -7.585  -21.817 0.5555555820
33339  -21.468  -13.191  -16.577 0.2222222239
30955  -22.614  -13.995  -14.266 0.2222222239
30972  -21.680  -14.464  -13.874 0.3333333433
32497  -21.477  -13.301  -16.353 0.2222222239
32496  -21.259  -13.383  -16.289 0.2222222239
43769  -25.460  -2.089  -23.569 0.1111111119
44757  -25.494  -1.677  -24.672 0.1111111119
44773  -25.192  -1.143  -25.440 0.1111111119
45786  -24.843  -0.540  -26.160 0.1111111119
47873  -21.916  2.813  -27.726 0.2222222239
45797  -24.054  -0.168  -26.332 0.1111111119
47890  -21.976  3.206  -28.556 0.1111111119
49749  -22.646  5.089  -28.647 0.1111111119
48815  -22.446  3.527  -28.571 0.1111111119
49759  -22.844  6.611  -28.720 0.1111111119
55698  -16.746  10.547  -31.526 0.4444444478
52576  -21.819  8.801  -32.931 0.3333333433
50683  -22.937  8.128  -30.333 0.1111111119
50691  -22.778  8.078  -31.121 0.1111111119
98662  -19.103  10.560  -33.165 0.4444444478
55708  -18.692  11.661  -33.405 0.4444444478
55709  -19.067  10.744  -33.715 0.4444444478
54930  -20.219  11.314  -33.682 0.4444444478
54931  -20.392  10.601  -33.832 0.4444444478
53367  -21.330  9.680  -33.856 0.2222222239
54145  -21.169  9.465  -34.809 0.2222222239
53368  -21.848  8.995  -34.084 0.2222222239
53369  -22.074  8.575  -34.400 0.2222222239
52577  -22.727  8.914  -32.340 0.2222222239
57536  -20.527  12.532  -34.627 0.1111111119
55720  -20.475  10.853  -35.050 0.1111111119
52599  -22.613  8.594  -33.825 0.1111111119
56577  -17.212  11.388  -32.041 0.4444444478
57520  -17.667  11.998  -32.051 0.4444444478
56580  -17.794  11.684  -32.618 0.4444444478
55704  -18.251  11.730  -32.961 0.4444444478
56588  -19.937  12.051  -33.189 0.4444444478
55712  -19.389  11.617  -33.672 0.4444444478
57530  -20.006  13.086  -33.203 0.3333333433
55714  -20.389  10.872  -35.097 0.3333333433
54938  -20.365  10.460  -35.164 0.1111111119
54939  -20.436  10.264  -35.236 0.1111111119
53378  -21.266  8.755  -35.001 0.2222222239
54157  -21.104  9.379  -34.994 0.1111111119
57516  -16.903  12.220  -31.659 0.2222222239
56582  -18.860  11.996  -32.230 0.3333333433
56587  -19.510  12.132  -32.524 0.3333333433
55713  -19.861  11.449  -34.164 0.4444444478
56590  -19.405  12.290  -33.829 0.2222222239
55718  -20.374  11.431  -34.437 0.2222222239
55719  -20.252  10.797  -35.218 0.1111111119
57531  -19.456  13.159  -33.879 0.1111111119
57534  -19.679  12.826  -34.428 0.1111111119
56595  -20.005  11.983  -34.655 0.1111111119
56596  -20.284  11.752  -34.778 0.1111111119
56579  -18.141  12.346  -32.401 0.3333333433
57523  -18.808  12.659  -31.725 0.3333333433
57522  -18.992  13.326  -31.430 0.3333333433
57526  -19.222  13.592  -31.702 0.3333333433
57527  -20.153  12.872  -31.983 0.3333333433
57528  -20.207  12.826  -32.541 0.3333333433
57529  -20.026  13.922  -32.823 0.2222222239
58401  -19.775  14.281  -33.119 0.1111111119
58402  -20.085  13.860  -33.491 0.1111111119
57535  -20.029  12.599  -34.627 0.1111111119
58415  -20.026  13.631  -34.075 0.1111111119
59263  -18.078  15.113  -32.324 0.1111111119
59268  -17.769  15.162  -32.267 0.1111111119
59274  -17.786  14.761  -32.541 0.2222222239
58395  -18.948  13.903  -32.700 0.3333333433
59279  -17.582  14.363  -33.227 0.2222222239
59280  -18.027  14.292  -33.197 0.3333333433
59285  -17.525  14.685  -33.700 0.2222222239
59286  -18.100  14.407  -34.001 0.1111111119
60148  -17.450  15.120  -34.174 0.1111111119
59287  -18.648  14.755  -33.727 0.1111111119
59288  -18.871  14.837  -33.512 0.1111111119
59289  -19.248  14.969  -33.413 0.1111111119
58414  -19.820  13.265  -34.366 0.1111111119
56597  -21.230  11.807  -34.573 0.1111111119
60906  -17.598  16.053  -32.335 0.1111111119
60124  -17.417  15.497  -32.538 0.1111111119
60909  -16.823  16.249  -32.495 0.1111111119
60918  -16.541  16.602  -32.779 0.1111111119
60919  -16.569  16.472  -33.250 0.1111111119
60140  -17.186  15.545  -33.625 0.2222222239
60931  -17.714  16.818  -33.724 0.1111111119
60149  -17.801  15.565  -34.595 0.1111111119
60160  -17.853  15.814  -35.324 0.1111111119
59302  -18.386  15.287  -34.545 0.1111111119
61648  -17.949  16.477  -32.388 0.1111111119
61649  -18.436  16.997  -31.977 0.1111111119
61657  -16.721  16.966  -32.544 0.1111111119
61658  -17.014  17.536  -32.786 0.1111111119
61668  -16.499  17.080  -32.887 0.1111111119
62412  -17.721  18.147  -32.979 0.1111111119
61680  -17.655  17.818  -33.637 0.1111111119
62405  -18.645  18.120  -31.645 0.1111111119
62406  -18.894  18.440  -31.118 0.1111111119
62404  -17.988  18.248  -32.220 0.1111111119
46858  -23.463  0.912  -26.643 0.1111111119
47863  -23.334  1.537  -27.241 0.1111111119
55700  -17.896  10.770  -32.758 0.4444444478
53359  -21.984  10.006  -33.129 0.4444444478
52587  -22.422  8.890  -33.851 0.2222222239
53379  -21.770  8.769  -34.374 0.2222222239
54158  -21.938  8.944  -34.085 0.1111111119
60131  -16.932  15.482  -32.931 0.2222222239
61653  -17.354  16.708  -32.406 0.1111111119
61669  -17.115  17.487  -33.259 0.1111111119
60944  -17.709  16.634  -34.784 0.1111111119
63279  -17.476  18.743  -32.052 0.1111111119
63273  -17.625  18.651  -31.849 0.1111111119
42811  -25.511  -2.327  -21.979 0.1111111119
47868  -23.220  1.462  -27.768 0.2222222239
54914  -17.486  10.165  -31.086 0.4444444478
55707  -18.820  11.906  -32.808 0.4444444478
60900  -18.624  15.970  -32.465 0.1111111119
61643  -18.934  16.280  -31.195 0.1111111119
61650  -18.394  17.355  -30.985 0.1111111119
61654  -17.522  17.343  -32.747 0.1111111119
62409  -18.005  18.152  -32.786 0.1111111119
42810  -25.479  -2.516  -22.566 0.1111111119
42794  -25.324  -3.194  -22.648 0.1111111119
43770  -25.616  -1.552  -22.032 0.1111111119
44758  -25.601  -0.987  -23.541 0.1111111119
45770  -25.775  -0.745  -24.746 0.1111111119
45787  -25.674  -0.336  -25.638 0.1111111119
46833  -25.439  0.089  -26.220 0.1111111119
46859  -23.908  1.350  -26.363 0.1111111119
46850  -24.588  0.716  -26.391 0.1111111119
47869  -23.154  2.440  -27.509 0.1111111119
47874  -22.658  3.813  -27.650 0.1111111119
49750  -23.448  4.807  -29.094 0.1111111119
49760  -23.924  6.163  -29.070 0.1111111119
50692  -23.380  7.765  -31.380 0.1111111119
50672  -23.877  7.644  -29.245 0.1111111119
56574  -16.432  11.382  -31.379 0.4444444478
51647  -23.560  7.855  -32.693 0.1111111119
57515  -17.188  12.880  -31.020 0.2222222239
57519  -17.976  12.731  -31.757 0.3333333433
54941  -22.152  10.093  -33.938 0.1111111119
58382  -18.646  13.529  -31.318 0.1111111119
58386  -18.520  13.879  -31.794 0.2222222239
55721  -21.256  11.087  -33.939 0.1111111119
56598  -21.751  11.584  -34.346 0.1111111119
59264  -19.108  14.402  -31.745 0.1111111119
59256  -19.103  15.080  -32.359 0.1111111119
60901  -19.089  16.041  -31.906 0.1111111119
60896  -20.022  15.749  -31.100 0.1111111119
58416  -20.658  13.305  -34.439 0.1111111119
60897  -20.511  15.751  -30.562 0.1111111119
61644  -19.071  16.744  -30.350 0.1111111119
60956  -17.096  16.200  -36.044 0.1111111119
60161  -18.036  16.110  -34.958 0.1111111119
59304  -19.510  15.133  -33.556 0.1111111119
59305  -20.045  14.319  -33.561 0.1111111119
62399  -18.788  17.751  -30.815 0.1111111119
62431  -17.616  18.505  -34.427 0.1111111119
54144  -20.998  9.929  -33.774 0.4444444478
47881  -21.872  3.596  -28.311 0.1111111119
51637  -22.927  8.482  -31.845 0.1111111119
54155  -20.799  9.905  -34.988 0.2222222239
54156  -20.907  9.570  -35.132 0.1111111119
52588  -22.521  8.832  -33.631 0.2222222239
52578  -22.959  8.766  -32.197 0.1111111119
54940  -21.097  10.031  -34.387 0.1111111119
52589  -22.877  8.780  -32.679 0.1111111119
52598  -22.183  8.489  -34.433 0.2222222239
56591  -19.616  12.132  -34.403 0.2222222239
58390  -18.405  13.723  -32.060 0.3333333433
58396  -19.103  14.090  -32.781 0.2222222239
58400  -19.294  14.005  -33.179 0.1111111119
58403  -19.932  14.541  -33.522 0.1111111119
59257  -19.970  13.624  -32.028 0.1111111119
59269  -18.049  14.509  -32.370 0.1111111119
59273  -17.553  15.050  -32.628 0.1111111119
60130  -17.250  15.370  -32.743 0.1111111119
60141  -17.455  15.861  -34.238 0.1111111119
59301  -18.032  15.000  -34.609 0.1111111119
59303  -18.878  15.324  -34.253 0.1111111119
60121  -18.219  15.433  -32.365 0.1111111119
60125  -16.852  15.751  -32.677 0.1111111119
60910  -16.578  16.124  -32.790 0.1111111119
60932  -17.714  16.241  -34.423 0.1111111119
61690  -17.527  17.937  -33.864 0.1111111119
62417  -18.067  18.257  -33.515 0.1111111119
53380  -22.010  8.748  -34.365 0.1111111119
54159  -22.348  9.320  -33.866 0.1111111119
61702  -16.829  16.958  -35.563 0.1111111119
64207  -17.450  19.282  -32.255 0.1111111119
51638  -23.080  7.535  -32.316 0.1111111119
53381  -22.558  9.184  -33.608 0.1111111119
58379  -19.071  12.295  -31.216 0.1111111119
60117  -19.938  15.025  -32.169 0.1111111119
60957  -17.866  16.210  -36.128 0.1111111119
63301  -17.602  18.921  -33.856 0.1111111119
62447  -17.190  18.214  -34.627 0.1111111119
54909  -16.814  10.207  -30.544 0.2222222239
57512  -16.391  12.143  -30.901 0.1111111119
50665  -18.247  5.637  -28.971 0.2222222239
49744  -17.382  3.688  -29.860 0.1111111119
50657  -17.744  5.114  -29.348 0.1111111119
53341  -16.126  7.956  -30.880 0.1111111119
54121  -15.940  8.866  -31.462 0.1111111119
55697  -16.588  10.281  -30.645 0.1111111119
56573  -16.516  11.211  -30.514 0.1111111119
57511  -17.144  11.929  -30.255 0.1111111119
54913  -16.553  9.830  -30.004 0.1111111119
37033  -21.131  -9.562  -20.427 0.2222222239
37999  -21.275  -8.203  -21.353 0.2222222239
42806  -19.898  -4.063  -25.389 0.1111111119
43777  -19.580  -2.581  -25.413 0.3333333433
54908  -16.384  9.747  -30.234 0.1111111119
55693  -16.532  10.741  -30.891 0.1111111119
55692  -16.687  10.405  -30.377 0.1111111119
30953  -21.836  -14.951  -13.732 0.1111111119
30954  -22.192  -14.908  -13.629 0.1111111119
30970  -21.322  -15.196  -14.274 0.1111111119
31702  -21.530  -14.612  -14.626 0.1111111119
32486  -21.117  -13.565  -15.852 0.1111111119
96913  -18.676  0.084  -27.275 0.2222222239
96906  -18.827  1.424  -27.783 0.2222222239
96898  -18.259  2.498  -28.221 0.2222222239
31701  -20.735  -14.827  -14.896 0.1111111119
31716  -21.175  -14.287  -15.317 0.1111111119
33320  -20.987  -13.348  -16.869 0.1111111119
36085  -20.996  -10.273  -20.211 0.1111111119
40037  -20.732  -6.647  -22.809 0.1111111119
48802  -17.566  3.146  -28.906 0.2222222239
49736  -17.180  3.301  -29.448 0.1111111119
30137  -21.684  -15.209  -13.735 0.1111111119
47871  -18.387  3.110  -28.586 0.2222222239
48803  -17.794  3.177  -29.569 0.1111111119
34260  -20.754  -12.027  -18.185 0.1111111119
38990  -21.201  -7.209  -22.348 0.1111111119
30971  -21.630  -14.941  -14.025 0.1111111119
30136  -21.532  -15.240  -13.929 0.1111111119
36084  -20.435  -10.127  -20.346 0.1111111119
96911  -18.173  0.903  -27.444 0.1111111119
32469  -20.477  -14.144  -15.797 0.1111111119
36067  -20.627  -10.538  -19.826 0.1111111119
49735  -17.328  3.909  -29.164 0.1111111119
49743  -17.673  4.618  -29.106 0.1111111119
51615  -17.779  6.532  -28.527 0.1111111119
50664  -18.048  5.872  -28.712 0.1111111119
30126  -21.923  -15.416  -13.426 0.1111111119
33338  -21.259  -13.315  -16.519 0.2222222239
34297  -23.537  -12.029  -19.827 0.4444444478
43766  -21.037  -2.148  -25.361 0.6666666865
44755  -20.984  -1.901  -25.390 0.6666666865
44771  -21.446  -1.461  -25.151 0.7777777910
45806  -20.107  -0.053  -27.501 0.6666666865
45808  -21.921  1.741  -27.905 0.5555555820
45809  -19.134  1.383  -27.936 0.4444444478
45810  -19.545  1.102  -28.149 0.5555555820
46855  -19.582  -0.113  -27.456 0.5555555820
46856  -19.857  -0.065  -27.495 0.5555555820
46863  -19.927  0.097  -27.577 0.6666666865
46869  -22.282  1.755  -28.477 0.5555555820
46875  -21.770  1.480  -29.881 0.7777777910
47875  -18.157  3.609  -29.195 0.1111111119
47884  -19.284  2.843  -28.575 0.7777777910
48811  -20.413  3.190  -28.584 0.7777777910
50659  -21.295  5.197  -28.493 0.5555555820
51646  -23.205  8.362  -32.302 0.1111111119
52563  -20.988  7.479  -32.208 0.6666666865
52570  -21.218  7.480  -32.276 0.6666666865
53345  -20.521  7.766  -31.861 0.6666666865
53353  -20.879  7.581  -32.400 0.6666666865
54916  -18.924  10.240  -32.497 0.5555555820
55703  -18.587  11.883  -32.713 0.3333333433
55705  -18.803  10.526  -32.850 0.5555555820
56583  -18.221  11.945  -32.624 0.3333333433
56584  -19.040  10.490  -32.944 0.5555555820
56585  -18.876  10.439  -33.162 0.5555555820
60116  -18.965  15.239  -32.740 0.1111111119
60943  -17.658  17.456  -33.890 0.1111111119
61691  -17.277  17.806  -34.795 0.1111111119
96917  -19.826  0.357  -27.729 0.6666666865
