#!ascii label  , from subject output2 vox2ras=TkReg
378
3768  -34.377  -58.382  4.572 0.0000000000
5769  -37.425  -54.657  -3.147 0.0000000000
6153  -36.224  -54.240  2.856 0.0000000000
4775  -34.536  -55.789  0.365 0.0000000000
6681  -35.153  -52.547  0.672 0.0000000000
93925  -33.920  -55.691  7.382 0.0000000000
7222  -31.333  -50.858  2.231 0.0000000000
11236  -28.515  -44.692  5.729 0.0000000000
7239  -34.635  -51.366  1.402 0.0000000000
6669  -36.057  -53.327  1.767 0.0000000000
7240  -35.694  -51.246  1.089 0.0000000000
6630  -33.239  -53.129  4.630 0.0000000000
7736  -31.264  -50.727  5.748 0.0000000000
14387  -29.928  -40.344  6.061 0.0000000000
94121  -29.932  -42.585  3.995 0.0000000000
3797  -32.348  -58.632  0.878 0.0000000000
5276  -36.244  -55.876  -0.830 0.0000000000
4295  -34.305  -57.501  -2.576 0.0000000000
4311  -35.800  -57.491  -3.790 0.0000000000
5200  -37.751  -55.500  5.107 0.0000000000
4711  -33.754  -56.723  2.967 0.0000000000
6168  -35.539  -54.309  1.085 0.0000000000
5743  -34.997  -54.504  -1.214 0.0000000000
5214  -33.934  -55.608  4.539 0.0000000000
6651  -32.825  -52.705  2.474 0.0000000000
7774  -32.763  -50.262  1.499 0.0000000000
8334  -30.315  -48.811  6.746 0.0000000000
8356  -29.774  -48.756  3.497 0.0000000000
9001  -31.359  -47.722  1.736 0.0000000000
8970  -34.328  -47.075  3.406 0.0000000000
3808  -33.211  -57.856  -0.892 0.0000000000
7306  -33.643  -51.065  -3.373 0.0000000000
6282  -34.865  -52.901  -4.380 0.0000000000
5820  -32.350  -55.042  -4.157 0.0000000000
8378  -34.605  -49.352  1.752 0.0000000000
7776  -35.224  -50.266  1.426 0.0000000000
3766  -32.524  -59.206  3.090 0.0000000000
5745  -36.790  -55.066  -2.384 0.0000000000
4298  -36.913  -57.105  -2.428 0.0000000000
4834  -37.726  -56.122  -3.645 0.0000000000
4856  -35.423  -56.706  -4.404 0.0000000000
5328  -36.026  -55.320  -3.497 0.0000000000
5657  -37.571  -54.739  4.245 0.0000000000
6127  -39.836  -53.212  4.548 0.0000000000
6682  -35.169  -53.157  1.495 0.0000000000
6189  -35.314  -53.563  1.213 0.0000000000
6204  -35.279  -54.247  -0.262 0.0000000000
6680  -34.827  -53.480  0.033 0.0000000000
5179  -35.349  -56.355  5.836 0.0000000000
5648  -34.219  -55.594  5.963 0.0000000000
7211  -32.323  -51.761  3.655 0.0000000000
6135  -32.694  -53.222  3.297 0.0000000000
7223  -32.117  -51.547  2.635 0.0000000000
7237  -32.185  -51.254  1.690 0.0000000000
7773  -31.576  -50.079  1.395 0.0000000000
94104  -28.887  -46.244  6.241 0.0000000000
8968  -29.492  -48.030  5.458 0.0000000000
10587  -28.578  -45.928  4.886 0.0000000000
94110  -31.030  -43.749  3.711 0.0000000000
8984  -30.437  -46.351  2.605 0.0000000000
9505  -32.274  -45.302  3.302 0.0000000000
8969  -33.132  -46.524  3.094 0.0000000000
5231  -34.214  -55.703  1.588 0.0000000000
4251  -33.225  -57.323  1.268 0.0000000000
4781  -34.033  -56.411  -0.053 0.0000000000
3833  -33.536  -58.461  -3.278 0.0000000000
7832  -33.908  -50.529  -4.064 0.0000000000
7307  -34.385  -51.621  -4.030 0.0000000000
6742  -33.247  -53.005  -3.546 0.0000000000
6653  -34.855  -53.382  1.765 0.0000000000
6654  -36.136  -53.277  2.418 0.0000000000
6668  -35.081  -52.605  1.277 0.0000000000
6115  -33.580  -54.320  5.942 0.0000000000
7189  -32.823  -51.896  5.506 0.0000000000
7752  -30.938  -50.470  4.149 0.0000000000
94111  -29.298  -43.140  6.033 0.0000000000
94106  -28.601  -43.671  4.875 0.0000000000
94116  -29.432  -42.036  4.926 0.0000000000
13775  -31.034  -42.732  4.425 0.0000000000
94119  -31.940  -42.668  5.056 0.0000000000
5275  -35.406  -55.491  -0.487 0.0000000000
4793  -34.986  -56.516  -1.164 0.0000000000
4794  -36.094  -56.810  -1.460 0.0000000000
3835  -35.528  -57.742  -2.921 0.0000000000
3844  -33.651  -58.737  -4.179 0.0000000000
3867  -34.117  -58.147  -5.194 0.0000000000
4326  -33.685  -57.483  -4.954 0.0000000000
4854  -33.089  -57.219  -4.712 0.0000000000
4202  -37.190  -57.315  5.270 0.0000000000
4221  -34.677  -57.738  4.021 0.0000000000
4761  -36.599  -56.427  1.951 0.0000000000
5245  -35.848  -55.662  1.398 0.0000000000
6171  -38.198  -53.611  2.568 0.0000000000
5701  -36.617  -55.020  1.287 0.0000000000
5716  -35.124  -55.179  0.327 0.0000000000
5261  -35.418  -55.051  -0.145 0.0000000000
5744  -35.967  -54.820  -1.648 0.0000000000
5767  -35.218  -54.331  -2.202 0.0000000000
4660  -37.181  -56.754  6.386 0.0000000000
5199  -36.864  -55.540  5.181 0.0000000000
5667  -34.933  -55.128  3.534 0.0000000000
6124  -33.493  -53.963  4.572 0.0000000000
5666  -33.606  -54.976  3.534 0.0000000000
6151  -34.269  -53.740  2.286 0.0000000000
7238  -33.438  -51.408  1.509 0.0000000000
7775  -34.018  -50.330  1.473 0.0000000000
9003  -33.800  -48.560  1.782 0.0000000000
8326  -30.465  -49.527  6.461 0.0000000000
7743  -30.376  -49.844  4.939 0.0000000000
7771  -30.423  -49.429  2.864 0.0000000000
9521  -29.526  -45.429  3.769 0.0000000000
9000  -30.307  -47.757  2.337 0.0000000000
8375  -30.920  -48.909  1.571 0.0000000000
8376  -32.103  -49.073  1.489 0.0000000000
8986  -33.629  -47.670  2.463 0.0000000000
4237  -32.529  -58.065  1.759 0.0000000000
3798  -33.050  -58.040  0.368 0.0000000000
4276  -33.808  -56.841  -1.641 0.0000000000
3820  -33.239  -57.914  -2.139 0.0000000000
6692  -34.226  -52.672  -0.591 0.0000000000
6704  -34.323  -52.921  -1.855 0.0000000000
6722  -35.486  -53.065  -3.035 0.0000000000
6744  -35.298  -52.791  -3.673 0.0000000000
6262  -36.260  -54.106  -3.326 0.0000000000
5327  -34.941  -55.020  -3.477 0.0000000000
5352  -33.419  -55.915  -4.017 0.0000000000
3767  -33.486  -58.838  3.880 0.0000000000
5309  -37.823  -55.608  -3.405 0.0000000000
5770  -37.684  -55.438  -3.578 0.0000000000
5329  -36.974  -55.584  -3.509 0.0000000000
5798  -36.792  -54.851  -3.412 0.0000000000
5669  -36.619  -54.526  3.609 0.0000000000
5658  -38.649  -54.474  4.487 0.0000000000
6137  -37.268  -53.649  3.380 0.0000000000
93929  -34.155  -55.959  7.039 0.0000000000
93926  -34.415  -56.261  6.628 0.0000000000
5647  -33.591  -55.349  6.458 0.0000000000
7210  -31.523  -51.046  3.354 0.0000000000
7236  -31.346  -50.620  1.626 0.0000000000
11845  -29.257  -43.543  6.632 0.0000000000
11838  -29.418  -43.674  7.582 0.0000000000
11238  -29.412  -44.250  7.239 0.0000000000
11229  -29.430  -45.224  7.626 0.0000000000
11228  -28.603  -45.422  6.173 0.0000000000
94107  -29.284  -46.751  5.616 0.0000000000
10032  -31.579  -44.150  3.840 0.0000000000
10051  -33.276  -45.078  4.354 0.0000000000
4759  -34.437  -55.981  1.013 0.0000000000
4774  -33.954  -56.481  0.732 0.0000000000
6766  -34.435  -52.370  -4.254 0.0000000000
6280  -33.885  -52.935  -4.334 0.0000000000
6667  -34.044  -52.642  1.479 0.0000000000
7200  -31.733  -51.319  4.731 0.0000000000
7744  -30.972  -50.496  5.024 0.0000000000
13745  -30.222  -40.596  8.053 0.0000000000
13760  -29.401  -41.154  6.174 0.0000000000
13145  -29.427  -41.831  5.492 0.0000000000
4783  -35.788  -56.249  -0.773 0.0000000000
4784  -36.368  -56.331  -1.349 0.0000000000
4312  -36.524  -56.888  -3.255 0.0000000000
4297  -36.087  -57.444  -2.884 0.0000000000
4310  -34.888  -57.509  -4.099 0.0000000000
3856  -34.313  -58.171  -4.517 0.0000000000
4327  -34.417  -57.519  -4.563 0.0000000000
4855  -34.015  -56.565  -4.109 0.0000000000
4203  -37.457  -57.007  5.471 0.0000000000
4694  -37.184  -56.963  4.633 0.0000000000
5246  -37.161  -56.012  1.166 0.0000000000
6655  -37.013  -53.149  2.521 0.0000000000
6670  -37.501  -53.359  2.401 0.0000000000
6169  -35.877  -54.281  1.339 0.0000000000
5700  -35.737  -54.794  0.773 0.0000000000
5717  -35.411  -54.795  0.210 0.0000000000
6203  -34.900  -54.018  -0.498 0.0000000000
5730  -35.052  -54.438  -0.757 0.0000000000
6217  -34.467  -53.808  -1.507 0.0000000000
5197  -34.484  -55.568  5.256 0.0000000000
5180  -36.472  -56.145  6.070 0.0000000000
5198  -35.591  -55.674  5.235 0.0000000000
5216  -35.742  -55.493  4.282 0.0000000000
5215  -34.636  -55.589  4.306 0.0000000000
6622  -33.502  -53.274  5.370 0.0000000000
6149  -32.713  -53.039  2.795 0.0000000000
6136  -33.282  -53.724  3.618 0.0000000000
6150  -33.346  -53.462  2.607 0.0000000000
5680  -33.889  -54.244  2.762 0.0000000000
6166  -33.554  -52.984  1.888 0.0000000000
6666  -33.079  -52.421  1.868 0.0000000000
8377  -33.352  -49.273  1.493 0.0000000000
8982  -29.458  -47.572  4.650 0.0000000000
8344  -29.518  -48.955  4.868 0.0000000000
7758  -30.176  -49.435  3.627 0.0000000000
94114  -29.370  -42.927  4.274 0.0000000000
4712  -34.600  -56.801  3.331 0.0000000000
4220  -33.760  -57.743  3.342 0.0000000000
4238  -33.173  -57.667  2.433 0.0000000000
4260  -33.464  -57.008  0.341 0.0000000000
4277  -35.252  -57.186  -1.852 0.0000000000
3832  -32.860  -58.739  -2.785 0.0000000000
6693  -34.892  -52.002  -0.211 0.0000000000
7267  -34.177  -51.484  -0.190 0.0000000000
6237  -34.900  -53.435  -2.475 0.0000000000
6767  -35.058  -52.686  -4.154 0.0000000000
6743  -34.759  -52.392  -3.976 0.0000000000
6261  -35.315  -53.372  -3.742 0.0000000000
5797  -35.786  -54.377  -3.485 0.0000000000
5796  -34.979  -53.998  -3.502 0.0000000000
5794  -33.086  -54.553  -3.460 0.0000000000
5795  -34.204  -54.266  -3.487 0.0000000000
5325  -33.058  -55.459  -3.861 0.0000000000
14402  -30.499  -39.220  5.684 0.0000000000
3778  -32.507  -58.943  2.288 0.0000000000
5289  -36.473  -55.784  -1.761 0.0000000000
4795  -37.173  -56.763  -1.897 0.0000000000
5308  -37.291  -55.719  -2.653 0.0000000000
4814  -37.312  -56.256  -3.048 0.0000000000
4329  -36.457  -56.990  -4.121 0.0000000000
4328  -35.746  -57.273  -4.594 0.0000000000
4857  -36.279  -56.738  -4.277 0.0000000000
4832  -36.112  -56.209  -3.638 0.0000000000
4831  -35.170  -56.049  -3.563 0.0000000000
5183  -40.041  -54.526  4.996 0.0000000000
5671  -39.785  -54.353  3.591 0.0000000000
6188  -35.383  -54.056  0.301 0.0000000000
5178  -34.672  -56.168  6.018 0.0000000000
5196  -33.985  -55.512  4.916 0.0000000000
7201  -32.545  -52.170  4.519 0.0000000000
6123  -32.859  -53.328  4.079 0.0000000000
6637  -32.518  -52.660  3.835 0.0000000000
6650  -32.525  -52.440  2.974 0.0000000000
6665  -32.561  -52.078  2.269 0.0000000000
94103  -30.024  -46.841  7.650 0.0000000000
8343  -29.855  -47.478  6.912 0.0000000000
9522  -30.585  -44.280  3.542 0.0000000000
94101  -31.050  -44.011  3.532 0.0000000000
8985  -32.008  -46.560  2.537 0.0000000000
9506  -33.425  -45.903  3.971 0.0000000000
4736  -33.622  -56.184  2.132 0.0000000000
4758  -33.949  -56.221  1.371 0.0000000000
4266  -33.348  -56.877  -0.529 0.0000000000
6260  -34.628  -53.416  -4.063 0.0000000000
6259  -33.749  -53.369  -3.825 0.0000000000
6258  -32.722  -53.580  -3.355 0.0000000000
7252  -35.506  -51.257  0.735 0.0000000000
6621  -33.122  -52.591  4.988 0.0000000000
13761  -29.368  -42.013  7.034 0.0000000000
14386  -30.334  -41.177  4.896 0.0000000000
94117  -31.878  -43.319  4.993 0.0000000000
94113  -32.278  -43.458  5.240 0.0000000000
5274  -34.922  -55.562  -0.087 0.0000000000
4782  -34.802  -55.981  -0.435 0.0000000000
4296  -35.460  -57.501  -2.583 0.0000000000
4343  -33.986  -57.871  -5.363 0.0000000000
4342  -33.456  -57.840  -5.808 0.0000000000
4325  -33.192  -57.513  -5.280 0.0000000000
4879  -32.689  -57.252  -5.707 0.0000000000
4201  -35.814  -57.643  5.242 0.0000000000
4200  -35.172  -58.028  4.641 0.0000000000
4222  -35.823  -57.506  4.293 0.0000000000
4713  -35.654  -56.976  3.514 0.0000000000
4739  -36.381  -56.485  2.981 0.0000000000
4738  -35.618  -56.391  2.609 0.0000000000
5233  -35.293  -55.840  2.141 0.0000000000
5232  -34.610  -55.527  1.926 0.0000000000
5244  -34.654  -54.965  1.021 0.0000000000
6639  -37.760  -52.804  3.059 0.0000000000
6657  -39.278  -52.870  3.023 0.0000000000
6170  -37.299  -54.072  1.897 0.0000000000
5260  -35.128  -55.249  0.219 0.0000000000
5288  -35.841  -55.390  -1.082 0.0000000000
5731  -35.325  -54.715  -0.561 0.0000000000
5768  -36.366  -54.348  -2.540 0.0000000000
4181  -36.858  -57.457  5.857 0.0000000000
4164  -37.298  -57.061  6.186 0.0000000000
4678  -37.691  -56.447  6.137 0.0000000000
4677  -36.551  -56.596  6.381 0.0000000000
5181  -37.442  -55.850  6.312 0.0000000000
5217  -36.583  -55.087  4.201 0.0000000000
5682  -35.464  -54.576  3.077 0.0000000000
5655  -33.713  -55.263  5.130 0.0000000000
5681  -34.534  -54.468  2.918 0.0000000000
6152  -35.261  -53.990  2.461 0.0000000000
6652  -34.230  -53.334  1.729 0.0000000000
8335  -29.832  -49.323  6.029 0.0000000000
7735  -30.547  -50.086  5.749 0.0000000000
7759  -30.663  -50.237  3.058 0.0000000000
8983  -29.470  -46.816  3.361 0.0000000000
8999  -29.507  -47.987  2.995 0.0000000000
8374  -30.369  -48.791  2.507 0.0000000000
7772  -30.534  -50.036  1.804 0.0000000000
9002  -32.748  -48.030  1.557 0.0000000000
8357  -34.457  -48.603  2.286 0.0000000000
3779  -33.024  -58.523  3.065 0.0000000000
3787  -32.482  -58.758  1.277 0.0000000000
3788  -32.624  -57.985  1.163 0.0000000000
3807  -32.679  -58.073  -0.008 0.0000000000
4792  -34.022  -56.213  -0.866 0.0000000000
8380  -36.390  -49.417  1.761 0.0000000000
7266  -33.488  -51.731  -0.463 0.0000000000
6238  -35.826  -53.655  -2.720 0.0000000000
6239  -36.372  -53.877  -3.049 0.0000000000
7291  -33.340  -52.122  -3.131 0.0000000000
6721  -34.181  -52.708  -3.064 0.0000000000
6745  -35.717  -53.516  -3.302 0.0000000000
4830  -34.466  -55.810  -3.519 0.0000000000
5326  -33.844  -55.418  -3.540 0.0000000000
3846  -35.449  -57.770  -3.256 0.0000000000
4182  -37.449  -57.027  5.754 0.0000000000
4223  -36.616  -57.320  4.652 0.0000000000
4250  -32.551  -57.981  1.312 0.0000000000
4279  -37.131  -57.339  -2.037 0.0000000000
4344  -34.270  -57.837  -5.099 0.0000000000
4695  -37.507  -56.499  5.225 0.0000000000
4737  -34.536  -56.149  2.574 0.0000000000
4760  -35.872  -56.247  1.858 0.0000000000
4815  -38.142  -55.970  -3.634 0.0000000000
4833  -36.738  -56.304  -3.459 0.0000000000
4858  -36.394  -56.752  -3.957 0.0000000000
5164  -37.024  -56.418  6.463 0.0000000000
5165  -37.410  -56.356  6.373 0.0000000000
5182  -39.816  -54.473  4.888 0.0000000000
5184  -40.358  -54.352  5.003 0.0000000000
5201  -39.343  -54.526  4.583 0.0000000000
5202  -40.104  -54.497  4.656 0.0000000000
5203  -40.467  -54.236  4.802 0.0000000000
5219  -39.475  -54.901  4.109 0.0000000000
5220  -40.205  -54.433  4.140 0.0000000000
5243  -34.352  -55.753  1.302 0.0000000000
5330  -37.844  -55.682  -3.974 0.0000000000
5649  -39.890  -54.314  5.145 0.0000000000
5650  -40.347  -54.063  5.137 0.0000000000
5651  -40.614  -53.941  5.030 0.0000000000
5656  -34.108  -55.485  5.406 0.0000000000
5659  -39.616  -54.064  4.691 0.0000000000
5660  -40.457  -54.221  4.463 0.0000000000
5661  -40.679  -53.799  4.715 0.0000000000
5668  -35.929  -55.060  3.531 0.0000000000
5670  -38.658  -54.654  3.359 0.0000000000
5672  -40.502  -53.798  3.934 0.0000000000
5673  -40.771  -53.549  4.555 0.0000000000
5683  -36.065  -54.629  3.227 0.0000000000
5685  -39.324  -54.153  2.907 0.0000000000
5686  -39.884  -53.995  3.406 0.0000000000
5699  -35.309  -54.792  0.575 0.0000000000
5799  -37.569  -55.230  -3.511 0.0000000000
6116  -40.218  -53.649  5.145 0.0000000000
6117  -40.777  -53.551  5.165 0.0000000000
6118  -40.982  -53.617  5.055 0.0000000000
6125  -38.134  -53.749  4.242 0.0000000000
6126  -39.018  -53.651  4.207 0.0000000000
6128  -40.620  -52.969  4.896 0.0000000000
6129  -41.263  -53.314  4.899 0.0000000000
6138  -38.383  -53.215  3.633 0.0000000000
6139  -39.312  -53.114  3.713 0.0000000000
6140  -40.136  -52.816  3.797 0.0000000000
6141  -40.743  -53.293  4.444 0.0000000000
6154  -38.187  -53.974  2.530 0.0000000000
6155  -38.727  -53.490  2.557 0.0000000000
6156  -39.659  -53.506  3.285 0.0000000000
6167  -33.833  -53.308  1.874 0.0000000000
6187  -35.152  -53.794  -0.110 0.0000000000
6629  -32.789  -52.804  4.433 0.0000000000
6638  -36.973  -53.325  2.733 0.0000000000
6640  -38.761  -52.786  3.216 0.0000000000
6641  -39.413  -52.965  3.372 0.0000000000
6656  -38.245  -52.921  2.647 0.0000000000
6671  -38.166  -53.275  2.553 0.0000000000
6723  -35.923  -53.491  -3.050 0.0000000000
7751  -30.347  -49.794  4.080 0.0000000000
8325  -30.573  -49.143  6.976 0.0000000000
11230  -29.423  -44.141  7.762 0.0000000000
11237  -29.000  -44.685  6.564 0.0000000000
11837  -29.419  -43.506  8.383 0.0000000000
11844  -29.414  -43.081  7.771 0.0000000000
13759  -29.861  -41.597  4.844 0.0000000000
15003  -30.287  -38.855  6.274 0.0000000000
94109  -29.141  -45.566  6.527 0.0000000000
94115  -29.289  -42.283  5.412 0.0000000000
