#!ascii label  , from subject output2 vox2ras=TkReg
1626
3497  -30.266  -58.803  -8.970 0.1000000015
3504  -30.109  -59.225  -9.703 0.1000000015
3503  -29.139  -59.204  -9.880 0.1000000015
3509  -29.550  -59.474  -10.565 0.1000000015
3510  -30.549  -59.401  -10.588 0.1000000015
3148  -29.866  -60.381  -10.771 0.1000000015
3149  -30.361  -60.243  -11.253 0.1000000015
3515  -30.645  -59.314  -11.595 0.1000000015
2825  -30.037  -60.672  -11.650 0.1000000015
3160  -30.057  -59.930  -12.502 0.1000000015
3521  -30.104  -59.538  -12.973 0.1000000015
3159  -29.737  -60.206  -12.648 0.1000000015
3934  -30.681  -58.873  -12.955 0.1000000015
3932  -28.750  -58.496  -12.568 0.1000000015
3166  -30.272  -60.269  -13.938 0.1000000015
3940  -28.888  -59.664  -13.829 0.1000000015
3942  -30.343  -59.363  -14.871 0.1000000015
93863  -32.558  -59.950  -7.772 0.1000000015
3505  -31.530  -59.560  -8.542 0.1000000015
3145  -32.451  -59.093  -9.104 0.1000000015
3511  -31.796  -59.441  -10.635 0.1000000015
5399  -27.145  -55.699  -8.171 0.1000000015
4943  -27.597  -57.107  -9.076 0.1000000015
4925  -28.238  -56.723  -8.406 0.1000000015
4944  -29.083  -57.330  -8.985 0.1000000015
4423  -28.621  -58.185  -10.176 0.1000000015
3912  -29.159  -58.473  -10.926 0.1000000015
3924  -29.624  -58.502  -11.797 0.1000000015
3933  -29.904  -58.528  -12.787 0.1000000015
3938  -30.000  -58.605  -13.875 0.1000000015
3104  -33.105  -60.358  -5.709 0.1000000015
4356  -33.287  -58.888  -7.232 0.2000000030
93865  -33.272  -59.259  -7.158 0.2000000030
93859  -32.756  -60.391  -7.133 0.1000000015
4896  -33.753  -58.268  -7.307 0.1000000015
3144  -33.000  -59.222  -8.253 0.1000000015
93860  -33.204  -59.824  -7.283 0.1000000015
7319  -27.556  -51.135  -4.231 0.1000000015
6759  -26.538  -51.984  -4.049 0.1000000015
93876  -32.411  -58.864  -9.481 0.1000000015
3506  -32.386  -59.110  -9.939 0.1000000015
6274  -26.700  -52.810  -4.133 0.1000000015
6275  -27.158  -53.330  -4.242 0.1000000015
6304  -28.002  -53.746  -6.171 0.1000000015
5845  -28.246  -54.824  -7.146 0.1000000015
3903  -32.289  -58.700  -10.343 0.1000000015
3516  -31.934  -59.048  -11.429 0.1000000015
6291  -27.425  -53.750  -5.040 0.1000000015
5836  -27.427  -54.307  -6.692 0.1000000015
5387  -28.399  -55.310  -7.311 0.1000000015
5388  -29.490  -55.883  -7.455 0.1000000015
4909  -29.847  -56.515  -8.120 0.1000000015
3915  -32.188  -58.629  -10.917 0.1000000015
3925  -30.795  -58.902  -11.565 0.1000000015
4907  -27.728  -56.057  -7.828 0.1000000015
4908  -28.826  -56.326  -7.833 0.1000000015
4390  -30.356  -57.528  -9.132 0.1000000015
4424  -29.728  -58.439  -10.089 0.1000000015
4945  -29.608  -57.212  -9.017 0.1000000015
3913  -30.369  -58.494  -10.872 0.1000000015
93879  -33.329  -58.592  -7.078 0.1000000015
3866  -33.451  -58.512  -6.070 0.2000000030
3467  -33.405  -59.682  -6.010 0.1000000015
3447  -33.434  -59.575  -4.695 0.2000000030
3430  -33.415  -59.739  -3.779 0.2000000030
8458  -28.154  -49.550  -4.738 0.1000000015
7842  -27.260  -50.110  -4.284 0.1000000015
4878  -31.876  -57.899  -7.034 0.1000000015
93873  -32.093  -58.414  -8.801 0.1000000015
6760  -27.666  -52.407  -4.096 0.1000000015
6292  -28.574  -53.721  -5.211 0.1000000015
93874  -32.318  -58.749  -9.725 0.1000000015
5837  -28.481  -54.636  -6.725 0.1000000015
5375  -29.097  -55.312  -6.774 0.1000000015
5389  -30.351  -56.354  -7.741 0.1000000015
4910  -30.711  -56.836  -8.423 0.1000000015
4391  -31.127  -57.989  -9.442 0.1000000015
3894  -31.823  -58.441  -9.598 0.1000000015
4409  -30.470  -58.217  -9.664 0.1000000015
3914  -31.481  -58.509  -10.953 0.1000000015
4855  -34.015  -56.565  -4.109 0.1000000015
4327  -34.417  -57.519  -4.563 0.1000000015
4854  -33.089  -57.219  -4.712 0.1000000015
4326  -33.685  -57.483  -4.954 0.1000000015
4343  -33.986  -57.871  -5.363 0.1000000015
3867  -34.117  -58.147  -5.194 0.2000000030
3856  -34.313  -58.171  -4.517 0.2000000030
3844  -33.651  -58.737  -4.179 0.2000000030
4879  -32.689  -57.252  -5.707 0.1000000015
7320  -28.848  -51.338  -4.256 0.1000000015
6761  -28.919  -52.459  -4.275 0.1000000015
8472  -28.912  -49.438  -5.761 0.1000000015
8473  -30.590  -49.501  -5.953 0.1000000015
5838  -29.666  -54.511  -6.198 0.1000000015
5839  -30.332  -54.980  -6.217 0.1000000015
5376  -30.305  -55.671  -6.929 0.1000000015
4895  -31.337  -56.806  -7.939 0.1000000015
8489  -29.647  -49.795  -6.545 0.1000000015
4911  -31.348  -57.648  -8.841 0.1000000015
7873  -30.206  -50.476  -7.223 0.1000000015
7888  -30.994  -51.057  -8.627 0.1000000015
7886  -29.398  -50.518  -7.956 0.1000000015
7905  -31.069  -51.368  -8.833 0.1000000015
5352  -33.419  -55.915  -4.017 0.1000000015
5325  -33.058  -55.459  -3.861 0.1000000015
4856  -35.423  -56.706  -4.404 0.1000000015
4310  -34.888  -57.509  -4.099 0.2000000030
5820  -32.350  -55.042  -4.157 0.1000000015
5351  -32.830  -56.161  -4.599 0.1000000015
5367  -32.321  -56.249  -5.350 0.1000000015
94011  -32.431  -50.032  -6.675 0.1000000015
8459  -29.989  -49.645  -4.706 0.1000000015
7843  -28.679  -50.263  -4.328 0.1000000015
5819  -31.020  -54.794  -4.216 0.1000000015
6277  -29.194  -53.338  -4.554 0.1000000015
5365  -30.869  -55.474  -6.141 0.1000000015
5366  -31.736  -56.253  -5.941 0.1000000015
6294  -30.138  -54.095  -4.901 0.1000000015
5829  -30.385  -54.562  -5.434 0.1000000015
5377  -31.173  -56.429  -6.786 0.1000000015
7857  -31.210  -50.362  -6.797 0.1000000015
8490  -30.406  -50.061  -6.533 0.1000000015
94012  -32.504  -50.666  -7.707 0.1000000015
7874  -31.333  -50.410  -8.020 0.1000000015
7400  -33.250  -51.587  -9.364 0.1000000015
6821  -31.841  -52.301  -9.684 0.1000000015
7388  -30.654  -51.834  -9.585 0.1000000015
5794  -33.086  -54.553  -3.460 0.1000000015
5326  -33.844  -55.418  -3.540 0.1000000015
5793  -31.919  -54.386  -3.324 0.1000000015
6258  -32.722  -53.580  -3.355 0.1000000015
4831  -35.170  -56.049  -3.563 0.1000000015
4328  -35.746  -57.273  -4.594 0.1000000015
6279  -31.161  -53.872  -3.254 0.1000000015
4311  -35.800  -57.491  -3.790 0.2000000030
6278  -30.184  -53.713  -4.086 0.1000000015
4329  -36.457  -56.990  -4.121 0.1000000015
4312  -36.524  -56.888  -3.255 0.2000000030
6762  -29.925  -52.568  -4.242 0.1000000015
94004  -32.315  -49.624  -7.347 0.1000000015
94007  -32.780  -51.162  -8.501 0.1000000015
7923  -33.333  -50.435  -8.916 0.1000000015
8539  -32.849  -50.386  -8.841 0.1000000015
7399  -33.314  -52.184  -9.961 0.1000000015
7934  -32.815  -51.591  -10.171 0.1000000015
7933  -31.663  -51.602  -10.304 0.1000000015
6741  -32.638  -52.628  -3.373 0.1000000015
6742  -33.247  -53.005  -3.546 0.1000000015
6259  -33.749  -53.369  -3.825 0.1000000015
7305  -32.195  -51.957  -3.361 0.1000000015
5795  -34.204  -54.266  -3.487 0.1000000015
4830  -34.466  -55.810  -3.519 0.1000000015
6257  -31.792  -53.408  -3.123 0.1000000015
4832  -36.112  -56.209  -3.638 0.1000000015
6763  -30.362  -52.630  -3.487 0.1000000015
6740  -31.646  -52.562  -3.227 0.1000000015
5327  -34.941  -55.020  -3.477 0.1000000015
9644  -32.656  -48.720  -6.137 0.1000000015
9629  -31.919  -48.729  -5.850 0.1000000015
94001  -30.841  -49.410  -4.227 0.1000000015
7844  -30.489  -50.280  -4.171 0.1000000015
7321  -29.857  -51.553  -3.782 0.1000000015
7322  -30.302  -51.987  -3.775 0.1000000015
6256  -30.911  -53.166  -3.250 0.1000000015
5328  -36.026  -55.320  -3.497 0.1000000015
4857  -36.279  -56.738  -4.277 0.1000000015
9083  -31.694  -48.833  -6.424 0.1000000015
4814  -37.312  -56.256  -3.048 0.1000000015
9082  -31.613  -48.883  -6.745 0.1000000015
7907  -33.105  -49.650  -8.163 0.1000000015
8509  -31.482  -49.405  -7.779 0.1000000015
8507  -29.685  -48.593  -7.812 0.1000000015
8524  -31.320  -49.613  -8.598 0.1000000015
8522  -29.442  -48.864  -8.724 0.1000000015
6764  -32.924  -51.529  -3.813 0.1000000015
6280  -33.885  -52.935  -4.334 0.1000000015
6281  -34.252  -52.905  -4.411 0.1000000015
7323  -32.136  -51.431  -3.780 0.1000000015
6260  -34.628  -53.416  -4.063 0.1000000015
7303  -30.734  -51.783  -3.334 0.1000000015
7304  -31.513  -51.784  -3.325 0.1000000015
5796  -34.979  -53.998  -3.502 0.1000000015
7302  -30.340  -51.545  -3.452 0.1000000015
7830  -31.278  -51.261  -3.399 0.1000000015
5797  -35.786  -54.377  -3.485 0.1000000015
5329  -36.974  -55.584  -3.509 0.1000000015
9657  -33.039  -48.466  -6.755 0.1000000015
94003  -30.683  -49.577  -4.318 0.1000000015
5798  -36.792  -54.851  -3.412 0.1000000015
9097  -32.533  -48.498  -6.940 0.1000000015
9654  -31.407  -47.187  -7.480 0.1000000015
9096  -32.314  -48.344  -7.179 0.1000000015
9095  -31.493  -48.499  -7.357 0.1000000015
9094  -30.672  -48.013  -7.770 0.1000000015
9093  -30.163  -47.647  -8.142 0.1000000015
94014  -32.497  -50.176  -5.138 0.1000000015
94000  -32.605  -50.657  -4.590 0.1000000015
94002  -32.695  -51.100  -4.328 0.1000000015
6765  -33.677  -52.446  -4.146 0.1000000015
9616  -31.952  -49.032  -4.826 0.1000000015
7829  -30.674  -51.019  -3.365 0.1000000015
94010  -31.775  -50.872  -4.164 0.1000000015
6282  -34.865  -52.901  -4.380 0.1000000015
9643  -33.025  -47.626  -6.385 0.1000000015
6261  -35.315  -53.372  -3.742 0.1000000015
9656  -33.097  -47.880  -7.246 0.1000000015
5770  -37.684  -55.438  -3.578 0.1000000015
94066  -31.998  -46.661  -7.415 0.1000000015
10211  -30.654  -46.086  -7.730 0.1000000015
9653  -30.295  -47.077  -7.614 0.1000000015
10221  -30.508  -45.739  -7.713 0.1000000015
10855  -30.054  -45.335  -7.758 0.1000000015
9664  -29.592  -47.029  -8.281 0.1000000015
93999  -33.416  -51.249  -4.541 0.1000000015
7324  -33.585  -51.665  -4.317 0.1000000015
7325  -33.952  -51.533  -4.743 0.1000000015
6766  -34.435  -52.370  -4.254 0.1000000015
9628  -32.671  -47.884  -5.385 0.1000000015
10200  -32.422  -46.736  -6.880 0.1000000015
10212  -31.033  -45.536  -7.021 0.1000000015
94067  -31.090  -44.038  -6.365 0.1000000015
94070  -30.391  -43.352  -6.820 0.1000000015
94062  -30.072  -43.111  -7.404 0.1000000015
94009  -33.213  -50.727  -4.660 0.1000000015
7858  -33.617  -51.073  -5.007 0.1000000015
7846  -33.636  -50.652  -4.872 0.1000000015
94073  -31.585  -45.625  -6.555 0.1000000015
10201  -32.057  -45.798  -6.478 0.1000000015
94013  -33.299  -49.833  -4.662 0.1000000015
9603  -32.910  -48.154  -4.400 0.1000000015
10187  -32.017  -45.817  -6.045 0.1000000015
10186  -32.288  -46.383  -5.663 0.1000000015
10821  -31.302  -45.354  -6.313 0.1000000015
94065  -31.307  -43.871  -6.157 0.1000000015
94060  -30.140  -42.304  -6.636 0.1000000015
13323  -29.933  -41.991  -7.431 0.1000000015
94016  -32.566  -49.261  -4.168 0.1000000015
10158  -32.809  -47.678  -4.278 0.1000000015
10820  -31.609  -45.710  -5.717 0.1000000015
10171  -32.349  -46.919  -4.424 0.1000000015
94064  -31.313  -45.302  -5.907 0.1000000015
12694  -30.634  -42.392  -6.108 0.1000000015
13314  -29.967  -41.471  -6.197 0.1000000015
13924  -29.829  -40.268  -6.418 0.1000000015
10185  -31.777  -46.191  -5.214 0.1000000015
10170  -31.733  -46.315  -4.888 0.1000000015
12680  -31.236  -44.355  -5.809 0.1000000015
94071  -31.249  -43.353  -6.176 0.1000000015
13909  -29.955  -40.308  -5.492 0.1000000015
94063  -30.975  -45.278  -5.319 0.1000000015
12679  -30.537  -42.840  -5.120 0.1000000015
13300  -30.337  -41.444  -5.265 0.1000000015
14533  -30.414  -39.121  -5.026 0.1000000015
13897  -30.471  -40.233  -4.488 0.1000000015
3508  -28.739  -59.494  -10.422 0.1000000015
2817  -30.078  -60.966  -11.195 0.1000000015
3512  -32.431  -58.952  -10.926 0.1000000015
4407  -28.175  -57.526  -9.694 0.1000000015
4408  -29.452  -57.635  -9.320 0.1000000015
93857  -33.128  -60.328  -6.508 0.1000000015
93862  -33.053  -59.563  -7.733 0.1000000015
5374  -28.640  -55.116  -6.899 0.1000000015
5844  -27.778  -54.688  -7.225 0.1000000015
4389  -30.065  -57.287  -8.874 0.1000000015
4927  -30.196  -57.075  -8.616 0.1000000015
3902  -31.660  -58.477  -10.250 0.1000000015
4928  -30.773  -57.383  -8.862 0.1000000015
3901  -30.972  -58.471  -10.303 0.1000000015
4342  -33.456  -57.840  -5.808 0.1000000015
3855  -33.570  -58.777  -5.105 0.2000000030
4325  -33.192  -57.513  -5.280 0.1000000015
6276  -28.131  -53.407  -4.317 0.1000000015
6305  -29.082  -53.827  -6.120 0.1000000015
6293  -29.705  -53.856  -5.425 0.1000000015
5828  -29.919  -54.283  -5.710 0.1000000015
7872  -29.222  -49.906  -7.261 0.1000000015
5350  -31.979  -55.503  -5.015 0.1000000015
5830  -31.277  -55.174  -5.416 0.1000000015
5818  -30.352  -54.355  -4.586 0.1000000015
4834  -37.726  -56.122  -3.645 0.1000000015
8508  -30.631  -49.165  -7.674 0.1000000015
7921  -31.852  -51.107  -9.686 0.1000000015
6739  -30.980  -52.385  -3.178 0.1000000015
8523  -30.175  -49.436  -8.554 0.1000000015
10220  -30.252  -46.042  -8.260 0.1000000015
94052  -29.712  -44.035  -7.702 0.1000000015
7201  -32.545  -52.170  4.519 0.5000000000
93915  -34.891  -58.305  7.056 0.5000000000
93914  -35.035  -57.428  7.175 0.5000000000
7210  -31.523  -51.046  3.354 0.5000000000
6630  -33.239  -53.129  4.630 0.5000000000
7759  -30.663  -50.237  3.058 0.5000000000
7211  -32.323  -51.761  3.655 0.5000000000
93927  -35.149  -56.553  6.789 0.5000000000
7222  -31.333  -50.858  2.231 0.5000000000
7223  -32.117  -51.547  2.635 0.5000000000
6650  -32.525  -52.440  2.974 0.4000000060
4181  -36.858  -57.457  5.857 0.5000000000
4201  -35.814  -57.643  5.242 0.5000000000
4202  -37.190  -57.315  5.270 0.5000000000
4694  -37.184  -56.963  4.633 0.5000000000
4740  -37.301  -56.398  2.970 0.5000000000
4715  -37.248  -56.364  4.197 0.5000000000
5247  -37.417  -55.822  1.784 0.4000000060
6170  -37.299  -54.072  1.897 0.4000000060
4633  -33.793  -56.795  10.079 0.1000000015
93906  -34.292  -57.484  8.509 0.5000000000
7752  -30.938  -50.470  4.149 0.5000000000
7200  -31.733  -51.319  4.731 0.5000000000
6621  -33.122  -52.591  4.988 0.5000000000
6622  -33.502  -53.274  5.370 0.4000000060
7771  -30.423  -49.429  2.864 0.5000000000
8374  -30.369  -48.791  2.507 0.5000000000
8983  -29.470  -46.816  3.361 0.5000000000
9000  -30.307  -47.757  2.337 0.5000000000
8984  -30.437  -46.351  2.605 0.4000000060
7772  -30.534  -50.036  1.804 0.5000000000
7236  -31.346  -50.620  1.626 0.4000000060
8375  -30.920  -48.909  1.571 0.3000000119
6136  -33.282  -53.724  3.618 0.6999999881
9001  -31.359  -47.722  1.736 0.3000000119
6149  -32.713  -53.039  2.795 0.5000000000
5666  -33.606  -54.976  3.534 0.6000000238
5214  -33.934  -55.608  4.539 0.6000000238
5178  -34.672  -56.168  6.018 0.6000000238
93920  -35.742  -57.265  6.539 0.5000000000
4180  -35.789  -57.656  5.986 0.3000000119
7773  -31.576  -50.079  1.395 0.3000000119
6666  -33.079  -52.421  1.868 0.4000000060
5680  -33.889  -54.244  2.762 0.5000000000
5215  -34.636  -55.589  4.306 0.6000000238
5199  -36.864  -55.540  5.181 0.6000000238
4660  -37.181  -56.754  6.386 0.5000000000
4164  -37.298  -57.061  6.186 0.5000000000
8376  -32.103  -49.073  1.489 0.4000000060
7237  -32.185  -51.254  1.690 0.4000000060
6150  -33.346  -53.462  2.607 0.5000000000
5681  -34.534  -54.468  2.918 0.5000000000
5181  -37.442  -55.850  6.312 0.5000000000
4203  -37.457  -57.007  5.471 0.5000000000
7774  -32.763  -50.262  1.499 0.4000000060
7238  -33.438  -51.408  1.509 0.5000000000
6152  -35.261  -53.990  2.461 0.5000000000
5669  -36.619  -54.526  3.609 0.4000000060
5200  -37.751  -55.500  5.107 0.5000000000
6667  -34.044  -52.642  1.479 0.5000000000
6153  -36.224  -54.240  2.856 0.5000000000
6137  -37.268  -53.649  3.380 0.4000000060
5183  -40.041  -54.526  4.996 0.4000000060
5218  -37.599  -55.041  4.152 0.5000000000
6653  -34.855  -53.382  1.765 0.5000000000
6654  -36.136  -53.277  2.418 0.4000000060
6657  -39.278  -52.870  3.023 0.4000000060
5684  -37.989  -54.349  2.750 0.4000000060
6668  -35.081  -52.605  1.277 0.3000000119
6655  -37.013  -53.149  2.521 0.4000000060
6670  -37.501  -53.359  2.401 0.3000000119
6669  -36.057  -53.327  1.767 0.3000000119
6189  -35.314  -53.563  1.213 0.3000000119
5620  -34.143  -54.872  9.410 0.1000000015
5143  -33.731  -56.078  10.169 0.1000000015
5145  -35.211  -55.887  10.150 0.4000000060
4123  -35.148  -57.055  9.732 0.4000000060
93904  -34.455  -57.286  9.524 0.4000000060
4634  -34.604  -55.841  9.181 0.4000000060
93912  -34.453  -56.467  7.647 0.5000000000
7744  -30.972  -50.496  5.024 0.5000000000
7189  -32.823  -51.896  5.506 0.5000000000
93925  -33.920  -55.691  7.382 0.5000000000
8356  -29.774  -48.756  3.497 0.5000000000
7758  -30.176  -49.435  3.627 0.5000000000
8999  -29.507  -47.987  2.995 0.5000000000
5647  -33.591  -55.349  6.458 0.6000000238
9521  -29.526  -45.429  3.769 0.4000000060
94101  -31.050  -44.011  3.532 0.2000000030
8985  -32.008  -46.560  2.537 0.3000000119
9505  -32.274  -45.302  3.302 0.3000000119
8969  -33.132  -46.524  3.094 0.4000000060
9002  -32.748  -48.030  1.557 0.4000000060
8986  -33.629  -47.670  2.463 0.3000000119
7775  -34.018  -50.330  1.473 0.4000000060
9003  -33.800  -48.560  1.782 0.3000000119
7776  -35.224  -50.266  1.426 0.3000000119
7239  -34.635  -51.366  1.402 0.3000000119
7777  -36.483  -49.960  1.350 0.1000000015
7240  -35.694  -51.246  1.089 0.2000000030
7762  -38.642  -50.874  2.387 0.1000000015
5621  -35.280  -54.387  9.201 0.1000000015
5144  -34.470  -56.359  9.400 0.1000000015
93918  -34.995  -54.511  9.039 0.2000000030
93923  -34.500  -55.678  7.957 0.4000000060
7736  -31.264  -50.727  5.748 0.5000000000
7180  -33.538  -52.268  6.387 0.4000000060
6615  -33.958  -53.261  6.625 0.4000000060
6109  -34.202  -54.730  7.565 0.5000000000
8344  -29.518  -48.955  4.868 0.5000000000
7743  -30.376  -49.844  4.939 0.5000000000
94114  -29.370  -42.927  4.274 0.4000000060
94121  -29.932  -42.585  3.995 0.3000000119
9522  -30.585  -44.280  3.542 0.3000000119
13775  -31.034  -42.732  4.425 0.2000000030
10032  -31.579  -44.150  3.840 0.2000000030
94113  -32.278  -43.458  5.240 0.1000000015
10050  -32.710  -44.860  3.934 0.3000000119
10033  -32.681  -44.183  4.804 0.2000000030
10051  -33.276  -45.078  4.354 0.2000000030
9506  -33.425  -45.903  3.971 0.2000000030
8378  -34.605  -49.352  1.752 0.2000000030
8970  -34.328  -47.075  3.406 0.2000000030
8987  -34.733  -48.295  3.011 0.2000000030
8971  -34.924  -48.378  4.040 0.2000000030
8988  -35.726  -48.518  3.083 0.1000000015
8379  -35.821  -49.520  1.840 0.2000000030
8972  -36.385  -48.562  3.752 0.1000000015
8359  -36.811  -49.258  2.408 0.1000000015
8345  -37.129  -49.034  3.328 0.1000000015
7760  -37.404  -49.582  1.474 0.1000000015
7761  -37.863  -50.240  2.116 0.1000000015
8360  -38.178  -49.717  2.271 0.1000000015
8381  -38.294  -49.495  1.207 0.1000000015
5629  -35.692  -54.308  8.783 0.3000000119
7153  -35.235  -51.420  8.243 0.3000000119
6610  -35.683  -52.703  8.244 0.3000000119
6101  -34.927  -54.123  8.461 0.3000000119
6100  -34.576  -54.879  8.456 0.4000000060
7727  -34.448  -51.293  7.753 0.3000000119
6609  -34.777  -53.000  7.363 0.3000000119
6110  -34.405  -53.602  7.444 0.5000000000
7728  -30.950  -50.174  6.408 0.4000000060
7178  -31.789  -51.697  7.097 0.5000000000
6608  -34.055  -52.590  6.880 0.4000000060
11236  -28.515  -44.692  5.729 0.4000000060
94107  -29.284  -46.751  5.616 0.4000000060
7735  -30.547  -50.086  5.749 0.5000000000
94111  -29.298  -43.140  6.033 0.4000000060
94106  -28.601  -43.671  4.875 0.4000000060
10587  -28.578  -45.928  4.886 0.4000000060
13145  -29.427  -41.831  5.492 0.4000000060
13760  -29.401  -41.154  6.174 0.4000000060
14387  -29.928  -40.344  6.061 0.3000000119
94116  -29.432  -42.036  4.926 0.3000000119
14386  -30.334  -41.177  4.896 0.3000000119
14401  -30.499  -40.036  5.554 0.3000000119
14400  -30.711  -41.248  4.525 0.2000000030
14443  -31.884  -41.307  4.976 0.1000000015
94119  -31.940  -42.668  5.056 0.1000000015
9489  -33.617  -45.684  5.032 0.2000000030
94105  -32.562  -43.692  5.926 0.1000000015
8952  -34.382  -46.774  4.906 0.2000000030
8935  -35.092  -47.566  4.850 0.1000000015
8954  -36.664  -48.475  4.797 0.1000000015
8346  -37.432  -49.042  2.896 0.1000000015
8973  -37.449  -48.589  3.638 0.1000000015
9005  -37.168  -48.621  1.739 0.1000000015
9004  -36.045  -48.420  0.929 0.1000000015
9549  -36.189  -47.828  0.218 0.1000000015
9559  -35.895  -46.903  -0.528 0.1000000015
10107  -35.762  -45.710  -0.566 0.1000000015
7154  -36.360  -51.836  8.574 0.3000000119
6599  -37.327  -52.648  8.884 0.2000000030
7718  -34.491  -50.619  8.250 0.3000000119
7725  -32.302  -50.879  7.713 0.4000000060
8308  -32.022  -50.003  7.586 0.3000000119
11228  -28.603  -45.422  6.173 0.3000000119
8334  -30.315  -48.811  6.746 0.4000000060
8307  -31.348  -49.492  7.400 0.3000000119
13761  -29.368  -42.013  7.034 0.3000000119
8317  -30.700  -49.109  7.188 0.4000000060
8908  -31.693  -49.246  8.001 0.3000000119
14357  -30.181  -39.079  8.856 0.3000000119
13745  -30.222  -40.596  8.053 0.3000000119
14374  -30.203  -39.675  8.078 0.3000000119
14980  -30.455  -37.994  8.581 0.3000000119
14992  -30.230  -39.050  7.260 0.3000000119
14993  -30.213  -37.940  7.069 0.3000000119
14402  -30.499  -39.220  5.684 0.3000000119
14424  -31.191  -39.980  5.313 0.2000000030
14425  -32.403  -40.557  5.341 0.1000000015
14426  -33.315  -39.847  5.326 0.1000000015
14444  -32.603  -42.275  5.178 0.1000000015
13793  -33.428  -41.400  5.572 0.1000000015
94120  -32.848  -41.914  5.271 0.1000000015
94112  -32.940  -42.802  6.127 0.1000000015
11253  -33.535  -44.103  6.942 0.1000000015
8909  -33.689  -45.850  6.120 0.2000000030
94097  -34.189  -45.537  6.680 0.2000000030
9420  -34.733  -46.210  6.296 0.2000000030
8923  -35.144  -47.281  5.253 0.1000000015
9421  -35.145  -46.255  6.143 0.1000000015
9477  -36.117  -47.851  5.366 0.1000000015
9478  -36.579  -47.800  5.313 0.1000000015
8955  -37.552  -48.135  4.685 0.1000000015
8974  -38.226  -48.315  3.723 0.1000000015
8956  -38.238  -48.086  4.200 0.1000000015
8990  -37.874  -48.428  2.824 0.1000000015
9006  -37.332  -48.338  2.432 0.1000000015
9536  -35.153  -47.546  1.048 0.1000000015
9548  -35.010  -47.090  -0.308 0.1000000015
9535  -34.638  -45.949  0.011 0.1000000015
94127  -34.936  -45.548  -0.471 0.1000000015
10730  -36.560  -44.210  -0.982 0.1000000015
7136  -36.503  -51.788  9.451 0.2000000030
7137  -37.134  -52.341  9.493 0.2000000030
8299  -36.172  -49.674  9.611 0.2000000030
8297  -34.833  -49.751  8.644 0.3000000119
8283  -35.987  -48.931  9.556 0.2000000030
8296  -33.863  -50.085  8.427 0.3000000119
94104  -28.887  -46.244  6.241 0.3000000119
8343  -29.855  -47.478  6.912 0.3000000119
8294  -32.565  -49.420  8.352 0.3000000119
12481  -29.398  -42.401  7.904 0.3000000119
11845  -29.257  -43.543  6.632 0.3000000119
11238  -29.412  -44.250  7.239 0.3000000119
94103  -30.024  -46.841  7.650 0.3000000119
94094  -30.338  -47.480  8.001 0.3000000119
94099  -30.316  -47.752  7.980 0.3000000119
14375  -30.158  -39.723  9.355 0.3000000119
13746  -30.151  -40.555  9.316 0.3000000119
94095  -30.103  -46.416  8.315 0.3000000119
10552  -30.741  -47.154  9.162 0.2000000030
94093  -32.262  -48.329  8.573 0.2000000030
14981  -31.529  -37.769  8.918 0.2000000030
14963  -30.333  -38.514  9.458 0.2000000030
15622  -30.660  -37.137  8.830 0.3000000119
15637  -30.235  -36.790  8.039 0.3000000119
15650  -30.381  -36.828  6.405 0.3000000119
15004  -30.442  -38.388  5.719 0.3000000119
15667  -31.325  -37.615  5.198 0.2000000030
15015  -31.474  -39.019  5.270 0.1000000015
15668  -32.662  -37.068  4.203 0.2000000030
15017  -33.528  -38.558  4.415 0.1000000015
14428  -35.095  -39.684  5.197 0.1000000015
13783  -37.456  -40.425  5.614 0.1000000015
15722  -38.346  -40.558  5.260 0.1000000015
13794  -33.999  -40.609  5.586 0.1000000015
13780  -35.814  -40.639  6.641 0.1000000015
13173  -37.109  -41.127  5.561 0.1000000015
15723  -41.276  -41.500  3.343 0.1000000015
13776  -33.682  -41.674  6.162 0.1000000015
13762  -34.422  -40.912  6.807 0.1000000015
12488  -35.870  -41.439  6.691 0.1000000015
11239  -33.546  -43.807  6.822 0.1000000015
12483  -33.838  -42.639  6.242 0.1000000015
10602  -34.346  -45.040  7.072 0.2000000030
10589  -34.584  -45.640  6.407 0.1000000015
9991  -35.208  -45.789  6.134 0.1000000015
9464  -36.006  -47.474  4.936 0.1000000015
10021  -36.253  -46.947  4.272 0.1000000015
9480  -37.374  -47.741  4.814 0.1000000015
9492  -37.743  -47.554  4.070 0.1000000015
9538  -37.647  -48.014  2.566 0.1000000015
9537  -36.488  -47.972  2.060 0.1000000015
10079  -35.015  -47.336  2.077 0.1000000015
10709  -35.203  -44.721  -0.503 0.1000000015
10554  -33.410  -46.474  11.323 0.2000000030
8886  -33.379  -47.897  9.475 0.2000000030
8900  -33.795  -48.780  8.655 0.3000000119
8295  -33.232  -49.763  8.463 0.3000000119
10536  -32.362  -46.106  11.683 0.2000000030
9949  -33.860  -46.908  10.527 0.2000000030
94091  -33.089  -48.427  9.189 0.3000000119
12468  -29.478  -42.810  8.479 0.3000000119
11837  -29.419  -43.506  8.383 0.3000000119
11222  -29.492  -45.145  8.816 0.3000000119
10551  -30.237  -46.066  8.742 0.3000000119
13735  -30.191  -40.633  10.264 0.3000000119
13123  -30.214  -41.876  9.995 0.3000000119
11834  -29.627  -44.218  9.400 0.3000000119
11208  -29.835  -45.183  9.416 0.3000000119
14361  -33.086  -38.516  10.495 0.2000000030
14359  -30.722  -39.154  10.186 0.3000000119
14965  -32.386  -38.158  9.914 0.2000000030
14983  -33.649  -37.125  8.936 0.2000000030
15623  -31.302  -36.595  8.819 0.3000000119
15624  -32.610  -35.935  8.786 0.3000000119
15638  -31.411  -36.135  7.607 0.3000000119
15651  -32.007  -36.107  5.770 0.2000000030
15639  -32.505  -35.221  7.364 0.3000000119
16284  -33.599  -35.073  6.880 0.2000000030
16292  -33.568  -35.161  5.562 0.2000000030
16304  -34.276  -35.409  4.041 0.2000000030
15040  -36.200  -38.545  3.565 0.1000000015
13161  -34.657  -42.125  5.928 0.1000000015
12502  -35.546  -41.441  5.900 0.1000000015
12535  -36.402  -40.698  3.850 0.1000000015
11840  -34.258  -43.247  6.273 0.1000000015
11849  -34.524  -42.815  6.006 0.1000000015
11858  -34.113  -42.268  5.114 0.1000000015
12534  -34.979  -41.174  3.670 0.1000000015
11848  -34.330  -43.566  6.308 0.1000000015
11856  -34.481  -43.521  6.000 0.1000000015
11857  -34.160  -43.494  5.582 0.1000000015
94125  -34.547  -41.906  3.888 0.1000000015
11242  -34.444  -44.624  6.810 0.1000000015
10618  -34.506  -45.013  5.391 0.1000000015
94124  -33.951  -44.421  4.149 0.1000000015
10605  -35.401  -45.890  5.505 0.1000000015
10644  -35.240  -45.736  4.242 0.1000000015
10663  -34.826  -45.940  3.471 0.1000000015
10631  -35.730  -46.470  4.291 0.1000000015
10022  -36.896  -47.365  3.795 0.1000000015
10054  -35.810  -47.182  3.237 0.1000000015
10080  -36.452  -47.701  2.486 0.1000000015
11185  -32.528  -44.946  13.207 0.3000000119
11197  -31.572  -45.054  12.261 0.3000000119
10535  -31.534  -46.120  10.953 0.3000000119
10553  -32.577  -46.731  10.389 0.2000000030
94096  -32.539  -47.552  9.401 0.2000000030
94090  -32.754  -48.021  9.200 0.2000000030
13124  -30.264  -41.260  10.738 0.3000000119
12453  -30.216  -42.306  11.096 0.3000000119
11828  -30.325  -44.623  11.152 0.3000000119
11196  -30.757  -45.443  11.030 0.3000000119
14341  -33.125  -39.585  11.013 0.2000000030
13125  -30.882  -41.062  11.132 0.3000000119
14966  -33.847  -38.116  9.851 0.2000000030
15612  -34.634  -37.144  9.601 0.2000000030
15625  -34.137  -36.207  8.972 0.2000000030
16275  -34.930  -35.591  8.824 0.3000000119
17052  -35.498  -35.011  7.575 0.2000000030
17076  -35.945  -34.466  5.238 0.2000000030
10662  -33.785  -42.597  1.843 0.1000000015
11169  -33.445  -44.351  14.209 0.1000000015
11184  -32.110  -43.913  12.816 0.3000000119
11820  -31.330  -43.671  12.809 0.3000000119
12442  -30.129  -42.661  12.250 0.3000000119
12443  -30.695  -43.042  12.874 0.3000000119
13113  -33.046  -40.526  11.886 0.3000000119
13112  -31.726  -40.991  11.399 0.3000000119
13102  -31.249  -41.144  12.539 0.3000000119
13101  -30.502  -41.640  12.824 0.3000000119
13722  -33.755  -39.600  11.795 0.2000000030
14343  -35.064  -39.073  10.873 0.2000000030
14946  -35.368  -38.659  10.673 0.1000000015
15626  -35.242  -36.449  9.341 0.2000000030
13738  -37.267  -39.198  11.047 0.1000000015
15614  -36.410  -37.462  9.783 0.2000000030
15640  -37.349  -37.350  8.981 0.2000000030
17054  -36.840  -36.271  8.494 0.3000000119
11807  -32.682  -42.933  13.669 0.3000000119
11806  -32.046  -43.192  12.857 0.3000000119
12430  -31.701  -42.445  12.877 0.3000000119
13095  -31.095  -41.702  12.945 0.3000000119
13104  -33.678  -41.069  12.434 0.3000000119
13103  -32.417  -41.021  12.385 0.3000000119
13096  -31.986  -41.503  12.898 0.3000000119
13114  -34.324  -40.533  11.955 0.2000000030
13115  -35.472  -40.409  11.979 0.2000000030
12454  -36.954  -40.640  11.858 0.1000000015
12447  -37.855  -39.878  11.000 0.1000000015
11200  -39.105  -39.464  9.876 0.1000000015
11210  -39.622  -39.750  9.670 0.1000000015
11795  -33.315  -41.819  14.481 0.3000000119
12431  -32.515  -41.608  13.658 0.3000000119
13105  -34.820  -41.049  12.102 0.2000000030
12444  -34.346  -41.119  12.690 0.3000000119
13097  -32.846  -41.131  13.117 0.3000000119
12446  -36.351  -41.184  12.427 0.2000000030
12445  -35.106  -41.017  12.755 0.2000000030
11810  -37.918  -41.337  12.046 0.1000000015
11187  -39.034  -42.574  11.642 0.1000000015
11186  -38.677  -41.816  11.462 0.1000000015
11830  -37.708  -40.492  11.404 0.1000000015
11822  -37.952  -40.441  10.763 0.1000000015
10522  -38.837  -41.708  10.920 0.1000000015
11199  -38.638  -40.959  10.646 0.1000000015
10539  -39.234  -41.226  10.620 0.1000000015
12419  -34.446  -41.727  14.725 0.2000000030
12433  -35.394  -41.209  13.675 0.2000000030
12432  -33.805  -41.130  13.673 0.2000000030
11809  -37.086  -41.241  12.342 0.1000000015
11811  -38.933  -41.688  12.598 0.1000000015
10524  -38.866  -43.158  11.000 0.1000000015
10540  -39.220  -42.562  10.665 0.1000000015
11211  -40.445  -43.418  10.965 0.1000000015
10541  -39.393  -43.274  10.876 0.1000000015
10559  -40.801  -42.995  10.130 0.1000000015
9942  -41.544  -44.059  10.651 0.1000000015
9405  -42.721  -44.226  10.363 0.1000000015
6124  -33.493  -53.963  4.572 0.4000000060
6123  -32.859  -53.328  4.079 0.5000000000
6637  -32.518  -52.660  3.835 0.5000000000
6135  -32.694  -53.222  3.297 0.5000000000
6115  -33.580  -54.320  5.942 0.5000000000
93926  -34.415  -56.261  6.628 0.5000000000
5655  -33.713  -55.263  5.130 0.6000000238
4676  -35.869  -56.815  6.466 0.5000000000
4162  -35.607  -57.609  6.509 0.3000000119
3756  -35.349  -58.210  5.366 0.5000000000
93908  -34.155  -58.211  6.404 0.5000000000
6665  -32.561  -52.078  2.269 0.4000000060
4163  -36.631  -57.272  6.272 0.4000000060
5234  -37.643  -55.452  2.599 0.4000000060
4762  -37.322  -56.151  1.948 0.4000000060
5671  -39.785  -54.353  3.591 0.4000000060
6171  -38.198  -53.611  2.568 0.4000000060
5134  -34.866  -56.398  10.394 0.2000000030
6651  -32.825  -52.705  2.474 0.5000000000
5667  -34.933  -55.128  3.534 0.6000000238
5198  -35.591  -55.674  5.235 0.6000000238
5197  -34.484  -55.568  5.256 0.6000000238
5196  -33.985  -55.512  4.916 0.6000000238
5648  -34.219  -55.594  5.963 0.6000000238
5179  -35.349  -56.355  5.836 0.5000000000
4659  -36.472  -56.983  6.468 0.5000000000
6151  -34.269  -53.740  2.286 0.5000000000
5216  -35.742  -55.493  4.282 0.6000000238
5180  -36.472  -56.145  6.070 0.5000000000
4678  -37.691  -56.447  6.137 0.5000000000
4677  -36.551  -56.596  6.381 0.5000000000
6166  -33.554  -52.984  1.888 0.5000000000
5682  -35.464  -54.576  3.077 0.5000000000
5657  -37.571  -54.739  4.245 0.4000000060
5217  -36.583  -55.087  4.201 0.5000000000
8377  -33.352  -49.273  1.493 0.4000000060
6652  -34.230  -53.334  1.729 0.5000000000
5658  -38.649  -54.474  4.487 0.4000000060
6127  -39.836  -53.212  4.548 0.4000000060
6639  -37.760  -52.804  3.059 0.4000000060
7188  -31.869  -51.484  6.061 0.5000000000
7190  -33.432  -52.612  5.728 0.4000000060
93929  -34.155  -55.959  7.039 0.5000000000
8982  -29.458  -47.572  4.650 0.5000000000
94110  -31.030  -43.749  3.711 0.2000000030
8357  -34.457  -48.603  2.286 0.2000000030
8380  -36.390  -49.417  1.761 0.2000000030
7225  -38.098  -51.100  2.009 0.1000000015
7729  -31.325  -50.981  6.677 0.4000000060
7179  -32.824  -51.613  6.569 0.5000000000
6616  -34.408  -53.236  7.096 0.4000000060
94117  -31.878  -43.319  4.993 0.2000000030
14441  -31.438  -41.645  4.488 0.1000000015
8358  -35.363  -48.992  2.456 0.2000000030
7224  -37.577  -50.352  1.365 0.1000000015
8989  -37.514  -48.852  2.713 0.1000000015
9010  -36.645  -48.481  0.876 0.1000000015
5630  -36.397  -54.060  9.156 0.3000000119
6092  -36.084  -53.774  8.562 0.3000000119
7719  -35.590  -50.638  8.667 0.3000000119
6598  -36.718  -52.959  8.542 0.3000000119
7170  -35.071  -51.969  7.592 0.3000000119
6102  -35.374  -53.413  8.181 0.3000000119
7169  -33.768  -51.964  7.335 0.3000000119
7726  -33.524  -50.699  7.773 0.3000000119
7168  -32.603  -51.440  7.418 0.3000000119
8326  -30.465  -49.527  6.461 0.4000000060
8318  -30.877  -49.463  6.970 0.4000000060
7724  -31.468  -51.007  7.554 0.4000000060
8968  -29.492  -48.030  5.458 0.4000000060
8335  -29.832  -49.323  6.029 0.4000000060
15003  -30.287  -38.855  6.274 0.3000000119
14423  -31.039  -40.775  4.533 0.2000000030
8951  -33.785  -46.321  5.585 0.2000000030
94100  -33.868  -45.260  7.089 0.2000000030
94098  -33.955  -46.450  5.712 0.1000000015
8922  -34.638  -46.833  5.408 0.1000000015
8953  -35.512  -48.152  4.813 0.1000000015
8936  -35.821  -47.980  5.348 0.1000000015
8937  -36.739  -48.128  5.370 0.1000000015
7155  -37.163  -51.845  9.136 0.2000000030
6082  -37.392  -52.963  9.621 0.2000000030
8310  -33.307  -50.281  8.365 0.3000000119
11229  -29.430  -45.224  7.626 0.3000000119
15016  -32.423  -38.727  5.062 0.1000000015
14427  -34.294  -39.427  5.253 0.1000000015
94118  -33.176  -42.458  5.528 0.1000000015
12482  -33.521  -42.723  6.232 0.1000000015
9461  -34.816  -46.744  5.616 0.1000000015
9439  -35.043  -46.834  5.481 0.1000000015
9993  -35.439  -46.414  5.237 0.1000000015
9524  -38.353  -47.819  3.290 0.1000000015
7720  -36.316  -50.675  9.363 0.2000000030
8901  -35.005  -49.123  9.377 0.2000000030
8298  -35.669  -49.814  9.295 0.3000000119
13134  -30.224  -41.569  9.170 0.3000000119
11838  -29.418  -43.674  7.582 0.3000000119
10571  -29.701  -45.654  8.557 0.3000000119
14944  -31.035  -38.879  9.892 0.3000000119
14376  -30.185  -39.823  10.217 0.3000000119
16303  -32.596  -35.742  4.348 0.2000000030
15005  -34.798  -38.924  5.198 0.1000000015
15006  -35.098  -39.035  5.309 0.1000000015
14405  -36.232  -40.666  5.912 0.1000000015
13164  -37.314  -40.695  5.752 0.1000000015
13778  -34.435  -40.805  6.366 0.1000000015
13765  -35.966  -40.941  7.432 0.1000000015
13151  -36.241  -41.272  6.698 0.1000000015
13159  -33.949  -41.552  6.354 0.1000000015
13149  -35.332  -41.653  7.032 0.1000000015
13148  -34.809  -41.503  7.166 0.1000000015
11274  -40.358  -42.035  3.231 0.1000000015
11874  -41.192  -42.073  3.108 0.1000000015
11231  -34.080  -43.731  6.889 0.1000000015
12485  -34.384  -42.007  6.242 0.1000000015
11241  -34.322  -43.902  7.035 0.1000000015
10603  -34.605  -45.335  6.272 0.1000000015
10010  -35.621  -46.840  4.806 0.1000000015
10070  -37.237  -47.541  2.984 0.1000000015
94092  -33.436  -47.429  10.007 0.2000000030
12460  -30.102  -42.742  9.780 0.3000000119
11209  -30.387  -45.433  10.015 0.3000000119
13747  -30.197  -40.194  10.344 0.3000000119
12461  -30.148  -41.983  10.510 0.3000000119
11827  -30.258  -44.222  10.477 0.3000000119
12452  -30.180  -43.322  10.457 0.3000000119
14360  -32.094  -39.062  10.868 0.3000000119
13736  -31.005  -40.185  10.829 0.3000000119
16274  -33.842  -35.116  8.281 0.3000000119
15652  -32.768  -35.142  6.085 0.2000000030
15669  -34.381  -37.446  3.451 0.1000000015
16329  -36.702  -37.130  3.331 0.2000000030
15018  -34.546  -38.685  4.259 0.1000000015
12501  -34.756  -41.686  5.919 0.1000000015
12536  -38.434  -41.513  3.336 0.1000000015
10009  -34.727  -45.334  4.659 0.1000000015
11198  -32.374  -45.571  12.401 0.3000000119
11819  -30.372  -44.190  12.292 0.3000000119
12441  -30.095  -43.230  11.253 0.3000000119
13111  -30.332  -41.252  11.881 0.3000000119
13721  -32.367  -40.158  11.036 0.3000000119
13708  -34.210  -39.212  11.577 0.2000000030
13720  -31.763  -40.594  10.916 0.3000000119
14967  -35.159  -37.819  10.499 0.2000000030
17053  -36.678  -35.425  7.982 0.2000000030
17061  -36.318  -35.205  6.611 0.2000000030
17078  -37.961  -36.379  5.877 0.2000000030
10520  -33.720  -45.714  13.108 0.1000000015
13709  -34.615  -39.320  11.751 0.2000000030
14326  -35.548  -39.167  11.322 0.2000000030
14948  -36.607  -38.222  10.283 0.1000000015
12448  -38.490  -38.873  10.041 0.2000000030
13106  -35.904  -40.950  11.907 0.2000000030
13724  -35.882  -39.667  11.911 0.2000000030
13126  -37.305  -39.806  11.782 0.1000000015
12455  -37.564  -40.122  11.686 0.1000000015
11821  -37.292  -40.970  11.686 0.1000000015
11808  -33.116  -41.836  13.874 0.3000000119
10558  -40.146  -42.676  10.771 0.1000000015
9951  -41.420  -43.750  10.300 0.1000000015
3754  -33.674  -58.739  4.975 0.3000000119
3346  -32.775  -59.245  4.830 0.3000000119
3347  -33.203  -59.286  5.078 0.3000000119
4771  -30.901  -56.377  0.950 0.2000000030
5728  -30.654  -54.568  -0.609 0.2000000030
3345  -32.069  -59.454  3.878 0.4000000060
3777  -31.521  -59.192  2.531 0.3000000119
3354  -31.652  -60.041  3.056 0.3000000119
3776  -31.055  -58.480  2.197 0.3000000119
3768  -34.377  -58.382  4.572 0.4000000060
3001  -32.201  -60.305  2.567 0.4000000060
4249  -31.078  -57.867  1.510 0.3000000119
4772  -31.684  -56.558  0.606 0.2000000030
3767  -33.486  -58.838  3.880 0.4000000060
3766  -32.524  -59.206  3.090 0.4000000060
3378  -31.890  -59.555  1.273 0.4000000060
4200  -35.172  -58.028  4.641 0.4000000060
4222  -35.823  -57.506  4.293 0.4000000060
3006  -32.123  -60.309  1.910 0.4000000060
4258  -31.690  -57.984  0.786 0.3000000119
5258  -32.040  -55.607  0.058 0.3000000119
3779  -33.024  -58.523  3.065 0.4000000060
3367  -32.456  -59.960  2.502 0.4000000060
3796  -31.886  -59.088  0.818 0.3000000119
4713  -35.654  -56.976  3.514 0.4000000060
3778  -32.507  -58.943  2.288 0.4000000060
4264  -32.435  -57.692  0.252 0.3000000119
4714  -36.587  -56.787  3.919 0.4000000060
4220  -33.760  -57.743  3.342 0.4000000060
3797  -32.348  -58.632  0.878 0.4000000060
3787  -32.482  -58.758  1.277 0.4000000060
4739  -36.381  -56.485  2.981 0.4000000060
4238  -33.173  -57.667  2.433 0.4000000060
4237  -32.529  -58.065  1.759 0.4000000060
4711  -33.754  -56.723  2.967 0.4000000060
4736  -33.622  -56.184  2.132 0.4000000060
4251  -33.225  -57.323  1.268 0.4000000060
3788  -32.624  -57.985  1.163 0.4000000060
3807  -32.679  -58.073  -0.008 0.3000000119
4738  -35.618  -56.391  2.609 0.4000000060
3798  -33.050  -58.040  0.368 0.4000000060
3819  -32.782  -57.971  -1.405 0.2000000030
4761  -36.599  -56.427  1.951 0.3000000119
5233  -35.293  -55.840  2.141 0.4000000060
5231  -34.214  -55.703  1.588 0.4000000060
4260  -33.464  -57.008  0.341 0.4000000060
3808  -33.211  -57.856  -0.892 0.2000000030
5246  -37.161  -56.012  1.166 0.3000000119
5245  -35.848  -55.662  1.398 0.3000000119
5232  -34.610  -55.527  1.926 0.3000000119
4266  -33.348  -56.877  -0.529 0.3000000119
4309  -32.377  -57.967  -3.295 0.2000000030
5701  -36.617  -55.020  1.287 0.3000000119
4774  -33.954  -56.481  0.732 0.4000000060
5244  -34.654  -54.965  1.021 0.3000000119
4775  -34.536  -55.789  0.365 0.2000000030
4792  -34.022  -56.213  -0.866 0.2000000030
3820  -33.239  -57.914  -2.139 0.1000000015
3832  -32.860  -58.739  -2.785 0.2000000030
5260  -35.128  -55.249  0.219 0.2000000030
5274  -34.922  -55.562  -0.087 0.2000000030
4793  -34.986  -56.516  -1.164 0.1000000015
4276  -33.808  -56.841  -1.641 0.1000000015
6169  -35.877  -54.281  1.339 0.2000000030
5700  -35.737  -54.794  0.773 0.3000000119
5716  -35.124  -55.179  0.327 0.3000000119
6682  -35.169  -53.157  1.495 0.2000000030
6168  -35.539  -54.309  1.085 0.3000000119
5717  -35.411  -54.795  0.210 0.2000000030
4782  -34.802  -55.981  -0.435 0.1000000015
3833  -33.536  -58.461  -3.278 0.1000000015
5275  -35.406  -55.491  -0.487 0.1000000015
4277  -35.252  -57.186  -1.852 0.1000000015
4295  -34.305  -57.501  -2.576 0.1000000015
3413  -33.241  -59.895  -2.930 0.1000000015
3429  -32.648  -60.149  -3.796 0.1000000015
6188  -35.383  -54.056  0.301 0.1000000015
5261  -35.418  -55.051  -0.145 0.2000000030
5288  -35.841  -55.390  -1.082 0.1000000015
4784  -36.368  -56.331  -1.349 0.1000000015
4278  -36.502  -57.420  -2.054 0.1000000015
3834  -34.959  -58.153  -2.953 0.1000000015
3064  -33.115  -60.367  -3.504 0.1000000015
3853  -32.151  -59.856  -5.335 0.1000000015
5276  -36.244  -55.876  -0.830 0.1000000015
4297  -36.087  -57.444  -2.884 0.1000000015
3835  -35.528  -57.742  -2.921 0.1000000015
3084  -33.209  -60.286  -4.629 0.1000000015
3103  -32.853  -60.388  -5.249 0.1000000015
3845  -34.644  -57.986  -3.707 0.1000000015
10556  -39.854  -39.908  8.902 0.2000000030
5731  -35.325  -54.715  -0.561 0.1000000015
6204  -35.279  -54.247  -0.262 0.1000000015
4795  -37.173  -56.763  -1.897 0.1000000015
4298  -36.913  -57.105  -2.428 0.1000000015
3355  -32.346  -59.619  3.388 0.3000000119
3356  -33.114  -59.343  4.483 0.4000000060
4757  -31.313  -57.028  1.263 0.3000000119
3786  -31.548  -59.056  1.614 0.3000000119
2990  -31.835  -60.343  2.496 0.3000000119
4221  -34.677  -57.738  4.021 0.4000000060
3379  -32.152  -59.470  1.251 0.4000000060
3806  -32.228  -58.362  0.724 0.3000000119
4712  -34.600  -56.801  3.331 0.4000000060
4758  -33.949  -56.221  1.371 0.4000000060
4759  -34.437  -55.981  1.013 0.3000000119
4781  -34.033  -56.411  -0.053 0.2000000030
3843  -32.547  -59.216  -3.760 0.1000000015
4783  -35.788  -56.249  -0.773 0.1000000015
3412  -32.663  -60.063  -3.000 0.1000000015
4794  -36.094  -56.810  -1.460 0.1000000015
4296  -35.460  -57.501  -2.583 0.1000000015
3446  -32.648  -60.207  -4.865 0.1000000015
4279  -37.131  -57.339  -2.037 0.1000000015
3102  -32.536  -60.361  -5.629 0.1000000015
5289  -36.473  -55.784  -1.761 0.1000000015
5730  -35.052  -54.438  -0.757 0.1000000015
93922  -33.332  -57.485  6.865 0.3000000119
4693  -33.345  -57.552  5.604 0.2000000030
4692  -33.317  -56.781  5.166 0.3000000119
4198  -32.707  -57.897  5.145 0.2000000030
93916  -34.022  -57.905  7.459 0.4000000060
4179  -33.557  -57.915  6.164 0.3000000119
4710  -32.696  -57.076  4.347 0.2000000030
4197  -32.077  -58.111  4.482 0.2000000030
4709  -32.092  -56.901  3.603 0.1000000015
4219  -32.172  -57.634  4.287 0.2000000030
4708  -30.873  -56.751  3.342 0.1000000015
3753  -32.638  -58.921  5.670 0.3000000119
5212  -31.575  -55.764  3.518 0.1000000015
4218  -31.558  -57.896  3.882 0.2000000030
5230  -30.356  -56.054  2.705 0.1000000015
4735  -30.491  -56.887  2.413 0.1000000015
5698  -29.554  -54.819  1.494 0.1000000015
5229  -29.644  -55.820  2.098 0.1000000015
4734  -29.993  -56.408  1.982 0.1000000015
5714  -29.399  -54.216  0.603 0.1000000015
5241  -29.953  -55.542  1.233 0.1000000015
3752  -32.160  -58.730  4.513 0.2000000030
4217  -30.728  -57.918  3.188 0.2000000030
5256  -30.113  -54.862  0.637 0.1000000015
3729  -33.734  -58.531  5.915 0.2000000030
93921  -33.422  -59.020  5.828 0.3000000119
3765  -31.527  -58.878  3.413 0.2000000030
4236  -30.587  -57.994  2.525 0.2000000030
5727  -29.544  -54.361  -0.427 0.1000000015
3730  -34.904  -58.433  6.324 0.2000000030
4248  -30.603  -57.786  1.971 0.2000000030
5242  -30.505  -56.012  1.067 0.1000000015
5715  -30.254  -54.454  0.213 0.1000000015
5257  -30.806  -55.434  0.338 0.1000000015
5740  -29.769  -54.479  -1.438 0.1000000015
3337  -33.330  -59.158  5.634 0.2000000030
5271  -30.903  -55.083  -0.293 0.1000000015
3742  -34.225  -58.504  5.639 0.2000000030
5729  -31.209  -54.675  -1.314 0.1000000015
5273  -32.180  -55.607  -0.928 0.1000000015
5790  -28.545  -54.489  -3.203 0.1000000015
5764  -30.039  -54.527  -2.451 0.1000000015
5741  -30.673  -54.512  -1.769 0.1000000015
5286  -31.611  -55.171  -1.564 0.1000000015
4259  -32.259  -57.029  0.294 0.3000000119
5792  -30.193  -54.866  -3.321 0.1000000015
3764  -31.073  -58.489  2.781 0.2000000030
4756  -30.547  -56.635  1.650 0.1000000015
5763  -29.069  -54.497  -2.257 0.1000000015
5789  -27.581  -54.290  -3.376 0.1000000015
4773  -32.452  -56.458  0.054 0.2000000030
5323  -30.766  -55.699  -3.652 0.1000000015
5349  -30.395  -55.821  -4.478 0.1000000015
5324  -31.885  -55.625  -3.547 0.2000000030
4851  -29.654  -56.552  -5.156 0.1000000015
4791  -32.506  -56.106  -1.590 0.2000000030
4812  -32.629  -55.854  -3.148 0.2000000030
4852  -30.304  -56.548  -4.591 0.2000000030
4827  -30.991  -56.577  -4.136 0.2000000030
4828  -31.770  -56.760  -3.692 0.1000000015
4780  -32.521  -56.440  -0.760 0.2000000030
4813  -32.584  -56.536  -2.309 0.1000000015
4322  -29.693  -57.184  -4.984 0.1000000015
4853  -31.148  -57.387  -4.650 0.1000000015
4265  -32.546  -57.366  -0.392 0.2000000030
4275  -32.561  -57.082  -1.444 0.2000000030
4829  -32.545  -56.895  -3.024 0.1000000015
4294  -32.590  -57.638  -2.330 0.1000000015
4308  -31.733  -58.317  -4.203 0.1000000015
5287  -32.084  -55.548  -1.812 0.1000000015
5306  -31.620  -55.296  -2.635 0.1000000015
93909  -33.539  -57.785  8.256 0.2000000030
4675  -33.328  -57.223  6.340 0.1000000015
6093  -37.030  -53.543  9.176 0.2000000030
6079  -34.938  -53.656  9.459 0.1000000015
7694  -36.177  -50.093  10.386 0.1000000015
7118  -36.352  -50.838  10.167 0.1000000015
8887  -34.877  -47.813  10.112 0.1000000015
7711  -36.462  -50.333  9.952 0.1000000015
10555  -33.807  -46.459  11.803 0.2000000030
9950  -34.416  -46.820  11.264 0.1000000015
8268  -35.612  -49.228  10.419 0.1000000015
10537  -33.075  -46.250  12.423 0.2000000030
9403  -35.350  -47.960  10.661 0.1000000015
8888  -36.137  -48.660  10.098 0.1000000015
8874  -36.089  -48.835  10.384 0.1000000015
93903  -33.492  -57.478  8.881 0.2000000030
8269  -36.328  -49.363  10.238 0.1000000015
5622  -36.720  -53.984  9.574 0.1000000015
7693  -35.504  -50.322  10.415 0.1000000015
9396  -35.108  -47.605  11.090 0.1000000015
93910  -33.109  -57.407  8.371 0.1000000015
93917  -32.742  -57.252  7.817 0.1000000015
11794  -33.593  -42.717  14.752 0.1000000015
11781  -34.127  -43.395  14.815 0.1000000015
12409  -35.092  -42.611  14.766 0.1000000015
12408  -34.583  -43.044  14.795 0.1000000015
11782  -34.731  -43.454  15.048 0.1000000015
11152  -34.221  -44.245  14.869 0.1000000015
12418  -34.345  -42.636  14.924 0.1000000015
10487  -33.889  -45.331  14.915 0.1000000015
12420  -35.862  -41.684  14.491 0.1000000015
11153  -34.535  -44.167  15.498 0.1000000015
12410  -36.200  -42.530  15.031 0.1000000015
11783  -35.447  -43.062  15.199 0.1000000015
11764  -35.223  -43.729  15.537 0.1000000015
10488  -34.290  -44.713  15.221 0.1000000015
11766  -36.755  -43.670  15.409 0.1000000015
11765  -36.034  -43.185  15.523 0.1000000015
12411  -37.215  -42.796  14.620 0.1000000015
12421  -37.145  -41.740  14.439 0.1000000015
17063  -38.115  -36.743  7.468 0.1000000015
94129  -38.553  -38.773  6.846 0.1000000015
12434  -36.863  -41.311  13.351 0.1000000015
16305  -36.688  -35.028  4.099 0.1000000015
16317  -37.831  -36.480  3.904 0.1000000015
15736  -39.206  -39.913  4.946 0.1000000015
16318  -37.885  -38.203  4.494 0.1000000015
12395  -36.244  -42.864  15.293 0.1000000015
11137  -35.846  -44.203  15.832 0.1000000015
16331  -37.325  -38.507  3.645 0.1000000015
14431  -38.178  -39.680  5.415 0.1000000015
7252  -35.506  -51.257  0.735 0.1000000015
5640  -31.838  -54.421  7.183 0.1000000015
5645  -31.955  -54.524  6.064 0.1000000015
5646  -32.548  -55.276  5.666 0.1000000015
6099  -31.274  -53.567  7.359 0.1000000015
6108  -31.300  -53.794  6.414 0.1000000015
6114  -31.330  -53.834  5.412 0.1000000015
5641  -32.814  -55.517  6.932 0.1000000015
5627  -31.551  -54.978  8.944 0.1000000015
5636  -32.321  -55.215  8.190 0.1000000015
6107  -30.676  -53.274  6.805 0.1000000015
6098  -30.440  -53.348  8.089 0.1000000015
5635  -31.565  -53.894  8.296 0.1000000015
6606  -29.766  -52.508  7.686 0.1000000015
5634  -30.995  -53.593  8.528 0.1000000015
6560  -24.236  -51.997  12.449 0.1000000015
7109  -23.592  -51.384  11.634 0.1000000015
6591  -22.964  -52.281  8.975 0.1000000015
6604  -23.120  -52.351  7.738 0.1000000015
7160  -23.200  -51.567  7.670 0.1000000015
7161  -23.834  -51.457  7.256 0.1000000015
93924  -32.744  -56.636  7.059 0.1000000015
6605  -24.097  -52.518  7.064 0.1000000015
7162  -25.035  -51.113  7.246 0.1000000015
6607  -30.260  -52.729  7.065 0.1000000015
6613  -29.685  -52.197  6.491 0.1000000015
5195  -32.648  -55.929  5.230 0.1000000015
6612  -25.275  -52.236  5.918 0.1000000015
7183  -25.477  -51.578  5.649 0.1000000015
7175  -26.769  -51.343  6.403 0.1000000015
7177  -28.991  -51.443  6.387 0.1000000015
7166  -29.496  -51.645  7.352 0.1000000015
5213  -32.489  -55.930  4.268 0.1000000015
6106  -25.209  -53.034  6.052 0.1000000015
7184  -26.196  -51.312  5.512 0.1000000015
7165  -28.569  -51.318  7.346 0.1000000015
7108  -23.131  -51.738  11.303 0.1000000015
6578  -23.076  -52.391  10.073 0.1000000015
7123  -23.114  -51.503  9.659 0.1000000015
5628  -32.035  -55.394  8.771 0.1000000015
5151  -32.428  -55.897  8.827 0.1000000015
93919  -32.538  -56.838  8.759 0.1000000015
7142  -23.250  -51.325  8.352 0.1000000015
5177  -32.866  -56.470  6.162 0.1000000015
7174  -25.705  -51.348  6.387 0.1000000015
7176  -27.908  -51.388  6.392 0.1000000015
6097  -29.682  -53.039  8.233 0.1000000015
7164  -27.404  -51.328  7.366 0.1000000015
7148  -29.748  -51.859  8.001 0.1000000015
7677  -24.308  -50.650  12.285 0.1000000015
7687  -24.175  -50.566  11.563 0.1000000015
8243  -25.370  -49.559  12.119 0.1000000015
7679  -26.316  -49.921  12.735 0.1000000015
5142  -32.648  -55.559  9.361 0.1000000015
7116  -23.594  -51.091  10.475 0.1000000015
7699  -24.167  -50.503  10.320 0.1000000015
4632  -33.132  -56.862  9.301 0.1000000015
7124  -24.117  -51.009  9.460 0.1000000015
5626  -30.848  -53.978  8.791 0.1000000015
7143  -24.477  -51.104  8.276 0.1000000015
7163  -26.223  -51.279  7.339 0.1000000015
7146  -28.078  -51.250  8.286 0.1000000015
7147  -29.282  -51.419  8.308 0.1000000015
7145  -26.856  -51.265  8.307 0.1000000015
8245  -26.964  -49.390  12.032 0.1000000015
5141  -32.179  -55.185  9.395 0.1000000015
7688  -24.681  -50.165  11.800 0.1000000015
8256  -26.145  -49.259  11.266 0.1000000015
8246  -28.240  -49.485  12.718 0.1000000015
5617  -30.892  -54.175  9.256 0.1000000015
5618  -31.892  -54.782  9.402 0.1000000015
8262  -25.424  -49.471  10.591 0.1000000015
6087  -30.279  -53.594  8.925 0.1000000015
7700  -24.960  -50.117  9.871 0.1000000015
6592  -29.092  -51.977  8.814 0.1000000015
6086  -29.816  -53.203  8.633 0.1000000015
7125  -25.221  -50.837  9.099 0.1000000015
7144  -25.681  -51.190  8.290 0.1000000015
6075  -30.470  -53.373  9.288 0.1000000015
93913  -33.679  -57.274  9.435 0.1000000015
6580  -29.496  -52.258  9.150 0.1000000015
7126  -26.293  -51.048  9.119 0.1000000015
6077  -32.347  -54.032  9.447 0.1000000015
6581  -30.119  -52.563  9.359 0.1000000015
8263  -26.342  -49.203  10.284 0.1000000015
7128  -28.742  -51.542  9.058 0.1000000015
6579  -29.130  -52.201  9.039 0.1000000015
8273  -25.662  -49.329  9.736 0.1000000015
7127  -27.446  -51.146  9.047 0.1000000015
7701  -25.829  -49.989  9.224 0.1000000015
7702  -26.895  -50.253  9.262 0.1000000015
6088  -31.573  -53.241  9.084 0.1000000015
6089  -32.088  -53.477  8.951 0.1000000015
7129  -29.614  -51.637  9.349 0.1000000015
6594  -30.635  -52.499  9.172 0.1000000015
8257  -27.159  -49.130  10.898 0.1000000015
7704  -29.042  -50.639  9.326 0.1000000015
7703  -27.986  -50.487  9.289 0.1000000015
6597  -32.993  -52.913  8.545 0.1000000015
7149  -30.944  -52.213  8.660 0.1000000015
7705  -30.050  -50.664  9.380 0.1000000015
7130  -30.519  -51.692  9.107 0.1000000015
8274  -26.535  -49.368  9.526 0.1000000015
7152  -33.011  -52.011  8.528 0.1000000015
7680  -27.317  -50.204  12.683 0.1000000015
8232  -30.040  -49.573  13.164 0.1000000015
8247  -29.386  -49.158  12.657 0.1000000015
7172  -24.231  -51.873  6.639 0.1000000015
7173  -24.770  -51.540  6.360 0.1000000015
7187  -29.430  -51.579  5.435 0.1000000015
6593  -29.626  -52.370  8.612 0.1000000015
7691  -24.657  -50.150  10.954 0.1000000015
6076  -31.312  -53.651  9.383 0.1000000015
6074  -29.819  -52.998  9.138 0.1000000015
6595  -31.212  -52.823  9.145 0.1000000015
6596  -31.877  -52.913  8.565 0.1000000015
8231  -29.017  -49.701  13.259 0.1000000015
2709  -22.386  -61.302  -2.697 0.1000000015
2710  -23.190  -61.279  -2.145 0.1000000015
2409  -20.337  -62.507  -4.695 0.1000000015
2410  -21.317  -61.621  -4.574 0.1000000015
2411  -22.216  -61.985  -4.733 0.1000000015
2737  -21.749  -61.388  -4.076 0.1000000015
2708  -21.146  -61.381  -2.716 0.1000000015
2423  -21.168  -62.260  -5.557 0.1000000015
2440  -21.779  -62.346  -6.435 0.1000000015
2439  -20.747  -62.426  -6.423 0.1000000015
3041  -23.173  -60.731  -2.710 0.1000000015
3042  -24.266  -60.589  -2.137 0.1000000015
3033  -24.621  -61.205  -1.421 0.1000000015
2721  -22.075  -61.406  -3.557 0.1000000015
3058  -22.794  -60.704  -3.393 0.1000000015
3040  -22.752  -60.811  -2.917 0.1000000015
2711  -23.695  -61.124  -1.683 0.1000000015
2390  -20.431  -61.695  -2.483 0.1000000015
2707  -20.600  -61.647  -3.093 0.1000000015
2424  -22.388  -62.213  -5.421 0.1000000015
2441  -22.928  -62.352  -6.556 0.1000000015
2455  -23.380  -62.299  -7.710 0.1000000015
4848  -23.441  -55.968  -4.431 0.1000000015
4293  -24.259  -57.722  -2.274 0.1000000015
4826  -23.664  -56.968  -4.810 0.1000000015
3043  -25.606  -60.503  -2.318 0.1000000015
3034  -25.221  -61.092  -1.317 0.1000000015
3022  -25.346  -60.786  -0.706 0.1000000015
3817  -25.639  -59.093  -1.459 0.1000000015
3816  -24.579  -58.665  -1.607 0.1000000015
3839  -24.720  -58.227  -2.938 0.1000000015
3389  -25.356  -60.173  -0.540 0.1000000015
3060  -25.018  -60.506  -3.275 0.1000000015
2701  -24.852  -61.271  -0.807 0.1000000015
3079  -23.387  -60.709  -4.403 0.1000000015
4849  -24.110  -56.102  -4.827 0.1000000015
4306  -24.107  -57.685  -3.853 0.1000000015
5342  -23.683  -55.094  -4.738 0.1000000015
3818  -26.232  -59.432  -1.436 0.1000000015
3830  -26.261  -58.770  -2.043 0.1000000015
3829  -25.227  -58.491  -2.234 0.1000000015
3400  -26.417  -60.061  -1.191 0.1000000015
3411  -26.400  -60.108  -2.092 0.1000000015
3078  -22.595  -61.027  -4.137 0.1000000015
2739  -22.861  -61.331  -4.663 0.1000000015
2757  -23.422  -61.480  -5.435 0.1000000015
2425  -23.145  -62.174  -5.845 0.1000000015
2773  -23.550  -61.995  -6.226 0.1000000015
3059  -23.864  -60.525  -3.345 0.1000000015
4305  -23.222  -57.268  -3.661 0.1000000015
3080  -24.517  -60.523  -4.279 0.1000000015
4292  -22.929  -57.651  -2.946 0.1000000015
3062  -26.230  -60.281  -2.829 0.1000000015
3061  -25.890  -60.472  -3.386 0.1000000015
3082  -26.364  -60.422  -4.315 0.1000000015
3100  -26.808  -60.770  -5.822 0.1000000015
3841  -26.451  -59.117  -2.737 0.1000000015
3427  -26.273  -59.259  -3.460 0.1000000015
3444  -26.536  -59.721  -4.429 0.1000000015
3840  -25.569  -58.496  -3.275 0.1000000015
3443  -25.636  -59.115  -4.056 0.1000000015
3428  -26.467  -59.801  -3.065 0.1000000015
2700  -24.216  -61.377  -1.252 0.1000000015
2720  -21.162  -61.348  -3.660 0.1000000015
2738  -22.230  -61.570  -4.384 0.1000000015
2756  -22.622  -61.729  -4.951 0.1000000015
2818  -30.243  -60.555  -11.484 0.1000000015
2830  -29.327  -61.194  -12.778 0.1000000015
2991  -31.993  -60.399  2.748 0.3000000119
3000  -31.988  -60.456  2.208 0.3000000119
3007  -32.212  -60.318  2.162 0.4000000060
3021  -24.721  -60.664  -0.682 0.1000000015
3023  -25.881  -60.576  -0.993 0.1000000015
3035  -26.029  -60.471  -1.605 0.1000000015
3044  -26.161  -60.359  -2.162 0.1000000015
3045  -32.862  -60.356  -3.342 0.1000000015
3046  -32.954  -60.396  -3.035 0.1000000015
3063  -32.911  -60.395  -4.013 0.1000000015
3083  -32.913  -60.412  -4.631 0.1000000015
3154  -29.899  -60.535  -12.009 0.1000000015
3155  -30.291  -60.204  -12.011 0.1000000015
3165  -29.385  -60.432  -13.475 0.1000000015
3170  -30.079  -60.217  -14.344 0.1000000015
3174  -29.851  -60.051  -14.677 0.1000000015
3336  -32.956  -59.351  5.705 0.3000000119
3366  -31.642  -60.113  2.212 0.3000000119
3372  -31.943  -60.066  1.639 0.4000000060
3373  -32.323  -59.898  1.787 0.4000000060
3390  -26.021  -60.329  -0.560 0.1000000015
3399  -25.977  -59.682  -0.776 0.1000000015
3445  -32.307  -60.287  -5.613 0.1000000015
3466  -32.631  -60.278  -5.256 0.1000000015
3517  -32.283  -58.806  -11.142 0.1000000015
3520  -29.770  -59.723  -12.982 0.1000000015
3525  -30.016  -59.972  -13.461 0.1000000015
3526  -30.435  -59.777  -14.172 0.1000000015
3529  -30.160  -59.779  -14.673 0.1000000015
3533  -29.906  -59.635  -15.172 0.1000000015
3741  -33.323  -58.980  6.055 0.3000000119
3743  -35.237  -58.305  5.663 0.5000000000
3755  -34.921  -58.458  5.147 0.5000000000
3785  -31.038  -58.338  1.809 0.3000000119
3831  -26.471  -59.544  -2.035 0.1000000015
3846  -35.449  -57.770  -3.256 0.1000000015
3854  -32.461  -59.758  -4.461 0.1000000015
3877  -33.202  -58.975  -6.710 0.2000000030
3926  -32.012  -58.697  -11.241 0.1000000015
3927  -32.353  -58.730  -10.928 0.1000000015
3939  -30.484  -59.112  -14.090 0.1000000015
3941  -30.000  -58.920  -14.806 0.1000000015
3944  -29.113  -59.640  -14.915 0.1000000015
3945  -29.787  -59.401  -15.052 0.1000000015
4114  -35.383  -56.783  9.977 0.4000000060
4182  -37.449  -57.027  5.754 0.5000000000
4199  -33.238  -57.830  5.588 0.2000000030
4223  -36.616  -57.320  4.652 0.5000000000
4250  -32.551  -57.981  1.312 0.4000000060
4344  -34.270  -57.837  -5.099 0.1000000015
4410  -31.099  -58.375  -9.850 0.1000000015
4425  -30.413  -58.460  -10.203 0.1000000015
4621  -33.990  -56.972  10.479 0.1000000015
4622  -34.767  -56.789  10.426 0.2000000030
4623  -35.169  -56.543  10.265 0.2000000030
4695  -37.507  -56.499  5.225 0.5000000000
4737  -34.536  -56.149  2.574 0.4000000060
4755  -29.887  -56.151  1.766 0.1000000015
4760  -35.872  -56.247  1.858 0.3000000119
4811  -23.079  -56.987  -3.752 0.1000000015
4815  -38.142  -55.970  -3.634 0.1000000015
4833  -36.738  -56.304  -3.459 0.1000000015
4858  -36.394  -56.752  -3.957 0.1000000015
4926  -29.417  -56.874  -8.565 0.1000000015
5132  -33.860  -56.634  10.470 0.1000000015
5133  -34.420  -56.454  10.399 0.2000000030
5150  -32.046  -55.325  9.243 0.1000000015
5164  -37.024  -56.418  6.463 0.5000000000
5165  -37.410  -56.356  6.373 0.5000000000
5182  -39.816  -54.473  4.888 0.4000000060
5184  -40.358  -54.352  5.003 0.4000000060
5201  -39.343  -54.526  4.583 0.4000000060
5202  -40.104  -54.497  4.656 0.4000000060
5203  -40.467  -54.236  4.802 0.4000000060
5219  -39.475  -54.901  4.109 0.4000000060
5220  -40.205  -54.433  4.140 0.4000000060
5243  -34.352  -55.753  1.302 0.3000000119
5259  -32.460  -55.936  -0.341 0.2000000030
5272  -31.344  -55.146  -0.604 0.1000000015
5307  -32.463  -55.703  -2.318 0.2000000030
5330  -37.844  -55.682  -3.974 0.1000000015
5623  -37.168  -53.901  9.606 0.1000000015
5631  -36.903  -53.886  9.429 0.3000000119
5649  -39.890  -54.314  5.145 0.4000000060
5650  -40.347  -54.063  5.137 0.4000000060
5651  -40.614  -53.941  5.030 0.4000000060
5656  -34.108  -55.485  5.406 0.6000000238
5659  -39.616  -54.064  4.691 0.4000000060
5660  -40.457  -54.221  4.463 0.4000000060
5661  -40.679  -53.799  4.715 0.4000000060
5668  -35.929  -55.060  3.531 0.5000000000
5670  -38.658  -54.654  3.359 0.4000000060
5672  -40.502  -53.798  3.934 0.4000000060
5673  -40.771  -53.549  4.555 0.4000000060
5683  -36.065  -54.629  3.227 0.5000000000
5685  -39.324  -54.153  2.907 0.4000000060
5686  -39.884  -53.995  3.406 0.4000000060
5699  -35.309  -54.792  0.575 0.3000000119
5702  -37.383  -55.209  1.849 0.4000000060
5799  -37.569  -55.230  -3.511 0.1000000015
6080  -36.290  -53.509  9.582 0.1000000015
6081  -37.367  -53.493  9.945 0.2000000030
6090  -32.712  -53.568  9.102 0.1000000015
6091  -35.666  -54.126  8.584 0.3000000119
6094  -37.392  -53.073  9.376 0.2000000030
6116  -40.218  -53.649  5.145 0.4000000060
6117  -40.777  -53.551  5.165 0.4000000060
6118  -40.982  -53.617  5.055 0.4000000060
6125  -38.134  -53.749  4.242 0.4000000060
6126  -39.018  -53.651  4.207 0.4000000060
6128  -40.620  -52.969  4.896 0.4000000060
6129  -41.263  -53.314  4.899 0.4000000060
6138  -38.383  -53.215  3.633 0.4000000060
6139  -39.312  -53.114  3.713 0.4000000060
6140  -40.136  -52.816  3.797 0.4000000060
6141  -40.743  -53.293  4.444 0.4000000060
6154  -38.187  -53.974  2.530 0.4000000060
6155  -38.727  -53.490  2.557 0.4000000060
6156  -39.659  -53.506  3.285 0.4000000060
6167  -33.833  -53.308  1.874 0.5000000000
6306  -29.478  -54.041  -5.935 0.1000000015
6568  -23.107  -52.187  11.379 0.1000000015
6582  -30.689  -53.024  9.410 0.1000000015
6587  -37.209  -52.672  9.733 0.2000000030
6600  -37.304  -52.557  9.354 0.2000000030
6629  -32.789  -52.804  4.433 0.5000000000
6638  -36.973  -53.325  2.733 0.4000000060
6640  -38.761  -52.786  3.216 0.4000000060
6641  -39.413  -52.965  3.372 0.4000000060
6656  -38.245  -52.921  2.647 0.4000000060
6671  -38.166  -53.275  2.553 0.4000000060
6822  -32.439  -51.900  -9.422 0.1000000015
6827  -32.119  -52.486  -10.055 0.1000000015
6828  -32.598  -52.433  -9.849 0.1000000015
6829  -32.987  -51.990  -9.455 0.1000000015
7115  -23.080  -51.774  10.780 0.1000000015
7117  -36.106  -50.661  10.413 0.1000000015
7150  -31.535  -52.329  8.568 0.1000000015
7156  -37.151  -52.148  9.338 0.2000000030
7167  -31.930  -51.398  7.598 0.4000000060
7171  -35.601  -51.977  8.173 0.3000000119
7389  -31.602  -51.466  -8.833 0.1000000015
7397  -31.250  -52.112  -10.262 0.1000000015
7398  -32.417  -52.282  -10.286 0.1000000015
7678  -25.287  -50.084  12.418 0.1000000015
7690  -24.078  -50.789  10.985 0.1000000015
7717  -33.964  -50.445  8.106 0.3000000119
7751  -30.347  -49.794  4.080 0.5000000000
7831  -31.684  -51.288  -3.617 0.1000000015
7871  -28.805  -49.675  -7.293 0.1000000015
7887  -30.360  -50.691  -8.395 0.1000000015
7906  -33.068  -50.096  -8.565 0.1000000015
7922  -32.922  -50.883  -9.477 0.1000000015
7935  -33.344  -51.307  -9.562 0.1000000015
7936  -32.924  -50.807  -9.319 0.1000000015
8244  -25.803  -49.337  12.158 0.1000000015
8255  -25.282  -49.634  11.621 0.1000000015
8284  -36.360  -49.512  9.827 0.2000000030
8309  -32.747  -50.233  8.181 0.3000000119
8319  -31.376  -50.172  7.015 0.4000000060
8325  -30.573  -49.143  6.976 0.4000000060
8488  -28.745  -49.530  -6.869 0.1000000015
8491  -31.850  -49.380  -7.383 0.1000000015
8525  -32.345  -49.780  -8.392 0.1000000015
8537  -30.835  -50.089  -9.540 0.1000000015
8538  -31.955  -50.447  -9.098 0.1000000015
8873  -35.430  -48.475  10.227 0.1000000015
8921  -30.720  -48.696  7.677 0.4000000060
8938  -37.138  -47.956  5.341 0.1000000015
9079  -30.072  -47.408  -7.936 0.1000000015
9080  -30.315  -47.375  -7.979 0.1000000015
9081  -31.669  -48.803  -6.999 0.1000000015
9092  -29.919  -47.462  -8.094 0.1000000015
9104  -29.743  -47.510  -8.262 0.1000000015
9440  -35.288  -46.587  5.475 0.1000000015
9441  -35.493  -46.874  5.036 0.1000000015
9462  -35.398  -47.460  5.074 0.1000000015
9463  -35.769  -47.394  4.907 0.1000000015
9465  -36.784  -47.501  4.834 0.1000000015
9466  -37.103  -47.547  4.699 0.1000000015
9479  -37.124  -47.733  5.148 0.1000000015
9481  -37.495  -47.671  4.463 0.1000000015
9490  -37.656  -48.082  5.097 0.1000000015
9491  -37.944  -47.837  4.385 0.1000000015
9493  -37.557  -47.516  3.914 0.1000000015
9507  -38.444  -47.988  3.766 0.1000000015
9508  -38.218  -47.686  3.770 0.1000000015
9509  -37.950  -47.522  3.701 0.1000000015
9523  -38.434  -48.118  3.053 0.1000000015
9525  -38.118  -47.600  3.291 0.1000000015
9539  -38.177  -47.779  2.860 0.1000000015
9540  -38.229  -47.690  3.086 0.1000000015
9641  -30.014  -47.226  -7.774 0.1000000015
9642  -30.219  -47.281  -7.775 0.1000000015
9652  -29.866  -47.298  -7.912 0.1000000015
9655  -32.278  -47.537  -7.359 0.1000000015
9663  -29.707  -47.331  -8.097 0.1000000015
9952  -41.893  -44.375  10.350 0.1000000015
9975  -35.127  -45.967  6.331 0.1000000015
9976  -35.326  -46.194  6.005 0.1000000015
9992  -35.432  -46.055  5.826 0.1000000015
10011  -36.031  -47.093  4.560 0.1000000015
10012  -36.632  -47.390  4.506 0.1000000015
10034  -36.081  -46.643  3.920 0.1000000015
10035  -37.048  -47.519  3.760 0.1000000015
10036  -37.640  -47.521  3.628 0.1000000015
10055  -37.304  -47.529  3.308 0.1000000015
10056  -37.836  -47.524  3.366 0.1000000015
10069  -36.492  -47.573  2.830 0.1000000015
10071  -37.696  -47.613  2.885 0.1000000015
10081  -37.471  -47.696  2.756 0.1000000015
10082  -37.963  -47.579  2.933 0.1000000015
10188  -31.654  -45.632  -6.200 0.1000000015
10523  -38.811  -42.399  10.946 0.1000000015
10588  -34.393  -45.553  6.542 0.1000000015
10604  -35.230  -45.695  5.754 0.1000000015
10619  -35.473  -46.090  4.899 0.1000000015
10620  -35.840  -46.698  4.440 0.1000000015
11212  -40.751  -43.413  10.816 0.1000000015
11230  -29.423  -44.141  7.762 0.3000000119
11232  -34.115  -43.638  6.676 0.1000000015
11237  -29.000  -44.685  6.564 0.3000000119
11240  -33.839  -43.747  6.852 0.1000000015
11254  -34.473  -44.204  6.293 0.1000000015
11818  -30.157  -43.776  11.575 0.3000000119
11829  -37.464  -40.654  11.709 0.1000000015
11836  -29.433  -43.005  8.337 0.3000000119
11839  -34.062  -43.224  6.407 0.1000000015
11841  -34.379  -42.710  6.170 0.1000000015
11843  -29.433  -42.974  8.090 0.3000000119
11844  -29.414  -43.081  7.771 0.3000000119
11846  -33.691  -43.314  6.435 0.1000000015
11847  -33.919  -43.404  6.472 0.1000000015
12396  -36.539  -43.063  15.110 0.1000000015
12429  -30.720  -42.176  12.901 0.3000000119
12462  -37.197  -40.156  11.865 0.1000000015
12469  -29.526  -42.671  8.686 0.3000000119
12470  -29.723  -42.206  8.639 0.3000000119
12471  -33.906  -42.888  6.351 0.1000000015
12472  -34.101  -42.839  6.289 0.1000000015
12473  -34.165  -42.586  6.237 0.1000000015
12479  -29.458  -42.777  8.240 0.3000000119
12480  -29.440  -42.543  8.153 0.3000000119
12484  -34.135  -42.107  6.277 0.1000000015
12486  -35.057  -41.821  6.373 0.1000000015
12487  -35.435  -41.595  6.589 0.1000000015
12499  -33.770  -42.071  6.220 0.1000000015
12500  -33.917  -41.895  6.331 0.1000000015
13094  -30.728  -41.799  12.952 0.3000000119
13116  -36.692  -39.929  11.918 0.2000000030
13117  -36.960  -39.399  11.693 0.1000000015
13133  -30.145  -42.189  9.245 0.3000000119
13135  -34.511  -41.059  6.972 0.1000000015
13136  -34.595  -41.015  7.227 0.1000000015
13146  -34.251  -41.010  6.713 0.1000000015
13147  -34.474  -41.238  6.773 0.1000000015
13150  -36.022  -41.286  7.086 0.1000000015
13158  -33.999  -41.338  6.427 0.1000000015
13160  -34.852  -41.862  6.186 0.1000000015
13162  -36.562  -41.025  6.898 0.1000000015
13163  -37.016  -41.191  6.349 0.1000000015
13710  -35.332  -39.332  11.760 0.2000000030
13711  -35.936  -39.278  11.661 0.2000000030
13723  -34.928  -39.848  11.889 0.2000000030
13725  -36.550  -39.301  11.614 0.1000000015
13737  -31.814  -39.807  10.875 0.3000000119
13748  -34.557  -40.854  6.987 0.1000000015
13749  -34.650  -40.817  7.391 0.1000000015
13759  -29.861  -41.597  4.844 0.3000000119
13763  -34.709  -40.887  7.169 0.1000000015
13764  -35.270  -40.866  7.395 0.1000000015
13766  -36.346  -41.003  7.255 0.1000000015
13777  -33.809  -40.968  6.309 0.1000000015
13779  -35.066  -40.651  6.572 0.1000000015
13781  -36.443  -40.737  6.716 0.1000000015
13782  -37.006  -40.645  6.270 0.1000000015
13795  -34.701  -40.697  5.365 0.1000000015
13796  -35.479  -40.819  5.433 0.1000000015
13797  -35.950  -40.762  5.633 0.1000000015
14324  -34.444  -39.159  11.461 0.2000000030
14325  -34.863  -39.143  11.397 0.2000000030
14327  -36.093  -39.136  11.307 0.2000000030
14339  -30.460  -38.744  9.777 0.2000000030
14340  -30.677  -38.892  9.878 0.3000000119
14342  -33.966  -39.090  10.923 0.2000000030
14344  -35.778  -38.995  10.897 0.2000000030
14345  -36.418  -39.081  10.816 0.1000000015
14358  -30.187  -39.019  9.464 0.3000000119
14403  -34.725  -39.330  5.235 0.1000000015
14404  -34.940  -39.222  5.278 0.1000000015
14406  -36.731  -40.274  5.597 0.1000000015
14408  -38.059  -39.757  5.712 0.1000000015
14422  -31.045  -41.614  4.403 0.1000000015
14429  -36.009  -40.036  5.245 0.1000000015
14442  -31.386  -40.870  4.721 0.2000000030
14943  -30.796  -38.672  9.849 0.3000000119
14945  -34.708  -38.524  10.636 0.2000000030
14947  -35.932  -38.428  10.635 0.1000000015
14962  -30.103  -38.805  9.137 0.2000000030
14964  -31.125  -38.401  9.857 0.2000000030
14968  -36.019  -37.718  10.387 0.1000000015
14979  -30.154  -38.799  8.649 0.3000000119
14982  -32.589  -37.354  9.087 0.2000000030
15008  -37.342  -39.450  5.087 0.1000000015
15019  -35.534  -38.671  4.848 0.1000000015
15022  -37.742  -39.316  4.919 0.1000000015
15030  -35.988  -38.741  3.903 0.1000000015
15031  -36.508  -38.814  4.350 0.1000000015
15032  -37.021  -39.207  4.653 0.1000000015
15041  -36.433  -38.728  3.712 0.1000000015
15613  -35.638  -37.230  9.837 0.2000000030
15627  -36.248  -36.757  9.409 0.2000000030
15670  -35.157  -38.538  3.493 0.1000000015
15671  -35.581  -38.685  3.818 0.1000000015
15686  -35.228  -36.964  3.099 0.2000000030
15687  -35.781  -37.620  3.145 0.1000000015
15688  -35.859  -38.471  3.433 0.1000000015
15689  -37.243  -38.819  4.273 0.1000000015
15706  -36.622  -37.705  3.214 0.2000000030
15707  -36.590  -38.306  3.367 0.1000000015
15708  -36.846  -38.710  3.791 0.1000000015
16276  -35.853  -36.072  8.920 0.2000000030
16277  -36.556  -36.461  8.894 0.2000000030
16285  -37.166  -36.298  7.992 0.2000000030
16291  -32.788  -35.133  4.942 0.2000000030
16293  -37.695  -36.375  7.961 0.2000000030
16306  -37.760  -35.410  4.789 0.2000000030
16315  -34.884  -36.444  3.248 0.2000000030
16316  -35.937  -36.300  3.286 0.2000000030
16330  -37.364  -37.756  3.311 0.2000000030
17041  -34.333  -34.989  8.130 0.3000000119
17042  -34.792  -35.082  8.239 0.3000000119
17043  -35.770  -35.255  8.561 0.3000000119
17044  -36.437  -35.780  8.698 0.2000000030
17051  -34.434  -35.124  7.593 0.2000000030
17060  -34.782  -35.082  6.203 0.2000000030
17062  -37.695  -35.528  7.202 0.2000000030
17077  -37.282  -35.008  5.626 0.2000000030
17090  -37.704  -37.448  5.342 0.1000000015
93861  -32.896  -59.895  -7.576 0.1000000015
93866  -33.237  -59.414  -7.581 0.1000000015
93867  -33.144  -59.610  -7.503 0.1000000015
93869  -33.471  -58.798  -7.870 0.1000000015
93870  -33.333  -59.297  -7.595 0.1000000015
93871  -33.148  -59.359  -7.899 0.1000000015
93875  -33.624  -58.762  -8.034 0.2000000030
93877  -33.238  -59.227  -7.727 0.1000000015
93878  -33.222  -59.191  -8.062 0.1000000015
93880  -33.412  -58.760  -7.700 0.2000000030
93881  -33.549  -58.561  -7.653 0.1000000015
93882  -33.465  -58.922  -8.116 0.1000000015
93883  -33.368  -59.047  -7.923 0.1000000015
93902  -33.615  -57.731  8.590 0.2000000030
93907  -33.324  -57.531  8.391 0.1000000015
93911  -33.017  -57.314  8.736 0.1000000015
94005  -31.929  -50.572  -7.214 0.1000000015
94006  -32.260  -50.937  -7.695 0.1000000015
94008  -32.907  -49.594  -8.026 0.1000000015
94015  -32.755  -49.950  -8.338 0.1000000015
94102  -30.219  -46.685  8.091 0.3000000119
94108  -29.849  -46.417  8.041 0.3000000119
94109  -29.141  -45.566  6.527 0.3000000119
94115  -29.289  -42.283  5.412 0.4000000060
