#!ascii label  , from subject output2 vox2ras=TkReg
206
36992  -25.726  -8.880  -18.191 0.0000000000
39006  -24.372  -5.949  -21.764 0.0000000000
51625  -21.681  6.627  -31.199 0.0000000000
45807  -22.403  1.054  -28.486 0.0000000000
43768  -24.934  -2.529  -24.721 0.0000000000
38995  -26.702  -5.555  -20.084 0.0000000000
54133  -20.813  8.678  -32.149 0.0000000000
44784  -24.041  -0.981  -26.483 0.0000000000
42824  -23.907  -3.127  -25.446 0.0000000000
38957  -25.248  -7.538  -19.961 0.0000000000
40020  -25.024  -5.169  -19.506 0.0000000000
38958  -26.186  -7.184  -18.859 0.0000000000
34264  -24.025  -11.491  -17.251 0.0000000000
37037  -24.676  -8.032  -18.153 0.0000000000
59280  -18.027  14.292  -33.197 0.0000000000
56590  -19.405  12.290  -33.829 0.0000000000
54931  -20.392  10.601  -33.832 0.0000000000
52576  -21.819  8.801  -32.931 0.0000000000
50671  -22.559  7.743  -29.083 0.0000000000
48813  -21.612  3.976  -28.292 0.0000000000
47890  -21.976  3.206  -28.556 0.0000000000
47863  -23.334  1.537  -27.241 0.0000000000
45786  -24.843  -0.540  -26.160 0.0000000000
43769  -25.460  -2.089  -23.569 0.0000000000
41020  -24.475  -4.279  -22.196 0.0000000000
41021  -25.040  -3.602  -21.149 0.0000000000
43780  -23.562  -2.577  -26.272 0.0000000000
42823  -23.417  -2.962  -26.028 0.0000000000
38939  -25.892  -7.874  -19.298 0.0000000000
38940  -26.278  -7.880  -19.222 0.0000000000
32471  -24.005  -13.487  -15.108 0.0000000000
32490  -24.339  -13.120  -16.089 0.0000000000
32491  -24.788  -12.694  -15.869 0.0000000000
37983  -24.166  -7.599  -19.025 0.0000000000
37036  -23.656  -8.598  -18.524 0.0000000000
55713  -19.861  11.449  -34.164 0.0000000000
52562  -20.948  7.390  -31.958 0.0000000000
53360  -21.954  9.054  -32.622 0.0000000000
51635  -22.172  7.300  -32.325 0.0000000000
51627  -22.412  8.003  -31.436 0.0000000000
50670  -21.793  7.166  -28.814 0.0000000000
46876  -21.622  1.922  -29.169 0.0000000000
47889  -21.919  2.876  -28.858 0.0000000000
47880  -22.090  2.760  -28.117 0.0000000000
47873  -21.916  2.813  -27.726 0.0000000000
46864  -23.138  1.299  -28.163 0.0000000000
44772  -24.529  -1.537  -25.971 0.0000000000
43782  -25.027  -2.001  -25.455 0.0000000000
44757  -25.494  -1.677  -24.672 0.0000000000
42809  -25.024  -2.837  -23.601 0.0000000000
41019  -24.286  -5.005  -23.188 0.0000000000
40060  -24.394  -5.225  -22.091 0.0000000000
40040  -25.110  -4.531  -20.001 0.0000000000
40993  -25.735  -4.371  -20.674 0.0000000000
41898  -25.809  -3.693  -22.057 0.0000000000
35125  -23.873  -11.176  -17.751 0.0000000000
35126  -24.595  -11.147  -17.729 0.0000000000
35146  -24.400  -10.539  -17.621 0.0000000000
44787  -22.696  -0.671  -27.470 0.0000000000
45801  -22.965  0.244  -27.653 0.0000000000
44783  -23.490  -1.332  -27.035 0.0000000000
43781  -24.161  -2.538  -25.749 0.0000000000
43767  -24.534  -2.828  -25.061 0.0000000000
38977  -24.264  -6.497  -19.986 0.0000000000
38994  -24.323  -5.458  -20.336 0.0000000000
38978  -25.353  -6.098  -19.517 0.0000000000
38979  -26.854  -6.315  -19.931 0.0000000000
34243  -24.202  -11.735  -16.649 0.0000000000
38993  -24.051  -6.493  -21.202 0.0000000000
38956  -24.002  -6.959  -19.602 0.0000000000
37984  -25.311  -8.192  -19.089 0.0000000000
37015  -25.452  -8.614  -18.139 0.0000000000
60148  -17.450  15.120  -34.174 0.0000000000
57527  -20.153  12.872  -31.983 0.0000000000
57529  -20.026  13.922  -32.823 0.0000000000
56591  -19.616  12.132  -34.403 0.0000000000
54938  -20.365  10.460  -35.164 0.0000000000
54156  -20.907  9.570  -35.132 0.0000000000
54139  -20.979  10.089  -32.864 0.0000000000
53367  -21.330  9.680  -33.856 0.0000000000
53369  -22.074  8.575  -34.400 0.0000000000
52577  -22.727  8.914  -32.340 0.0000000000
50691  -22.778  8.078  -31.121 0.0000000000
50672  -23.877  7.644  -29.245 0.0000000000
50660  -21.487  5.759  -28.467 0.0000000000
49748  -22.029  5.393  -28.574 0.0000000000
49749  -22.646  5.089  -28.647 0.0000000000
49750  -23.448  4.807  -29.094 0.0000000000
48815  -22.446  3.527  -28.571 0.0000000000
47864  -23.663  2.053  -26.595 0.0000000000
45802  -23.253  0.465  -27.165 0.0000000000
46849  -23.732  0.311  -26.328 0.0000000000
41913  -23.909  -3.963  -24.543 0.0000000000
41896  -24.454  -4.028  -23.600 0.0000000000
42792  -24.508  -3.588  -23.893 0.0000000000
40061  -24.136  -4.454  -20.984 0.0000000000
41897  -24.853  -3.605  -22.452 0.0000000000
42794  -25.324  -3.194  -22.648 0.0000000000
42810  -25.479  -2.516  -22.566 0.0000000000
36088  -24.219  -8.640  -17.782 0.0000000000
36072  -25.207  -9.430  -17.597 0.0000000000
36053  -25.638  -9.250  -18.198 0.0000000000
37963  -26.018  -8.285  -18.950 0.0000000000
37016  -26.287  -8.717  -18.449 0.0000000000
31706  -24.355  -13.127  -13.690 0.0000000000
32472  -25.125  -13.283  -15.257 0.0000000000
52569  -21.440  7.388  -32.271 0.0000000000
51626  -22.392  6.933  -31.584 0.0000000000
50681  -21.475  6.353  -30.482 0.0000000000
45814  -21.646  1.868  -28.623 0.0000000000
45815  -21.673  1.869  -28.001 0.0000000000
46877  -22.157  2.203  -28.776 0.0000000000
46870  -21.819  2.117  -27.811 0.0000000000
46865  -22.193  1.828  -27.758 0.0000000000
40021  -25.905  -5.227  -19.224 0.0000000000
40041  -26.372  -4.826  -19.583 0.0000000000
34265  -24.648  -11.099  -17.262 0.0000000000
45795  -23.099  -0.766  -27.336 0.0000000000
44782  -23.007  -1.482  -27.448 0.0000000000
31705  -23.434  -13.329  -14.052 0.0000000000
33324  -24.516  -12.381  -16.473 0.0000000000
59285  -17.525  14.685  -33.700 0.0000000000
59286  -18.100  14.407  -34.001 0.0000000000
58400  -19.294  14.005  -33.179 0.0000000000
56588  -19.937  12.051  -33.189 0.0000000000
57528  -20.207  12.826  -32.541 0.0000000000
57530  -20.006  13.086  -33.203 0.0000000000
57531  -19.456  13.159  -33.879 0.0000000000
55714  -20.389  10.872  -35.097 0.0000000000
54155  -20.799  9.905  -34.988 0.0000000000
53351  -21.344  9.405  -32.513 0.0000000000
53368  -21.848  8.995  -34.084 0.0000000000
52587  -22.422  8.890  -33.851 0.0000000000
50682  -22.140  7.505  -30.605 0.0000000000
50683  -22.937  8.128  -30.333 0.0000000000
47887  -20.865  2.684  -28.895 0.0000000000
48812  -20.968  3.769  -28.596 0.0000000000
49747  -21.153  5.003  -28.597 0.0000000000
48814  -22.262  3.393  -28.574 0.0000000000
47868  -23.220  1.462  -27.768 0.0000000000
47869  -23.154  2.440  -27.509 0.0000000000
45796  -23.352  -0.196  -26.738 0.0000000000
45797  -24.054  -0.168  -26.332 0.0000000000
46850  -24.588  0.716  -26.391 0.0000000000
46833  -25.439  0.089  -26.220 0.0000000000
42811  -25.511  -2.327  -21.979 0.0000000000
41912  -23.272  -4.194  -25.039 0.0000000000
41872  -26.267  -4.075  -21.569 0.0000000000
41899  -26.249  -3.640  -21.437 0.0000000000
35147  -25.386  -10.648  -18.151 0.0000000000
43788  -23.288  -2.246  -26.957 0.0000000000
42807  -23.655  -3.541  -25.234 0.0000000000
37964  -26.537  -8.050  -18.956 0.0000000000
33323  -23.871  -12.528  -16.524 0.0000000000
55712  -19.389  11.617  -33.672 0.0000000000
54930  -20.219  11.314  -33.682 0.0000000000
54927  -20.960  11.100  -33.575 0.0000000000
53352  -20.717  8.113  -32.858 0.0000000000
51636  -22.355  8.341  -31.954 0.0000000000
47888  -21.833  2.192  -29.508 0.0000000000
47879  -21.323  2.361  -29.022 0.0000000000
43789  -23.935  -1.802  -26.519 0.0000000000
44773  -25.192  -1.143  -25.440 0.0000000000
40994  -27.064  -4.461  -20.471 0.0000000000
44795  -21.882  0.961  -28.365 0.0000000000
39007  -23.843  -5.241  -21.261 0.0000000000
37985  -27.126  -7.673  -18.743 0.0000000000
31684  -23.092  -13.546  -13.721 0.0000000000
33342  -23.793  -12.033  -16.714 0.0000000000
34244  -24.919  -11.354  -16.605 0.0000000000
60140  -17.186  15.545  -33.625 0.0000000000
58395  -18.948  13.903  -32.700 0.0000000000
58396  -19.103  14.090  -32.781 0.0000000000
58401  -19.775  14.281  -33.119 0.0000000000
55718  -20.374  11.431  -34.437 0.0000000000
55719  -20.252  10.797  -35.218 0.0000000000
54939  -20.436  10.264  -35.236 0.0000000000
54157  -21.104  9.379  -34.994 0.0000000000
54144  -20.998  9.929  -33.774 0.0000000000
53359  -21.984  10.006  -33.129 0.0000000000
54145  -21.169  9.465  -34.809 0.0000000000
53378  -21.266  8.755  -35.001 0.0000000000
53379  -21.770  8.769  -34.374 0.0000000000
52588  -22.521  8.832  -33.631 0.0000000000
52578  -22.959  8.766  -32.197 0.0000000000
51637  -22.927  8.482  -31.845 0.0000000000
50669  -21.099  5.706  -28.656 0.0000000000
49758  -22.216  6.816  -28.726 0.0000000000
49759  -22.844  6.611  -28.720 0.0000000000
49760  -23.924  6.163  -29.070 0.0000000000
47881  -21.872  3.596  -28.311 0.0000000000
47874  -22.658  3.813  -27.650 0.0000000000
47870  -23.390  3.679  -27.418 0.0000000000
48782  -24.015  2.520  -27.146 0.0000000000
46857  -23.342  0.947  -27.609 0.0000000000
46858  -23.463  0.912  -26.643 0.0000000000
46859  -23.908  1.350  -26.363 0.0000000000
45770  -25.775  -0.745  -24.746 0.0000000000
42808  -24.388  -3.268  -24.561 0.0000000000
42793  -24.732  -3.414  -23.457 0.0000000000
36089  -24.770  -8.824  -17.654 0.0000000000
36991  -25.346  -8.986  -17.987 0.0000000000
45808  -21.921  1.741  -27.905 0.0000000000
46869  -22.282  1.755  -28.477 0.0000000000
50659  -21.295  5.197  -28.493 0.0000000000
51646  -23.205  8.362  -32.302 0.0000000000
