#!ascii label  , from subject output2 vox2ras=TkReg
526
31684  -23.092  -13.546  -13.721 0.4285714328
32471  -24.005  -13.487  -15.108 0.2857142985
31705  -23.434  -13.329  -14.052 0.4285714328
32472  -25.125  -13.283  -15.257 0.4285714328
32490  -24.339  -13.120  -16.089 0.4285714328
32491  -24.788  -12.694  -15.869 0.4285714328
33323  -23.871  -12.528  -16.524 0.4285714328
33324  -24.516  -12.381  -16.473 0.4285714328
34264  -24.025  -11.491  -17.251 0.4285714328
35125  -23.873  -11.176  -17.751 0.5714285970
34265  -24.648  -11.099  -17.262 0.4285714328
35126  -24.595  -11.147  -17.729 0.2857142985
35146  -24.400  -10.539  -17.621 0.7142857313
36072  -25.207  -9.430  -17.597 0.7142857313
35147  -25.386  -10.648  -18.151 0.4285714328
36992  -25.726  -8.880  -18.191 0.5714285970
36991  -25.346  -8.986  -17.987 0.5714285970
37015  -25.452  -8.614  -18.139 0.5714285970
37016  -26.287  -8.717  -18.449 0.4285714328
38939  -25.892  -7.874  -19.298 0.5714285970
38940  -26.278  -7.880  -19.222 0.5714285970
37984  -25.311  -8.192  -19.089 0.7142857313
38958  -26.186  -7.184  -18.859 0.7142857313
37983  -24.166  -7.599  -19.025 0.5714285970
38957  -25.248  -7.538  -19.961 0.8571428657
40020  -25.024  -5.169  -19.506 0.7142857313
38979  -26.854  -6.315  -19.931 0.5714285970
38978  -25.353  -6.098  -19.517 0.7142857313
40040  -25.110  -4.531  -20.001 0.5714285970
40021  -25.905  -5.227  -19.224 0.5714285970
41021  -25.040  -3.602  -21.149 0.7142857313
40061  -24.136  -4.454  -20.984 0.7142857313
38994  -24.323  -5.458  -20.336 0.5714285970
42794  -25.324  -3.194  -22.648 0.5714285970
41020  -24.475  -4.279  -22.196 0.8571428657
42809  -25.024  -2.837  -23.601 0.7142857313
41897  -24.853  -3.605  -22.452 0.8571428657
43768  -24.934  -2.529  -24.721 0.8571428657
42793  -24.732  -3.414  -23.457 0.8571428657
44772  -24.529  -1.537  -25.971 0.8571428657
44784  -24.041  -0.981  -26.483 0.8571428657
45802  -23.253  0.465  -27.165 0.8571428657
45796  -23.352  -0.196  -26.738 1.0000000000
46865  -22.193  1.828  -27.758 1.0000000000
46876  -21.622  1.922  -29.169 0.7142857313
45801  -22.965  0.244  -27.653 1.0000000000
46870  -21.819  2.117  -27.811 1.0000000000
50670  -21.793  7.166  -28.814 1.0000000000
51635  -22.172  7.300  -32.325 0.8571428657
51626  -22.392  6.933  -31.584 1.0000000000
53367  -21.330  9.680  -33.856 0.8571428657
53360  -21.954  9.054  -32.622 0.8571428657
55714  -20.389  10.872  -35.097 0.8571428657
54938  -20.365  10.460  -35.164 0.8571428657
55718  -20.374  11.431  -34.437 0.7142857313
55712  -19.389  11.617  -33.672 0.5714285970
57530  -20.006  13.086  -33.203 0.7142857313
57531  -19.456  13.159  -33.879 0.5714285970
57529  -20.026  13.922  -32.823 0.5714285970
56588  -19.937  12.051  -33.189 0.5714285970
58396  -19.103  14.090  -32.781 0.4285714328
59286  -18.100  14.407  -34.001 0.4285714328
60131  -16.932  15.482  -32.931 0.2857142985
60910  -16.578  16.124  -32.790 0.2857142985
61657  -16.721  16.966  -32.544 0.2857142985
37963  -26.018  -8.285  -18.950 0.5714285970
43782  -25.027  -2.001  -25.455 0.8571428657
47879  -21.323  2.361  -29.022 0.8571428657
61650  -18.394  17.355  -30.985 0.1428571492
32470  -23.367  -13.524  -14.998 0.2857142985
34243  -24.202  -11.735  -16.649 0.4285714328
34244  -24.919  -11.354  -16.605 0.4285714328
36089  -24.770  -8.824  -17.654 0.5714285970
37964  -26.537  -8.050  -18.956 0.4285714328
37037  -24.676  -8.032  -18.153 0.7142857313
38956  -24.002  -6.959  -19.602 0.5714285970
40993  -25.735  -4.371  -20.674 0.5714285970
38977  -24.264  -6.497  -19.986 0.5714285970
43767  -24.534  -2.828  -25.061 1.0000000000
46857  -23.342  0.947  -27.609 1.0000000000
44783  -23.490  -1.332  -27.035 1.0000000000
45815  -21.673  1.869  -28.001 0.8571428657
48813  -21.612  3.976  -28.292 0.7142857313
47889  -21.919  2.876  -28.858 1.0000000000
49748  -22.029  5.393  -28.574 0.7142857313
49747  -21.153  5.003  -28.597 0.7142857313
53359  -21.984  10.006  -33.129 0.8571428657
55713  -19.861  11.449  -34.164 0.7142857313
59280  -18.027  14.292  -33.197 0.7142857313
57527  -20.153  12.872  -31.983 0.4285714328
60140  -17.186  15.545  -33.625 0.2857142985
60148  -17.450  15.120  -34.174 0.4285714328
58401  -19.775  14.281  -33.119 0.4285714328
60918  -16.541  16.602  -32.779 0.2857142985
36088  -24.219  -8.640  -17.782 0.4285714328
59285  -17.525  14.685  -33.700 0.4285714328
60919  -16.569  16.472  -33.250 0.2857142985
31706  -24.355  -13.127  -13.690 0.4285714328
32489  -23.377  -12.831  -16.077 0.2857142985
33342  -23.793  -12.033  -16.714 0.2857142985
42792  -24.508  -3.588  -23.893 0.8571428657
43789  -23.935  -1.802  -26.519 1.0000000000
45807  -22.403  1.054  -28.486 1.0000000000
47888  -21.833  2.192  -29.508 0.8571428657
54931  -20.392  10.601  -33.832 0.8571428657
56590  -19.405  12.290  -33.829 0.7142857313
57528  -20.207  12.826  -32.541 0.5714285970
58395  -18.948  13.903  -32.700 0.4285714328
58400  -19.294  14.005  -33.179 0.4285714328
60909  -16.823  16.249  -32.495 0.2857142985
59279  -17.582  14.363  -33.227 0.2857142985
61653  -17.354  16.708  -32.406 0.2857142985
36071  -23.799  -9.660  -17.718 0.2857142985
61703  -17.252  17.160  -35.996 0.2857142985
62433  -16.279  18.385  -34.947 0.1428571492
60160  -17.853  15.814  -35.324 0.2857142985
60957  -17.866  16.210  -36.128 0.2857142985
62447  -17.190  18.214  -34.627 0.1428571492
62432  -16.514  18.563  -34.586 0.1428571492
60931  -17.714  16.818  -33.724 0.1428571492
60932  -17.714  16.241  -34.423 0.2857142985
61680  -17.655  17.818  -33.637 0.1428571492
59303  -18.878  15.324  -34.253 0.2857142985
56597  -21.230  11.807  -34.573 0.2857142985
58415  -20.026  13.631  -34.075 0.2857142985
63301  -17.602  18.921  -33.856 0.1428571492
59301  -18.032  15.000  -34.609 0.2857142985
56595  -20.005  11.983  -34.655 0.2857142985
54940  -21.097  10.031  -34.387 0.1428571492
57535  -20.029  12.599  -34.627 0.2857142985
58403  -19.932  14.541  -33.522 0.2857142985
62431  -17.616  18.505  -34.427 0.1428571492
59288  -18.871  14.837  -33.512 0.2857142985
59302  -18.386  15.287  -34.545 0.2857142985
53382  -23.160  10.127  -32.995 0.1428571492
54159  -22.348  9.320  -33.866 0.1428571492
55720  -20.475  10.853  -35.050 0.4285714328
57534  -19.679  12.826  -34.428 0.2857142985
52578  -22.959  8.766  -32.197 0.2857142985
54939  -20.436  10.264  -35.236 0.4285714328
59287  -18.648  14.755  -33.727 0.2857142985
50698  -23.700  7.127  -32.534 0.1428571492
52598  -22.183  8.489  -34.433 0.2857142985
55719  -20.252  10.797  -35.218 0.4285714328
53378  -21.266  8.755  -35.001 0.5714285970
50672  -23.877  7.644  -29.245 0.1428571492
50692  -23.380  7.765  -31.380 0.1428571492
56591  -19.616  12.132  -34.403 0.4285714328
52577  -22.727  8.914  -32.340 0.4285714328
49760  -23.924  6.163  -29.070 0.2857142985
54145  -21.169  9.465  -34.809 0.7142857313
50691  -22.778  8.078  -31.121 0.8571428657
52587  -22.422  8.890  -33.851 0.5714285970
49750  -23.448  4.807  -29.094 0.2857142985
54139  -20.979  10.089  -32.864 0.5714285970
52576  -21.819  8.801  -32.931 0.8571428657
48804  -23.103  4.644  -28.701 0.1428571492
49759  -22.844  6.611  -28.720 0.7142857313
47874  -22.658  3.813  -27.650 0.1428571492
43788  -23.288  -2.246  -26.957 0.5714285970
44787  -22.696  -0.671  -27.470 0.4285714328
47890  -21.976  3.206  -28.556 0.8571428657
49758  -22.216  6.816  -28.726 0.8571428657
47869  -23.154  2.440  -27.509 0.2857142985
49749  -22.646  5.089  -28.647 0.8571428657
51636  -22.355  8.341  -31.954 0.8571428657
48782  -24.015  2.520  -27.146 0.4285714328
48815  -22.446  3.527  -28.571 0.7142857313
44782  -23.007  -1.482  -27.448 0.5714285970
47880  -22.090  2.760  -28.117 0.8571428657
48814  -22.262  3.393  -28.574 0.8571428657
47873  -21.916  2.813  -27.726 0.8571428657
47864  -23.663  2.053  -26.595 0.4285714328
40060  -24.394  -5.225  -22.091 0.7142857313
41019  -24.286  -5.005  -23.188 0.4285714328
41896  -24.454  -4.028  -23.600 0.8571428657
41913  -23.909  -3.963  -24.543 0.5714285970
42807  -23.655  -3.541  -25.234 0.5714285970
42823  -23.417  -2.962  -26.028 0.4285714328
42808  -24.388  -3.268  -24.561 0.8571428657
42824  -23.907  -3.127  -25.446 0.5714285970
43780  -23.562  -2.577  -26.272 0.5714285970
43781  -24.161  -2.538  -25.749 0.7142857313
45797  -24.054  -0.168  -26.332 0.7142857313
46849  -23.732  0.311  -26.328 0.7142857313
47868  -23.220  1.462  -27.768 0.7142857313
46833  -25.439  0.089  -26.220 0.2857142985
46850  -24.588  0.716  -26.391 0.4285714328
46859  -23.908  1.350  -26.363 0.5714285970
39006  -24.372  -5.949  -21.764 0.4285714328
44773  -25.192  -1.143  -25.440 0.7142857313
45787  -25.674  -0.336  -25.638 0.2857142985
45786  -24.843  -0.540  -26.160 0.5714285970
38993  -24.051  -6.493  -21.202 0.5714285970
39007  -23.843  -5.241  -21.261 0.5714285970
43769  -25.460  -2.089  -23.569 0.4285714328
44757  -25.494  -1.677  -24.672 0.4285714328
45770  -25.775  -0.745  -24.746 0.4285714328
38995  -26.702  -5.555  -20.084 0.4285714328
41898  -25.809  -3.693  -22.057 0.4285714328
42810  -25.479  -2.516  -22.566 0.4285714328
41872  -26.267  -4.075  -21.569 0.4285714328
35127  -25.480  -11.207  -17.609 0.1428571492
36073  -26.221  -9.717  -18.326 0.2857142985
38959  -27.501  -6.923  -19.005 0.2857142985
38980  -27.331  -5.858  -18.385 0.2857142985
37985  -27.126  -7.673  -18.743 0.4285714328
38996  -27.455  -5.504  -19.712 0.2857142985
40041  -26.372  -4.826  -19.583 0.4285714328
35148  -26.667  -11.024  -18.103 0.2857142985
37017  -27.088  -9.010  -18.523 0.2857142985
37039  -27.501  -8.110  -18.206 0.2857142985
37038  -26.918  -8.316  -18.614 0.2857142985
35128  -26.341  -11.362  -17.463 0.1428571492
36074  -27.421  -9.938  -18.110 0.2857142985
33325  -25.364  -12.221  -15.868 0.1428571492
31685  -23.626  -13.306  -13.316 0.2857142985
30956  -23.700  -13.773  -13.723 0.2857142985
30957  -24.245  -13.388  -12.676 0.1428571492
30935  -23.468  -14.896  -13.522 0.1428571492
37986  -27.969  -7.350  -18.311 0.2857142985
40994  -27.064  -4.461  -20.471 0.2857142985
47863  -23.334  1.537  -27.241 0.7142857313
50682  -22.140  7.505  -30.605 0.8571428657
54930  -20.219  11.314  -33.682 0.4285714328
54927  -20.960  11.100  -33.575 0.5714285970
50671  -22.559  7.743  -29.083 0.8571428657
52588  -22.521  8.832  -33.631 0.4285714328
63288  -17.468  19.059  -33.250 0.1428571492
54158  -21.938  8.944  -34.085 0.1428571492
30974  -24.480  -13.206  -13.019 0.1428571492
31707  -25.381  -13.497  -14.095 0.1428571492
35106  -25.815  -11.176  -16.964 0.1428571492
34281  -26.990  -11.373  -17.506 0.1428571492
40059  -24.363  -5.990  -22.923 0.2857142985
40042  -27.665  -4.701  -19.107 0.2857142985
41912  -23.272  -4.194  -25.039 0.4285714328
43787  -22.896  -1.793  -27.371 0.2857142985
41899  -26.249  -3.640  -21.437 0.2857142985
42795  -25.580  -2.813  -21.463 0.1428571492
42811  -25.511  -2.327  -21.979 0.4285714328
44758  -25.601  -0.987  -23.541 0.1428571492
47881  -21.872  3.596  -28.311 0.7142857313
47870  -23.390  3.679  -27.418 0.2857142985
50684  -23.955  7.241  -30.617 0.1428571492
62417  -18.067  18.257  -33.515 0.1428571492
50673  -24.737  6.790  -30.158 0.1428571492
51638  -23.080  7.535  -32.316 0.1428571492
54157  -21.104  9.379  -34.994 0.2857142985
52599  -22.613  8.594  -33.825 0.2857142985
52589  -22.877  8.780  -32.679 0.1428571492
52600  -22.976  9.131  -32.664 0.1428571492
53381  -22.558  9.184  -33.608 0.1428571492
55721  -21.256  11.087  -33.939 0.2857142985
54941  -22.152  10.093  -33.938 0.1428571492
34245  -26.240  -11.188  -15.959 0.1428571492
54160  -23.188  9.324  -34.074 0.1428571492
56598  -21.751  11.584  -34.346 0.2857142985
36053  -25.638  -9.250  -18.198 0.4285714328
36054  -25.987  -9.178  -18.384 0.2857142985
45795  -23.099  -0.766  -27.336 0.8571428657
46864  -23.138  1.299  -28.163 0.8571428657
46877  -22.157  2.203  -28.776 0.8571428657
54144  -20.998  9.929  -33.774 0.5714285970
54155  -20.799  9.905  -34.988 0.7142857313
51627  -22.412  8.003  -31.436 0.8571428657
60141  -17.455  15.861  -34.238 0.2857142985
60149  -17.801  15.565  -34.595 0.2857142985
60956  -17.096  16.200  -36.044 0.2857142985
61692  -16.771  17.646  -35.390 0.1428571492
61702  -16.829  16.958  -35.563 0.2857142985
60944  -17.709  16.634  -34.784 0.2857142985
60161  -18.036  16.110  -34.958 0.2857142985
61690  -17.527  17.937  -33.864 0.1428571492
57536  -20.527  12.532  -34.627 0.2857142985
58414  -19.820  13.265  -34.366 0.2857142985
56596  -20.284  11.752  -34.778 0.2857142985
59289  -19.248  14.969  -33.413 0.2857142985
58402  -20.085  13.860  -33.491 0.2857142985
53380  -22.010  8.748  -34.365 0.1428571492
54156  -20.907  9.570  -35.132 0.5714285970
50699  -23.616  7.230  -32.390 0.1428571492
53379  -21.770  8.769  -34.374 0.4285714328
53369  -22.074  8.575  -34.400 0.5714285970
53368  -21.848  8.995  -34.084 0.7142857313
50683  -22.937  8.128  -30.333 0.4285714328
51637  -22.927  8.482  -31.845 0.5714285970
44795  -21.882  0.961  -28.365 0.4285714328
41921  -23.157  -3.565  -25.587 0.2857142985
46858  -23.463  0.912  -26.643 0.7142857313
35107  -26.293  -11.327  -16.883 0.1428571492
62412  -17.721  18.147  -32.979 0.1428571492
53352  -20.717  8.113  -32.858 0.5714285970
51625  -21.681  6.627  -31.199 0.4285714328
52562  -20.948  7.390  -31.958 0.4285714328
52569  -21.440  7.388  -32.271 0.5714285970
48812  -20.968  3.769  -28.596 0.4285714328
50660  -21.487  5.759  -28.467 0.4285714328
50669  -21.099  5.706  -28.656 0.4285714328
50681  -21.475  6.353  -30.482 0.5714285970
45814  -21.646  1.868  -28.623 0.5714285970
38997  -28.070  -5.064  -18.487 0.1428571492
38961  -29.066  -6.424  -17.613 0.1428571492
38960  -27.962  -6.547  -17.621 0.1428571492
38981  -28.748  -5.594  -17.598 0.1428571492
38982  -29.703  -6.041  -17.653 0.1428571492
34263  -24.365  -12.070  -18.416 0.2857142985
37040  -28.364  -7.753  -17.665 0.1428571492
37987  -28.784  -6.967  -17.734 0.1428571492
37989  -29.792  -7.519  -18.439 0.1428571492
38963  -30.503  -6.953  -19.545 0.1428571492
38962  -29.878  -6.737  -18.603 0.1428571492
37018  -27.817  -8.737  -17.752 0.1428571492
37041  -29.427  -7.345  -17.453 0.1428571492
37019  -29.050  -8.406  -17.597 0.1428571492
37042  -29.999  -7.000  -17.365 0.1428571492
37965  -30.463  -8.317  -18.892 0.1428571492
38942  -31.179  -7.624  -19.528 0.1428571492
38941  -30.040  -7.602  -19.491 0.1428571492
33341  -23.640  -12.514  -17.586 0.2857142985
32499  -23.428  -12.665  -17.438 0.2857142985
35149  -27.171  -10.359  -16.784 0.1428571492
36075  -28.114  -9.363  -16.851 0.1428571492
37020  -30.486  -7.505  -17.090 0.1428571492
39989  -31.155  -6.758  -19.482 0.1428571492
34282  -27.585  -11.118  -17.482 0.1428571492
34283  -27.791  -10.633  -16.787 0.1428571492
36055  -29.010  -9.738  -16.697 0.1428571492
35150  -28.155  -10.235  -16.218 0.1428571492
36077  -30.705  -8.636  -16.352 0.1428571492
36076  -29.630  -8.960  -16.928 0.1428571492
37021  -31.032  -8.535  -18.035 0.1428571492
37966  -31.766  -8.565  -18.669 0.1428571492
35129  -29.334  -10.352  -16.714 0.1428571492
36993  -31.504  -8.253  -16.027 0.1428571492
36057  -31.147  -8.993  -15.660 0.1428571492
36994  -31.916  -8.212  -17.224 0.1428571492
35130  -30.311  -10.523  -16.329 0.1428571492
34269  -29.654  -10.847  -16.687 0.1428571492
34268  -28.651  -11.017  -16.963 0.1428571492
36038  -30.949  -10.262  -16.260 0.1428571492
36056  -30.342  -9.656  -16.347 0.1428571492
36974  -32.444  -8.776  -16.069 0.1428571492
39990  -31.979  -6.746  -19.495 0.1428571492
37988  -29.644  -6.770  -17.438 0.1428571492
38943  -32.511  -7.911  -19.447 0.1428571492
47887  -20.865  2.684  -28.895 0.4285714328
40007  -30.493  -6.149  -17.876 0.1428571492
40008  -30.875  -5.947  -19.251 0.1428571492
53351  -21.344  9.405  -32.513 0.4285714328
56599  -22.755  11.430  -34.530 0.1428571492
57537  -21.217  12.413  -34.608 0.1428571492
40022  -29.202  -4.646  -17.881 0.1428571492
30954  -22.192  -14.908  -13.629 0.1428571492
30955  -22.614  -13.995  -14.266 0.1428571492
30972  -21.680  -14.464  -13.874 0.1428571492
30973  -21.991  -13.841  -13.585 0.1428571492
31683  -22.579  -13.729  -14.013 0.1428571492
31704  -22.741  -13.551  -14.518 0.1428571492
31719  -22.728  -13.125  -15.536 0.1428571492
32488  -22.515  -12.795  -16.286 0.1428571492
33340  -23.364  -13.088  -18.247 0.1428571492
33354  -23.863  -12.657  -18.682 0.1428571492
34280  -23.878  -12.279  -19.482 0.2857142985
35145  -24.030  -11.091  -18.798 0.1428571492
35161  -23.670  -11.663  -19.703 0.2857142985
46880  -21.606  1.676  -29.487 0.2857142985
46881  -21.829  1.745  -29.597 0.2857142985
52561  -21.183  7.425  -30.621 0.2857142985
53346  -20.777  7.571  -32.133 0.2857142985
54133  -20.813  8.678  -32.149 0.4285714328
32498  -23.285  -12.385  -17.132 0.1428571492
33353  -23.623  -12.816  -19.102 0.1428571492
36070  -23.101  -10.330  -18.580 0.2857142985
38002  -23.535  -7.574  -19.865 0.2857142985
45813  -21.425  1.651  -27.952 0.2857142985
45820  -22.122  1.880  -29.709 0.2857142985
46879  -20.927  1.740  -29.227 0.2857142985
50680  -21.369  6.335  -29.386 0.2857142985
50679  -20.777  6.047  -29.003 0.2857142985
52568  -21.478  6.929  -31.051 0.2857142985
45819  -21.489  1.374  -28.928 0.2857142985
44790  -22.016  0.209  -27.671 0.2857142985
47886  -20.921  2.288  -28.605 0.2857142985
49756  -20.293  4.611  -28.961 0.2857142985
49757  -20.614  4.423  -28.684 0.2857142985
50668  -20.424  5.460  -28.984 0.2857142985
48820  -20.497  3.765  -28.575 0.2857142985
36087  -23.030  -11.334  -19.118 0.2857142985
51624  -21.533  6.543  -29.902 0.2857142985
37036  -23.656  -8.598  -18.524 0.4285714328
48819  -20.183  3.912  -28.578 0.2857142985
60151  -20.208  15.137  -33.635 0.1428571492
59291  -20.644  14.166  -33.474 0.1428571492
59305  -20.045  14.319  -33.561 0.1428571492
58416  -20.658  13.305  -34.439 0.1428571492
60152  -20.707  14.690  -33.011 0.1428571492
60162  -18.941  15.795  -34.603 0.1428571492
62461  -18.279  17.501  -35.169 0.1428571492
58404  -21.513  13.541  -34.151 0.1428571492
59306  -20.836  13.602  -34.094 0.1428571492
58417  -21.440  13.074  -34.569 0.1428571492
59304  -19.510  15.133  -33.556 0.1428571492
60163  -19.791  15.730  -33.889 0.1428571492
61705  -17.924  16.633  -35.067 0.1428571492
60959  -19.000  16.215  -34.644 0.1428571492
61704  -17.830  16.843  -35.876 0.1428571492
62460  -17.484  17.274  -34.959 0.1428571492
60958  -18.287  16.264  -35.422 0.1428571492
59290  -20.241  14.514  -33.426 0.1428571492
60946  -20.078  15.803  -33.040 0.1428571492
60164  -20.013  14.969  -33.729 0.1428571492
44797  -21.036  0.979  -28.260 0.1428571492
46874  -21.266  1.382  -29.147 0.1428571492
50678  -19.778  5.948  -28.708 0.1428571492
53343  -19.702  8.711  -29.579 0.1428571492
54123  -18.568  9.080  -30.690 0.2857142985
41895  -23.730  -4.582  -24.113 0.2857142985
43792  -22.698  -2.072  -26.706 0.1428571492
43795  -21.650  -0.462  -27.476 0.1428571492
47865  -24.279  1.699  -26.401 0.1428571492
45818  -20.646  1.660  -28.557 0.1428571492
51618  -21.511  7.053  -29.027 0.1428571492
53344  -20.706  8.416  -30.479 0.1428571492
54124  -19.768  8.626  -31.053 0.1428571492
54921  -19.317  10.211  -32.774 0.2857142985
57523  -18.808  12.659  -31.725 0.2857142985
57519  -17.976  12.731  -31.757 0.2857142985
57526  -19.222  13.592  -31.702 0.2857142985
61668  -16.499  17.080  -32.887 0.1428571492
60900  -18.624  15.970  -32.465 0.1428571492
54132  -20.508  9.294  -32.135 0.2857142985
54131  -19.538  9.641  -31.831 0.2857142985
55708  -18.692  11.661  -33.405 0.2857142985
56580  -17.794  11.684  -32.618 0.2857142985
56582  -18.860  11.996  -32.230 0.2857142985
56579  -18.141  12.346  -32.401 0.2857142985
59274  -17.786  14.761  -32.541 0.1428571492
58386  -18.520  13.879  -31.794 0.2857142985
62404  -17.988  18.248  -32.220 0.1428571492
57516  -16.903  12.220  -31.659 0.1428571492
57522  -18.992  13.326  -31.430 0.2857142985
60124  -17.417  15.497  -32.538 0.1428571492
59268  -17.769  15.162  -32.267 0.1428571492
53342  -18.156  8.344  -29.568 0.2857142985
58382  -18.646  13.529  -31.318 0.1428571492
60901  -19.089  16.041  -31.906 0.1428571492
59263  -18.078  15.113  -32.324 0.1428571492
53341  -16.126  7.956  -30.880 0.1428571492
46816  -26.435  -0.084  -25.061 0.1428571492
96929  -22.917  -2.622  -26.469 0.1428571492
48773  -24.153  2.376  -26.898 0.1428571492
46873  -20.820  1.858  -28.586 0.1428571492
47885  -20.207  2.384  -28.576 0.1428571492
46878  -20.838  2.033  -28.771 0.1428571492
49754  -19.349  4.740  -29.369 0.1428571492
51623  -20.837  6.225  -28.739 0.1428571492
52559  -19.284  7.902  -28.235 0.1428571492
54915  -18.550  10.014  -32.073 0.1428571492
55701  -18.620  10.502  -32.688 0.1428571492
98661  -18.671  10.655  -33.080 0.2857142985
59264  -19.108  14.402  -31.745 0.1428571492
59269  -18.049  14.509  -32.370 0.1428571492
60130  -17.250  15.370  -32.743 0.1428571492
60906  -17.598  16.053  -32.335 0.1428571492
46851  -25.287  1.226  -26.248 0.1428571492
56587  -19.510  12.132  -32.524 0.2857142985
60125  -16.852  15.751  -32.677 0.1428571492
61648  -17.949  16.477  -32.388 0.1428571492
58390  -18.405  13.723  -32.060 0.2857142985
61654  -17.522  17.343  -32.747 0.1428571492
54926  -20.158  10.627  -33.239 0.2857142985
54125  -20.446  8.600  -31.493 0.1428571492
44794  -21.179  0.840  -28.394 0.1428571492
48818  -19.909  4.137  -28.665 0.1428571492
44796  -20.591  0.970  -28.490 0.1428571492
49755  -19.680  4.444  -28.987 0.1428571492
50667  -19.967  5.282  -29.357 0.1428571492
51617  -19.998  6.675  -29.376 0.1428571492
43791  -22.267  -1.316  -27.240 0.1428571492
52560  -20.914  7.970  -29.065 0.1428571492
54922  -19.004  10.480  -32.757 0.2857142985
54138  -20.046  9.712  -32.846 0.2857142985
98662  -19.103  10.560  -33.165 0.2857142985
55709  -19.067  10.744  -33.715 0.2857142985
55704  -18.251  11.730  -32.961 0.2857142985
57520  -17.667  11.998  -32.051 0.1428571492
55707  -18.820  11.906  -32.808 0.2857142985
59273  -17.553  15.050  -32.628 0.1428571492
62409  -18.005  18.152  -32.786 0.1428571492
55700  -17.896  10.770  -32.758 0.2857142985
60121  -18.219  15.433  -32.365 0.1428571492
36069  -22.321  -10.805  -19.291 0.1428571492
37014  -23.362  -9.446  -18.554 0.1428571492
37013  -22.754  -9.626  -19.096 0.1428571492
37961  -22.656  -9.144  -19.602 0.1428571492
37962  -23.034  -9.115  -19.364 0.1428571492
38001  -23.263  -8.179  -20.714 0.1428571492
38976  -23.497  -7.022  -20.612 0.1428571492
37035  -23.329  -9.114  -19.077 0.1428571492
36086  -22.593  -11.740  -19.326 0.1428571492
57518  -18.679  12.715  -31.257 0.1428571492
37982  -23.254  -8.511  -19.563 0.1428571492
34297  -23.537  -12.029  -19.827 0.1428571492
45808  -21.921  1.741  -27.905 0.8571428657
46869  -22.282  1.755  -28.477 0.8571428657
46875  -21.770  1.480  -29.881 0.2857142985
48811  -20.413  3.190  -28.584 0.2857142985
50659  -21.295  5.197  -28.493 0.4285714328
50693  -23.778  7.787  -31.441 0.1428571492
51646  -23.205  8.362  -32.302 0.4285714328
52563  -20.988  7.479  -32.208 0.2857142985
52570  -21.218  7.480  -32.276 0.2857142985
53345  -20.521  7.766  -31.861 0.2857142985
53353  -20.879  7.581  -32.400 0.2857142985
54916  -18.924  10.240  -32.497 0.2857142985
55703  -18.587  11.883  -32.713 0.2857142985
55705  -18.803  10.526  -32.850 0.2857142985
56583  -18.221  11.945  -32.624 0.2857142985
56584  -19.040  10.490  -32.944 0.2857142985
56585  -18.876  10.439  -33.162 0.2857142985
60116  -18.965  15.239  -32.740 0.1428571492
60943  -17.658  17.456  -33.890 0.1428571492
61691  -17.277  17.806  -34.795 0.2857142985
62448  -16.501  17.908  -34.798 0.1428571492
62462  -17.841  17.058  -34.981 0.1428571492
