#!ascii label  , from subject output2 vox2ras=TkReg
2313
34640  -7.507  -10.473  44.156 0.6250000000
35591  -7.846  -10.476  44.688 0.6250000000
35576  -8.335  -10.445  45.749 0.5000000000
35609  -8.252  -10.381  44.094 0.5000000000
94438  -8.003  -10.952  43.645 0.6250000000
94436  -7.286  -11.387  43.708 0.6250000000
94437  -8.557  -12.009  44.407 0.5000000000
34651  -8.855  -11.516  44.046 0.2500000000
33748  -7.795  -12.321  44.022 0.5000000000
33713  -9.061  -12.188  44.276 0.3750000000
33714  -9.270  -12.117  44.158 0.2500000000
34668  -9.338  -11.814  43.860 0.2500000000
33731  -9.230  -12.319  43.863 0.3750000000
33750  -9.423  -12.080  43.711 0.2500000000
34684  -9.331  -11.831  43.424 0.2500000000
33749  -9.236  -12.273  43.131 0.2500000000
37460  -6.268  -8.622  45.017 0.6250000000
36518  -6.542  -9.410  44.667 0.6250000000
36535  -5.776  -9.620  44.187 0.6250000000
36536  -6.186  -9.908  44.210 0.6250000000
35608  -6.424  -10.054  44.316 0.6250000000
35590  -6.905  -10.335  44.649 0.6250000000
35574  -6.963  -10.354  45.459 0.6250000000
35607  -5.847  -10.638  44.138 0.6250000000
35589  -6.763  -10.793  43.736 0.6250000000
94434  -7.271  -10.588  43.784 0.6250000000
94439  -6.765  -11.715  43.490 0.6250000000
35625  -7.926  -10.562  42.993 0.2500000000
35610  -8.498  -10.121  44.109 0.2500000000
34667  -8.599  -11.513  43.579 0.2500000000
35623  -5.976  -10.955  42.959 0.6250000000
35635  -8.382  -10.640  42.170 0.2500000000
35634  -8.168  -11.119  42.441 0.2500000000
34666  -8.124  -11.457  42.910 0.2500000000
34683  -8.665  -11.628  42.670 0.2500000000
32787  -8.872  -12.514  43.636 0.5000000000
32804  -8.891  -12.991  42.514 0.3750000000
32826  -8.852  -13.233  41.601 0.2500000000
33772  -8.806  -12.385  42.134 0.2500000000
94471  -7.389  -14.564  42.275 0.2500000000
94486  -8.171  -14.772  41.644 0.3750000000
94492  -6.575  -14.280  41.411 0.2500000000
94493  -8.722  -15.602  40.580 0.3750000000
38532  -4.770  -7.607  45.674 0.6250000000
37459  -5.428  -8.204  45.473 0.6250000000
36516  -4.997  -8.359  44.560 0.6250000000
36534  -5.519  -8.967  43.846 0.6250000000
36517  -5.864  -8.721  44.493 0.6250000000
35606  -4.791  -9.960  43.964 0.8750000000
35622  -5.121  -10.113  43.057 0.7500000000
36580  -8.326  -10.042  41.850 0.2500000000
94450  -6.504  -12.357  42.023 0.7500000000
32802  -7.600  -12.918  42.629 0.5000000000
35653  -8.321  -10.571  41.568 0.2500000000
34707  -8.457  -11.423  41.537 0.2500000000
35633  -5.363  -10.315  41.802 0.8750000000
31793  -8.157  -13.811  42.449 0.6250000000
94442  -6.150  -12.847  41.207 0.5000000000
94440  -7.182  -12.954  42.208 0.6250000000
33791  -8.511  -12.473  41.061 0.2500000000
31792  -7.815  -14.198  42.405 0.5000000000
35605  -4.711  -8.845  43.190 0.7500000000
36599  -8.111  -10.237  41.492 0.2500000000
35621  -4.080  -10.022  43.018 1.0000000000
34665  -4.529  -10.096  42.853 1.0000000000
35673  -7.429  -10.750  40.283 0.2500000000
35674  -8.177  -10.699  40.967 0.2500000000
34706  -3.763  -11.157  40.615 0.8750000000
35650  -4.154  -10.716  41.156 0.5000000000
34729  -8.212  -11.571  40.234 0.2500000000
35651  -4.941  -12.074  40.447 0.5000000000
33832  -1.426  -12.304  38.201 0.3750000000
33833  -2.410  -12.279  38.160 0.1250000000
33809  -2.949  -12.024  38.891 0.3750000000
34727  -3.794  -11.134  39.725 0.3750000000
94468  -4.901  -12.169  39.786 0.2500000000
34782  -2.106  -11.243  38.461 0.5000000000
34783  -2.780  -11.808  38.469 0.3750000000
35715  -1.332  -10.506  38.326 0.5000000000
38530  -3.051  -7.100  45.301 0.5000000000
38551  -2.811  -7.295  44.601 0.5000000000
37471  -3.211  -7.275  43.976 0.5000000000
37457  -4.377  -7.413  44.522 0.6250000000
37472  -3.967  -7.226  44.051 0.7500000000
36533  -4.695  -7.855  43.755 0.7500000000
36531  -2.988  -7.523  43.543 0.7500000000
36532  -3.671  -7.708  43.296 0.7500000000
35604  -4.252  -8.201  43.191 0.8750000000
35632  -4.277  -10.060  41.972 1.0000000000
35619  -3.157  -8.390  42.810 0.8750000000
35631  -3.648  -9.450  41.995 1.0000000000
34680  -4.676  -10.032  42.144 1.0000000000
35649  -3.530  -10.131  41.307 1.0000000000
34704  -2.899  -10.487  41.201 0.7500000000
34725  -2.351  -10.979  41.179 0.7500000000
35714  -0.487  -10.454  38.165 0.3750000000
34726  -2.984  -11.041  40.316 0.5000000000
35670  -1.813  -10.154  40.638 0.7500000000
34781  -0.950  -11.352  38.079 0.3750000000
35690  -1.639  -10.145  39.272 0.5000000000
34749  -2.114  -11.124  39.992 0.5000000000
38529  -2.097  -7.258  45.086 0.5000000000
37456  -1.511  -7.208  44.449 0.5000000000
37470  -2.368  -7.261  43.939 0.7500000000
36548  -2.787  -7.715  42.907 0.7500000000
35630  -2.982  -8.752  42.359 0.8750000000
36561  -2.226  -8.275  41.993 0.7500000000
35648  -2.731  -9.574  41.294 0.8750000000
36577  -1.781  -8.820  41.038 0.8750000000
35689  -0.845  -9.885  38.785 0.5000000000
35713  0.443  -10.338  38.070 0.5000000000
36614  0.201  -8.993  38.913 0.6250000000
36594  -1.322  -9.193  40.128 0.8750000000
38572  0.012  -6.254  43.844 0.6250000000
37469  -1.347  -7.164  43.748 0.6250000000
38573  -0.595  -6.600  43.249 0.7500000000
37485  -1.552  -7.128  42.827 0.7500000000
39761  -0.220  -6.504  42.673 0.6250000000
36547  -2.252  -7.182  42.816 0.7500000000
38598  -1.456  -7.189  41.515 0.8750000000
37505  -1.876  -7.803  41.378 0.8750000000
37525  -1.780  -7.898  40.755 1.0000000000
37550  -1.522  -8.282  40.410 0.8750000000
36629  1.173  -8.871  37.926 0.3750000000
36630  0.605  -9.179  38.301 0.7500000000
36593  -0.699  -9.028  39.869 0.7500000000
36645  2.333  -9.048  37.123 0.1250000000
37622  1.195  -7.929  37.621 0.5000000000
39760  0.473  -6.223  43.281 0.6250000000
39736  0.517  -5.740  43.950 0.5000000000
39786  0.118  -6.618  42.381 0.7500000000
39787  -0.242  -6.699  42.432 0.8750000000
39811  0.474  -6.690  41.806 0.7500000000
38622  -0.987  -7.195  41.130 0.8750000000
38623  -1.643  -7.352  40.958 1.0000000000
39837  0.648  -6.574  41.208 0.8750000000
38651  -0.533  -7.369  40.562 0.8750000000
38652  -1.358  -7.528  40.447 1.0000000000
38672  0.671  -7.465  40.013 1.0000000000
37549  -0.855  -8.246  40.150 1.0000000000
37573  0.822  -7.993  39.356 0.7500000000
37548  0.002  -7.988  40.288 0.8750000000
38693  1.511  -7.292  38.399 0.7500000000
37596  1.080  -8.186  38.611 0.7500000000
37597  0.560  -8.536  38.938 0.7500000000
37575  -0.316  -8.592  39.847 0.8750000000
37620  2.773  -8.009  37.018 0.2500000000
37621  1.872  -7.945  37.155 0.6250000000
39759  1.312  -6.244  43.185 0.5000000000
40803  1.016  -5.757  43.546 0.5000000000
37524  2.065  -6.407  41.863 0.8750000000
38595  1.737  -6.405  42.439 0.5000000000
37547  2.214  -6.406  41.400 0.8750000000
38649  1.398  -6.450  40.889 1.0000000000
37546  2.602  -6.380  41.078 0.8750000000
38671  1.459  -7.282  39.546 1.0000000000
38712  2.449  -7.171  37.397 0.7500000000
38692  2.351  -7.052  38.364 0.7500000000
38711  3.349  -7.185  37.307 0.8750000000
37523  2.715  -6.416  41.763 0.6250000000
37503  2.181  -6.411  42.347 0.5000000000
37572  3.756  -6.665  40.211 0.8750000000
38619  2.845  -6.431  40.232 0.8750000000
38669  3.204  -6.539  39.563 0.8750000000
39858  2.730  -6.407  39.851 1.0000000000
38691  3.208  -7.117  38.313 1.0000000000
38710  4.207  -7.199  37.037 0.8750000000
36725  11.595  -9.267  33.073 0.1250000000
36726  10.429  -9.024  32.970 0.5000000000
37712  11.216  -8.222  33.000 0.3750000000
37687  9.206  -8.507  33.155 0.7500000000
37522  3.347  -6.404  41.511 0.7500000000
37544  4.149  -6.629  40.574 0.8750000000
37545  3.371  -6.395  40.613 0.8750000000
38667  4.872  -7.148  39.356 0.8750000000
37570  4.448  -7.146  39.714 0.8750000000
38668  3.973  -6.962  39.175 0.8750000000
38690  4.102  -6.982  38.165 1.0000000000
38709  5.140  -7.025  36.882 0.8750000000
38727  6.179  -7.139  35.426 0.7500000000
38789  12.087  -7.408  33.128 0.2500000000
40982  11.335  -5.329  33.037 0.5000000000
38791  9.842  -6.769  33.037 0.6250000000
38762  9.016  -7.368  33.746 0.7500000000
38645  5.120  -6.989  40.068 0.8750000000
37543  4.718  -7.068  40.307 0.8750000000
38666  5.833  -6.980  38.993 0.8750000000
38687  6.886  -7.065  37.609 0.8750000000
38688  5.937  -6.998  37.820 0.8750000000
38708  6.030  -7.020  36.634 0.7500000000
38726  7.067  -7.101  35.579 0.7500000000
38707  6.924  -6.970  36.498 0.7500000000
38725  7.838  -7.047  35.475 0.7500000000
39914  9.059  -6.086  34.597 0.7500000000
39901  9.042  -6.085  35.696 0.7500000000
39915  8.427  -6.604  35.109 0.7500000000
42040  12.102  -4.097  33.775 0.7500000000
40952  10.336  -4.950  33.213 0.8750000000
40953  10.032  -5.523  33.589 0.8750000000
38742  8.749  -6.998  34.585 0.7500000000
39856  6.492  -6.329  39.677 0.8750000000
39890  7.534  -6.461  37.355 0.7500000000
39902  8.266  -6.256  36.053 0.7500000000
43120  11.189  -3.233  35.278 0.8750000000
40929  10.625  -4.126  34.378 0.8750000000
40913  10.215  -4.182  35.265 0.8750000000
40914  9.958  -5.041  35.826 0.8750000000
48296  11.812  1.855  45.459 0.3750000000
95333  11.069  2.629  44.191 0.6250000000
95329  10.726  1.853  42.994 0.6250000000
47310  13.001  0.854  46.338 0.5000000000
47328  12.847  1.469  45.160 0.6250000000
49294  9.783  1.726  41.552 0.7500000000
48385  9.103  0.780  41.810 0.6250000000
95319  9.244  -0.880  41.449 0.8750000000
43059  9.969  -2.768  41.496 0.8750000000
43078  9.659  -3.541  41.200 0.8750000000
46217  13.595  0.526  45.973 0.7500000000
46231  13.614  0.404  45.594 0.7500000000
95334  11.931  1.731  43.318 1.0000000000
95327  11.428  1.930  42.206 1.0000000000
49292  10.739  1.774  41.571 1.0000000000
48409  9.751  0.293  41.190 0.8750000000
47433  9.987  -1.235  41.137 0.8750000000
43077  10.268  -2.963  41.097 0.8750000000
41931  9.512  -4.164  40.616 0.8750000000
46216  14.134  0.546  45.918 0.7500000000
46230  14.021  -0.042  45.350 0.8750000000
47348  13.519  0.448  44.874 0.8750000000
47349  13.347  1.238  44.189 0.8750000000
95328  11.273  1.807  41.759 1.0000000000
47432  10.747  -0.430  40.900 0.8750000000
95321  10.396  -2.053  40.560 0.8750000000
41930  10.249  -3.827  40.122 0.8750000000
40879  8.446  -5.563  39.551 0.8750000000
39855  7.294  -6.192  39.322 0.8750000000
38665  6.811  -7.022  38.746 0.8750000000
45097  14.493  0.329  44.582 0.8750000000
46247  13.984  -0.419  44.514 0.8750000000
95332  12.971  0.842  42.005 1.0000000000
95322  11.531  -0.236  40.362 1.0000000000
95281  11.026  -1.325  40.059 1.0000000000
43093  10.401  -2.788  39.913 0.8750000000
41951  9.629  -4.500  39.502 0.8750000000
40890  8.381  -5.684  38.878 0.8750000000
39874  8.236  -5.988  38.173 0.8750000000
39875  7.357  -6.263  38.348 0.8750000000
95279  15.072  -0.738  43.583 1.0000000000
95265  14.154  -0.514  43.710 0.8750000000
46264  13.657  -0.112  42.879 0.8750000000
95280  11.320  -1.510  39.567 1.0000000000
41949  10.644  -2.554  38.873 1.0000000000
41970  10.260  -3.709  37.986 0.8750000000
41971  9.482  -4.354  38.317 0.7500000000
39873  9.057  -6.025  37.718 0.7500000000
46284  16.358  -1.145  43.295 1.0000000000
95287  14.889  -1.295  43.091 1.0000000000
95278  14.200  -0.575  43.100 0.8750000000
95308  12.361  0.670  41.013 1.0000000000
41929  11.057  -2.043  39.308 1.0000000000
40902  9.112  -5.027  37.381 0.7500000000
39889  8.307  -6.217  37.082 0.7500000000
44117  17.583  -2.070  40.575 1.0000000000
45148  16.520  -1.876  42.400 1.0000000000
95291  16.038  -1.538  42.866 1.0000000000
95286  14.804  -1.304  42.306 0.8750000000
95302  14.219  -0.527  41.403 1.0000000000
45269  13.388  -0.394  39.879 1.0000000000
95316  12.133  -1.355  38.612 1.0000000000
95311  11.231  -2.154  38.091 0.8750000000
41969  10.689  -2.856  37.506 0.8750000000
41989  9.630  -4.200  37.116 0.7500000000
39888  9.090  -5.921  36.684 0.7500000000
43058  16.873  -2.401  40.260 1.0000000000
95270  15.996  -2.930  41.266 0.8750000000
95284  15.736  -2.311  41.781 0.8750000000
95305  14.690  -1.276  41.510 0.8750000000
45287  14.192  -1.483  38.521 0.8750000000
45270  13.384  -1.269  38.243 0.8750000000
95314  11.758  -2.165  37.344 0.8750000000
41987  10.804  -3.213  36.662 0.8750000000
42007  10.123  -4.161  36.413 0.8750000000
95269  16.139  -3.099  39.871 1.0000000000
95273  15.789  -3.006  40.517 0.8750000000
95310  15.437  -2.629  41.023 0.8750000000
44187  12.400  -2.299  35.926 0.8750000000
42006  10.419  -3.448  35.664 0.8750000000
44186  13.038  -2.215  37.029 0.8750000000
47308  14.401  0.774  46.240 0.7500000000
47306  15.199  0.883  45.891 0.7500000000
47323  15.214  0.962  45.211 0.7500000000
47324  15.047  0.743  45.559 0.7500000000
46246  14.724  0.511  44.501 0.8750000000
46244  15.777  0.708  44.226 1.0000000000
46245  15.248  0.546  44.328 1.0000000000
46283  16.954  -0.448  43.330 1.0000000000
46263  16.073  -0.401  43.820 1.0000000000
46302  17.175  -0.980  42.014 1.0000000000
44116  18.511  -2.087  40.440 1.0000000000
47343  16.106  0.806  44.137 0.8750000000
47366  16.555  0.657  43.595 1.0000000000
47411  17.305  0.068  42.494 1.0000000000
46325  17.859  -0.970  41.161 1.0000000000
44132  18.893  -2.320  40.024 1.0000000000
43087  18.687  -2.339  38.785 1.0000000000
43099  19.054  -3.138  37.907 0.8750000000
43127  18.771  -3.442  35.477 0.8750000000
42036  19.163  -4.056  34.106 0.7500000000
43138  19.831  -3.729  34.218 0.7500000000
47367  16.123  1.193  44.043 0.8750000000
47344  15.409  1.185  44.420 0.8750000000
48333  16.341  1.180  43.530 0.8750000000
48357  16.901  1.181  43.144 1.0000000000
46346  18.539  -1.261  39.868 1.0000000000
47430  17.311  -0.241  41.698 1.0000000000
46324  18.443  -1.341  40.537 1.0000000000
45248  19.339  -1.920  38.752 1.0000000000
45230  19.406  -2.023  39.519 1.0000000000
45266  19.218  -1.987  37.962 1.0000000000
45212  19.270  -2.187  39.932 1.0000000000
44154  19.248  -2.436  38.236 1.0000000000
44165  19.385  -2.933  37.344 1.0000000000
43109  19.266  -3.070  36.969 1.0000000000
43116  19.078  -3.130  36.166 1.0000000000
43126  19.257  -3.369  34.920 0.8750000000
43125  19.802  -3.220  34.345 0.6250000000
43148  20.097  -3.657  32.315 0.6250000000
42052  20.942  -4.725  33.008 0.6250000000
42034  20.304  -4.205  33.218 0.7500000000
43136  20.409  -4.056  32.897 0.6250000000
44243  19.990  -3.615  31.950 0.6250000000
48334  15.795  1.473  43.678 0.6250000000
48381  16.487  1.324  42.384 0.8750000000
47368  15.610  1.474  44.120 0.6250000000
48405  16.622  0.761  41.649 1.0000000000
47454  16.660  0.279  40.757 1.0000000000
48380  17.277  0.880  42.484 1.0000000000
47431  17.102  0.224  41.428 1.0000000000
48404  17.284  0.415  41.971 1.0000000000
47453  17.445  -0.215  40.962 1.0000000000
46371  17.870  -0.590  39.461 1.0000000000
46347  18.069  -0.669  40.408 1.0000000000
45249  18.712  -1.665  38.438 1.0000000000
45267  18.295  -2.114  37.371 1.0000000000
44166  19.059  -2.648  37.445 1.0000000000
44183  18.981  -2.858  36.598 1.0000000000
44203  18.941  -2.861  35.313 1.0000000000
44167  18.588  -2.662  36.956 1.0000000000
44202  19.500  -2.982  34.694 0.8750000000
44223  19.845  -2.607  34.088 0.7500000000
43137  20.088  -3.580  33.428 0.6250000000
44242  19.593  -3.012  32.127 0.6250000000
48406  15.785  1.490  41.483 0.8750000000
47468  17.316  0.003  40.063 1.0000000000
46388  17.957  -1.532  38.601 1.0000000000
44204  18.240  -2.288  35.337 1.0000000000
44224  18.687  -2.392  34.488 0.7500000000
45314  19.422  -1.788  33.770 0.7500000000
45313  20.116  -2.036  33.047 0.6250000000
45336  20.382  -1.923  31.913 0.6250000000
47469  16.336  0.592  39.740 0.8750000000
46405  17.172  -0.424  37.146 1.0000000000
47483  16.986  0.196  38.908 1.0000000000
46389  17.287  -0.975  38.404 1.0000000000
46419  17.180  -0.178  36.443 1.0000000000
45268  17.305  -1.469  37.304 1.0000000000
45286  17.174  -0.865  36.380 1.0000000000
45285  17.788  -1.694  36.170 1.0000000000
45302  17.254  -1.007  35.366 1.0000000000
44184  18.384  -2.525  36.310 1.0000000000
45301  17.846  -1.656  35.011 1.0000000000
45316  17.347  -1.140  34.275 1.0000000000
44225  18.226  -2.050  34.738 1.0000000000
45315  18.277  -1.694  34.093 0.8750000000
45337  19.109  -2.051  32.555 0.6250000000
45367  19.298  -1.698  31.445 0.7500000000
45366  20.374  -1.521  30.929 0.6250000000
45365  20.953  -1.152  30.789 0.6250000000
46429  17.190  -0.107  35.742 1.0000000000
45339  17.841  -1.078  33.431 1.0000000000
45338  19.145  -0.923  33.382 1.0000000000
45368  18.890  -1.178  32.237 0.8750000000
46521  18.699  -0.705  31.787 0.8750000000
46519  19.992  -0.774  31.182 0.8750000000
46448  17.167  -0.154  34.667 1.0000000000
47523  17.066  0.818  35.106 1.0000000000
47540  17.068  0.746  33.971 1.0000000000
46469  17.250  -0.289  33.590 1.0000000000
47560  17.595  0.553  33.153 1.0000000000
47559  18.557  0.444  32.730 1.0000000000
46467  19.570  -0.074  32.380 0.8750000000
46492  20.786  -0.129  31.113 0.8750000000
46465  21.365  -0.125  31.750 0.7500000000
48520  17.267  1.689  34.327 1.0000000000
48542  17.421  1.415  33.304 1.0000000000
48541  18.098  1.908  33.595 1.0000000000
48561  18.337  1.217  33.072 1.0000000000
47558  19.218  0.648  32.694 1.0000000000
47557  19.905  0.863  33.125 1.0000000000
46447  20.494  0.038  33.047 0.8750000000
47556  22.071  -0.122  32.225 0.7500000000
47538  21.483  0.677  33.095 0.8750000000
47554  23.063  0.440  32.587 0.8750000000
47578  23.323  -0.104  31.505 0.8750000000
46488  24.749  -1.252  31.209 0.6250000000
48496  18.475  1.956  35.845 0.8750000000
48497  17.455  1.623  35.578 1.0000000000
48519  18.195  2.016  34.637 1.0000000000
48518  19.372  1.954  34.778 1.0000000000
48540  19.095  2.013  33.756 1.0000000000
48559  19.780  1.668  33.155 1.0000000000
48560  19.036  1.517  33.109 1.0000000000
48539  20.337  1.880  33.655 1.0000000000
47539  20.504  1.023  33.109 1.0000000000
47537  22.216  1.251  33.093 1.0000000000
48574  23.451  0.732  31.795 1.0000000000
47576  24.738  0.596  31.224 0.7500000000
47577  23.905  0.124  31.120 0.7500000000
49390  18.497  2.460  37.591 0.7500000000
48475  19.046  1.810  36.914 0.7500000000
48495  19.736  1.877  35.893 0.8750000000
48517  20.547  2.050  34.849 0.8750000000
48538  21.405  1.856  33.835 1.0000000000
47536  22.715  1.661  33.188 1.0000000000
48558  23.417  1.519  32.389 1.0000000000
48573  24.118  1.007  32.059 1.0000000000
49359  19.165  2.926  38.137 0.7500000000
49389  19.621  2.462  37.500 0.7500000000
48474  20.221  1.894  36.848 0.8750000000
48473  21.193  2.104  36.774 0.8750000000
48494  20.854  1.903  35.978 0.8750000000
48516  21.590  1.933  35.034 0.8750000000
48514  23.160  2.190  34.893 0.8750000000
48515  22.542  2.121  35.217 1.0000000000
48537  22.295  1.854  34.022 1.0000000000
48536  23.314  2.022  33.787 1.0000000000
48572  24.790  1.679  32.159 1.0000000000
48557  24.124  1.900  32.821 1.0000000000
46487  25.423  -0.289  31.150 0.8750000000
49388  20.678  2.511  37.421 0.7500000000
49356  21.414  3.420  37.434 0.8750000000
50312  22.031  3.510  37.168 0.8750000000
49387  21.819  2.831  37.010 0.8750000000
48472  21.480  2.414  36.603 0.8750000000
49386  22.248  3.252  36.537 0.7500000000
48493  21.765  2.145  36.185 0.8750000000
49415  23.855  3.076  36.093 0.5000000000
50337  23.092  3.523  36.226 0.7500000000
49416  22.690  2.843  36.049 0.8750000000
48492  22.254  2.370  35.954 0.8750000000
49436  24.677  2.782  35.364 0.5000000000
49437  23.609  2.672  34.964 0.8750000000
49454  24.535  2.570  34.475 1.0000000000
49455  23.956  2.367  34.245 1.0000000000
48535  24.349  1.942  33.869 1.0000000000
48534  25.165  2.017  34.123 1.0000000000
48556  24.915  1.881  33.219 1.0000000000
47575  25.524  1.122  32.008 1.0000000000
46486  25.868  0.770  31.255 1.0000000000
46513  26.058  -0.904  30.946 0.7500000000
47598  26.105  -0.173  30.797 0.7500000000
50283  18.996  3.602  38.572 0.5000000000
50282  19.602  3.212  38.551 0.6250000000
49358  20.138  2.850  38.388 0.6250000000
49336  20.236  3.305  38.854 0.5000000000
50335  24.418  3.767  36.602 0.5000000000
50336  23.510  3.771  36.520 0.5000000000
50311  22.559  3.744  36.817 0.5000000000
49414  25.005  3.138  36.128 0.5000000000
49435  25.659  2.744  35.554 0.5000000000
48533  26.128  2.161  34.376 1.0000000000
48555  25.689  1.929  33.540 1.0000000000
48571  25.401  1.920  32.710 1.0000000000
46512  26.326  0.920  31.073 1.0000000000
43170  26.329  -3.967  29.802 0.1250000000
44278  25.534  -3.367  30.147 0.2500000000
45419  26.107  -2.142  29.998 0.5000000000
46542  26.078  -1.126  30.545 0.5000000000
45444  26.009  -1.103  29.260 0.5000000000
50251  20.763  3.727  39.117 0.5000000000
49335  20.549  3.488  38.491 0.6250000000
50281  21.144  3.753  38.432 0.7500000000
50249  22.896  3.792  38.784 0.3750000000
50280  21.879  3.800  37.758 0.3750000000
49357  21.114  3.126  37.929 0.7500000000
50248  23.606  4.011  38.587 0.2500000000
50279  23.119  3.795  37.908 0.3750000000
50278  24.130  3.865  38.218 0.2500000000
50309  24.921  3.783  37.506 0.2500000000
50310  23.760  3.808  37.279 0.3750000000
50334  25.364  3.646  36.664 0.3750000000
49452  26.191  2.582  34.977 0.7500000000
47535  26.461  1.879  33.769 1.0000000000
47553  26.008  2.007  32.824 1.0000000000
47574  26.159  1.707  31.996 1.0000000000
46485  26.234  1.496  31.384 1.0000000000
47597  26.724  0.946  30.869 0.8750000000
47616  26.123  0.357  30.293 0.7500000000
95675  27.221  -3.512  29.182 0.1250000000
95659  25.789  -2.781  29.167 0.1250000000
95660  25.263  -1.467  29.402 0.5000000000
44308  27.803  -3.750  28.383 0.1250000000
95666  26.657  -3.424  28.369 0.1250000000
50229  20.782  3.653  40.030 0.2500000000
52188  25.218  6.079  40.876 0.2500000000
50228  21.419  3.946  39.735 0.1250000000
52209  25.712  5.643  40.203 0.2500000000
51229  24.843  4.679  40.131 0.2500000000
51230  23.785  4.745  40.354 0.2500000000
51259  22.849  4.343  39.624 0.2500000000
50250  21.852  3.846  39.080 0.3750000000
51228  25.411  4.869  39.864 0.2500000000
51258  23.906  4.508  39.241 0.2500000000
51257  25.022  4.576  39.406 0.2500000000
51278  24.546  4.395  38.733 0.2500000000
51279  24.008  4.331  38.641 0.2500000000
51277  25.409  4.470  38.757 0.2500000000
50277  24.951  3.967  38.341 0.2500000000
49413  25.987  2.835  36.424 0.5000000000
49434  26.619  2.549  35.480 0.5000000000
48512  26.770  1.776  35.109 0.7500000000
47534  27.022  1.854  33.945 1.0000000000
47552  26.891  1.869  33.090 1.0000000000
47573  26.856  1.915  31.727 1.0000000000
43218  26.090  -3.002  27.113 0.1250000000
95678  24.798  -2.309  28.766 0.5000000000
52210  24.713  5.356  40.714 0.2500000000
51260  22.035  4.445  39.800 0.2500000000
51256  25.942  5.018  39.412 0.2500000000
50276  25.746  3.841  38.159 0.2500000000
50308  25.990  3.253  37.251 0.3750000000
47520  27.061  1.458  34.815 0.8750000000
47551  27.481  1.919  32.740 1.0000000000
47615  27.031  1.258  30.118 1.0000000000
46578  25.880  -0.123  28.921 0.6250000000
46563  26.113  -0.381  29.662 0.7500000000
47627  26.463  0.803  29.629 0.8750000000
46588  25.160  -1.082  28.127 0.3750000000
52234  26.293  5.568  39.763 0.2500000000
51255  26.235  5.281  39.000 0.2500000000
48511  27.252  1.868  34.918 0.7500000000
48532  27.273  2.531  33.808 1.0000000000
48587  27.650  1.973  31.353 1.0000000000
46577  26.462  0.893  28.571 0.8750000000
47637  26.754  0.555  29.075 1.0000000000
47651  25.183  0.642  27.395 0.7500000000
46587  25.519  0.723  28.358 0.8750000000
51276  26.366  4.967  38.468 0.2500000000
50275  26.674  3.851  37.750 0.2500000000
49385  26.309  3.358  36.506 0.5000000000
49412  26.858  3.157  36.124 0.5000000000
49451  27.739  2.860  33.944 1.0000000000
48554  27.454  2.469  33.337 1.0000000000
48570  27.906  1.991  32.181 1.0000000000
48603  27.661  1.942  30.600 1.0000000000
47626  27.203  1.418  29.324 1.0000000000
47670  25.028  0.205  26.515 0.8750000000
49384  26.553  3.502  36.337 0.5000000000
49433  27.494  2.881  35.149 0.5000000000
48586  28.488  1.993  31.117 1.0000000000
48614  27.840  1.951  29.792 1.0000000000
48625  28.020  1.740  29.094 1.0000000000
47650  27.046  0.994  27.423 1.0000000000
47636  27.606  1.082  28.555 1.0000000000
47669  25.801  0.965  26.262 0.6250000000
47710  26.022  0.077  24.845 0.3750000000
45520  27.949  -1.659  23.998 0.1250000000
46634  27.331  -0.686  24.094 0.3750000000
50307  26.767  3.745  36.640 0.2500000000
49411  27.192  3.251  35.674 0.5000000000
49473  29.303  2.802  32.438 1.0000000000
49466  28.465  3.150  33.266 1.0000000000
49474  28.461  2.642  32.311 1.0000000000
49467  27.879  2.740  33.349 1.0000000000
49486  30.000  2.570  31.467 1.0000000000
49487  28.949  2.628  31.537 1.0000000000
48585  29.347  2.018  30.893 1.0000000000
49500  30.853  2.508  30.504 1.0000000000
49501  30.097  2.042  30.562 1.0000000000
48601  29.532  2.018  30.005 1.0000000000
48602  28.634  1.912  30.334 1.0000000000
48600  30.453  1.923  29.720 1.0000000000
48613  28.761  2.030  29.437 1.0000000000
48612  29.687  2.021  29.047 1.0000000000
48624  28.662  1.864  28.458 1.0000000000
47635  28.106  1.317  27.855 1.0000000000
48650  28.031  1.401  26.621 0.8750000000
47668  27.137  0.965  25.968 0.8750000000
47688  27.286  0.959  24.831 0.3750000000
47689  26.197  0.868  25.085 0.5000000000
46633  28.190  -0.772  23.359 0.1250000000
47708  27.843  0.303  24.060 0.5000000000
47709  26.635  0.347  24.150 0.3750000000
49472  30.290  2.941  32.672 1.0000000000
48611  30.636  1.967  28.694 1.0000000000
48623  29.815  1.920  28.009 1.0000000000
48635  28.647  1.885  27.372 1.0000000000
48667  28.035  1.382  25.519 0.8750000000
48684  28.013  1.184  24.581 0.6250000000
48683  28.244  1.420  23.509 0.3750000000
47707  28.477  0.190  23.152 0.2500000000
50396  31.326  3.576  32.474 0.7500000000
49471  30.857  3.145  32.421 0.8750000000
50414  31.449  3.542  31.381 0.8750000000
50431  31.842  3.614  30.514 0.8750000000
49485  31.042  2.818  31.762 1.0000000000
49465  29.467  3.133  33.179 0.8750000000
50432  31.246  3.230  30.757 0.8750000000
49510  31.270  2.260  29.376 1.0000000000
48622  30.691  1.997  27.767 1.0000000000
48634  30.023  1.956  27.010 1.0000000000
48648  29.456  2.328  26.768 1.0000000000
48649  28.967  1.972  26.232 1.0000000000
49542  29.086  2.654  25.473 0.7500000000
48703  29.234  1.933  23.149 0.3750000000
48702  30.090  1.447  22.540 0.1250000000
47731  29.440  0.636  22.965 0.2500000000
49499  31.791  2.735  30.003 0.8750000000
49509  31.946  2.749  29.002 1.0000000000
50451  31.440  3.317  28.419 1.0000000000
49519  31.242  2.631  28.429 1.0000000000
49524  30.678  2.723  27.769 1.0000000000
49525  30.206  2.782  27.339 1.0000000000
50484  29.222  3.523  26.091 1.0000000000
49533  29.159  2.822  26.473 1.0000000000
50498  29.109  3.432  24.949 0.7500000000
50520  29.098  3.338  24.008 0.6250000000
51512  30.715  4.594  22.210 0.8750000000
50540  30.943  3.470  22.035 0.7500000000
50541  30.116  3.733  22.608 0.3750000000
49564  30.023  2.614  22.935 0.6250000000
49550  29.000  2.463  24.197 0.5000000000
50557  32.104  3.605  21.012 0.3750000000
50558  31.195  4.051  21.359 0.7500000000
49586  30.442  2.864  22.146 0.5000000000
50556  33.134  3.090  20.667 0.2500000000
50571  33.540  3.761  20.222 0.2500000000
50570  34.085  2.995  19.711 0.2500000000
51542  34.048  4.243  19.847 0.5000000000
50442  32.261  3.375  29.556 0.8750000000
50441  32.869  3.864  29.124 0.7500000000
49518  31.634  3.135  28.695 0.8750000000
50459  31.106  3.468  27.755 1.0000000000
50469  30.213  3.678  26.823 1.0000000000
50460  30.456  3.242  27.547 1.0000000000
50470  29.478  3.295  26.688 1.0000000000
50483  29.859  3.947  25.506 0.8750000000
51496  30.152  4.288  23.531 0.8750000000
50497  29.628  3.892  24.333 0.6250000000
52517  32.424  5.806  23.100 1.0000000000
51513  30.214  4.456  22.793 0.8750000000
50519  29.437  3.600  23.334 0.6250000000
49565  29.115  2.858  23.388 0.5000000000
52563  31.664  5.393  21.227 0.8750000000
52545  31.178  5.426  21.751 0.8750000000
52562  32.997  5.200  21.008 0.6250000000
51526  33.084  4.085  21.008 0.6250000000
52572  33.556  4.936  20.155 0.8750000000
52571  34.118  5.463  19.958 0.5000000000
51557  34.485  4.492  19.087 0.3750000000
51404  33.433  4.054  30.620 0.7500000000
50450  32.102  3.676  28.423 0.8750000000
50449  32.825  3.998  28.500 0.8750000000
51431  32.711  4.196  28.220 1.0000000000
50458  31.996  3.685  27.022 1.0000000000
51448  30.760  4.379  26.657 1.0000000000
51460  31.376  4.913  25.327 1.0000000000
51447  31.259  4.619  26.411 1.0000000000
53456  33.824  6.444  26.532 1.0000000000
52479  32.950  6.214  25.407 1.0000000000
52480  32.413  5.658  25.424 1.0000000000
51478  30.410  4.468  24.781 1.0000000000
53455  34.421  6.941  26.412 1.0000000000
53478  33.574  6.548  25.264 1.0000000000
52496  31.812  5.586  24.316 1.0000000000
51477  31.012  4.823  23.945 1.0000000000
53503  33.113  6.230  24.397 1.0000000000
52518  31.220  5.504  22.862 1.0000000000
51495  30.560  4.823  23.046 1.0000000000
53502  33.480  6.369  24.104 0.8750000000
52516  33.543  5.936  23.333 0.8750000000
52543  33.077  5.914  22.103 0.8750000000
52561  33.862  5.916  21.250 0.8750000000
51418  33.529  4.187  29.643 0.6250000000
51417  34.203  4.710  29.134 0.6250000000
51430  33.330  4.558  28.375 0.6250000000
51436  33.025  4.844  27.644 0.8750000000
51437  32.590  4.470  27.508 1.0000000000
53441  34.358  6.824  27.195 0.5000000000
52453  32.816  5.037  27.356 1.0000000000
50467  31.722  4.171  26.637 1.0000000000
53442  33.695  6.239  27.785 1.0000000000
52463  33.231  5.773  26.056 1.0000000000
52464  32.629  5.238  26.718 1.0000000000
51446  32.086  4.583  26.247 1.0000000000
51461  30.489  4.659  26.048 1.0000000000
51459  31.960  5.097  25.553 1.0000000000
52481  31.845  5.396  25.197 1.0000000000
54495  34.918  7.463  26.410 0.7500000000
53477  34.662  6.955  25.544 0.7500000000
53501  34.394  6.761  24.335 0.7500000000
53527  34.181  6.482  23.144 0.7500000000
52542  34.030  5.857  22.466 0.8750000000
53566  34.578  6.347  19.219 0.6250000000
53557  34.282  6.672  20.320 0.8750000000
55318  35.705  8.230  29.715 0.5000000000
51429  33.974  4.954  28.552 0.7500000000
53405  34.805  6.592  29.360 0.5000000000
52440  34.225  5.458  28.684 0.5000000000
52441  33.673  5.449  28.255 0.8750000000
54464  35.393  7.817  29.052 0.5000000000
54465  34.878  7.411  28.657 0.5000000000
53428  34.340  6.497  28.450 0.5000000000
53429  33.868  5.963  28.394 0.6250000000
54478  34.907  7.446  27.567 0.6250000000
52452  33.236  5.468  27.375 0.8750000000
54477  35.759  8.164  27.874 0.3750000000
54520  35.225  7.368  25.702 0.6250000000
53476  35.700  6.946  25.300 0.6250000000
53500  35.439  6.847  24.498 0.7500000000
53526  35.220  6.864  23.421 0.7500000000
53525  36.195  6.938  23.710 0.8750000000
53545  35.129  6.801  22.233 0.8750000000
53546  34.319  6.655  21.699 0.7500000000
54574  36.361  7.220  21.941 0.8750000000
53555  35.950  6.809  21.583 1.0000000000
54583  36.443  7.339  21.242 1.0000000000
53556  35.102  6.918  20.960 0.8750000000
53564  36.028  6.780  20.488 0.8750000000
53565  35.206  6.825  19.745 0.7500000000
53573  35.451  6.225  19.156 0.3750000000
55336  35.813  8.348  28.734 0.3750000000
55335  36.525  8.519  28.792 0.3750000000
54494  35.844  7.547  26.831 0.5000000000
54519  35.792  7.481  25.875 0.5000000000
54518  36.615  7.530  26.064 0.6250000000
53475  36.538  7.037  25.387 0.6250000000
53543  36.918  6.880  23.119 0.7500000000
54559  37.430  7.485  23.350 0.8750000000
53544  36.136  6.971  22.610 0.8750000000
54573  37.028  7.620  22.257 0.8750000000
54582  37.134  7.810  20.958 0.8750000000
55352  36.534  8.469  28.023 0.3750000000
54476  37.010  8.147  27.548 0.3750000000
53474  37.245  7.217  25.547 0.6250000000
53499  36.407  6.785  24.625 0.6250000000
53498  37.337  6.885  24.832 0.6250000000
54539  37.521  7.563  24.189 0.7500000000
53524  37.078  6.870  23.951 0.6250000000
53497  37.830  7.008  25.370 0.6250000000
54558  38.313  7.811  23.649 0.7500000000
54572  37.877  7.959  22.830 0.8750000000
55443  37.490  8.542  21.683 0.8750000000
55351  37.378  8.995  27.722 0.3750000000
54493  36.828  7.559  26.998 0.3750000000
54492  37.729  8.167  26.820 0.5000000000
54517  37.404  7.548  26.125 0.6250000000
54516  38.267  7.483  25.806 0.3750000000
53473  37.691  7.331  25.668 0.6250000000
54538  38.224  7.403  24.731 0.3750000000
54537  39.054  7.738  25.151 0.3750000000
55409  39.532  8.504  24.626 0.3750000000
55420  39.345  8.701  23.292 0.5000000000
55421  38.488  8.210  23.021 0.7500000000
55433  38.249  8.652  22.401 0.7500000000
55442  38.411  8.691  21.207 0.6250000000
54515  39.155  7.723  25.978 0.2500000000
55394  40.285  8.730  25.201 0.1250000000
55373  40.161  8.576  26.033 0.1250000000
55395  39.509  8.386  25.566 0.1250000000
55408  40.468  8.924  24.193 0.2500000000
54491  38.762  7.903  26.369 0.2500000000
55374  39.354  8.269  26.375 0.1250000000
55348  40.033  8.621  26.760 0.1250000000
56201  41.393  9.335  26.260 0.1250000000
55372  41.054  8.641  25.787 0.1250000000
56178  41.950  9.585  26.882 0.1250000000
55393  41.188  8.800  24.910 0.2500000000
33730  -8.746  -12.442  44.007 0.5000000000
32788  -8.942  -12.510  43.267 0.2500000000
32803  -8.474  -12.888  43.109 0.6250000000
35575  -7.359  -10.406  45.596 0.6250000000
34682  -8.268  -11.404  42.600 0.2500000000
29345  -8.886  -16.336  41.378 0.3750000000
30871  -8.162  -14.475  42.312 0.3750000000
31838  -8.463  -14.027  41.234 0.3750000000
37458  -4.606  -7.883  45.035 0.6250000000
31794  -8.472  -13.680  42.332 0.3750000000
32825  -7.154  -13.655  42.314 0.6250000000
34728  -7.634  -11.302  39.869 0.2500000000
36598  -7.534  -10.265  41.325 0.2500000000
34705  -3.185  -10.975  41.166 0.8750000000
94460  -4.625  -11.397  39.739 0.3750000000
34753  -8.157  -12.100  39.634 0.2500000000
33811  -8.455  -12.679  40.017 0.2500000000
94447  -4.114  -11.278  39.527 0.3750000000
32883  -1.909  -13.220  38.121 0.1250000000
32884  -2.836  -12.833  38.538 0.1250000000
33834  -2.862  -12.290  38.507 0.2500000000
32866  -2.946  -12.353  38.878 0.5000000000
34750  -2.952  -11.396  39.179 0.5000000000
94427  -3.597  -12.044  39.150 0.2500000000
94462  -4.447  -11.678  39.294 0.3750000000
35620  -3.835  -8.571  42.663 1.0000000000
36615  -0.372  -9.141  39.253 0.6250000000
36631  -0.203  -9.505  38.339 0.5000000000
34780  0.161  -11.420  38.061 0.2500000000
37486  -2.128  -7.117  43.246 0.7500000000
36616  -1.048  -9.427  39.390 0.7500000000
38550  -0.626  -6.629  44.161 0.5000000000
37504  -1.737  -7.340  42.032 0.8750000000
38597  -0.604  -7.113  42.231 0.8750000000
36560  -2.232  -7.357  42.425 0.8750000000
36646  1.534  -8.933  37.316 0.3750000000
35712  1.152  -9.964  37.577 0.3750000000
39785  0.931  -6.396  42.325 0.6250000000
38596  0.084  -7.059  42.034 0.8750000000
39810  0.972  -6.414  41.501 0.8750000000
38621  0.006  -7.217  41.442 0.8750000000
38650  0.342  -7.105  40.699 1.0000000000
37574  0.230  -8.394  39.527 0.8750000000
38713  1.681  -7.239  37.569 0.7500000000
37619  3.681  -8.090  37.036 0.5000000000
38571  1.908  -6.370  42.999 0.5000000000
38620  1.432  -6.406  41.787 0.7500000000
38648  2.449  -6.545  40.234 1.0000000000
38670  2.328  -7.061  39.332 1.0000000000
37502  2.622  -6.385  42.495 0.6250000000
39857  3.066  -6.314  39.916 0.8750000000
37571  4.029  -7.010  39.977 0.8750000000
38689  5.016  -6.990  38.024 1.0000000000
37711  12.428  -8.519  33.015 0.1250000000
36711  9.458  -9.665  33.269 0.5000000000
36727  9.713  -8.809  33.044 0.5000000000
35783  10.183  -10.588  34.118 0.1250000000
38790  10.842  -7.101  33.067 0.3750000000
37713  9.978  -7.964  33.024 0.7500000000
38728  5.247  -7.232  35.831 0.7500000000
39957  11.698  -6.293  33.087 0.3750000000
39958  10.397  -6.016  33.068 0.3750000000
39933  10.070  -5.632  33.324 0.7500000000
39934  9.663  -6.071  33.490 0.7500000000
38706  7.860  -7.041  36.463 0.6250000000
38745  6.699  -7.362  35.115 0.7500000000
42023  11.935  -3.680  34.123 0.7500000000
40928  11.440  -4.062  33.934 0.7500000000
42024  11.166  -3.595  34.925 0.8750000000
40930  9.888  -5.281  34.163 0.7500000000
43130  11.689  -3.167  34.912 0.7500000000
43119  11.655  -2.730  35.536 0.8750000000
49283  9.725  1.851  42.500 0.7500000000
46218  13.240  0.546  45.899 0.7500000000
48295  12.409  1.412  46.335 0.6250000000
47327  13.003  0.939  45.556 0.7500000000
48383  10.236  1.043  41.054 0.8750000000
47434  9.222  -0.162  41.470 0.8750000000
95267  10.002  -1.829  41.772 0.8750000000
44099  9.555  -1.910  42.152 0.7500000000
43060  9.560  -3.031  41.697 0.7500000000
47325  13.706  0.040  45.266 0.8750000000
47326  13.541  0.410  45.342 0.7500000000
95326  12.164  1.809  42.046 1.0000000000
95330  11.625  1.805  41.619 1.0000000000
95307  11.012  0.681  41.225 1.0000000000
48408  10.496  0.078  41.121 1.0000000000
95331  10.389  -1.140  40.904 0.8750000000
46215  14.536  0.607  45.920 0.7500000000
45098  14.247  0.233  44.873 1.0000000000
46229  14.542  0.659  45.226 0.8750000000
47347  13.626  -0.129  44.922 0.8750000000
46248  13.670  -0.169  44.089 0.8750000000
95324  11.633  1.193  41.110 1.0000000000
48407  11.065  -0.015  41.155 1.0000000000
95323  10.629  -0.995  40.585 0.8750000000
95304  10.429  -1.566  40.738 0.8750000000
40878  9.124  -5.122  40.024 0.8750000000
40889  8.965  -5.333  38.721 0.8750000000
39830  8.032  -6.087  39.877 0.8750000000
39854  7.975  -5.991  39.033 0.8750000000
45109  14.915  -0.005  44.285 1.0000000000
45110  14.423  -0.165  44.371 1.0000000000
95306  12.266  1.493  41.435 1.0000000000
43076  10.836  -1.806  39.595 0.8750000000
95282  11.028  -1.539  39.717 1.0000000000
41950  10.295  -3.806  39.132 0.8750000000
43092  10.547  -2.173  39.694 0.8750000000
45108  15.449  -0.387  43.983 1.0000000000
95266  14.545  -0.639  43.506 0.8750000000
95294  11.320  -1.982  38.951 1.0000000000
45126  15.787  -1.035  43.412 1.0000000000
95285  15.516  -1.661  42.454 1.0000000000
95264  14.421  -0.748  43.174 0.8750000000
95288  14.365  -0.718  42.262 0.8750000000
44098  17.073  -2.153  41.165 1.0000000000
45193  17.536  -1.630  41.278 1.0000000000
44133  18.087  -2.121  40.024 1.0000000000
43074  17.610  -2.410  39.481 1.0000000000
44081  16.504  -2.280  41.325 1.0000000000
45171  17.142  -1.981  41.813 1.0000000000
95289  15.992  -1.857  42.540 1.0000000000
95325  11.209  -2.475  37.428 0.8750000000
41988  10.323  -3.661  36.898 0.8750000000
43090  16.716  -3.029  39.136 1.0000000000
43057  16.785  -2.232  40.620 1.0000000000
95290  16.380  -2.962  39.632 1.0000000000
43039  16.211  -2.991  40.318 0.8750000000
95274  15.430  -2.376  41.383 0.8750000000
95293  15.277  -2.157  41.461 0.8750000000
43118  11.739  -2.398  36.447 0.8750000000
42005  11.246  -2.948  36.304 0.8750000000
43091  16.328  -2.993  39.133 1.0000000000
95292  15.738  -3.005  40.263 0.8750000000
95315  15.312  -2.529  39.975 0.8750000000
45288  13.889  -1.629  37.571 0.8750000000
48314  15.216  1.322  45.109 0.8750000000
46262  16.246  0.281  44.048 1.0000000000
45192  18.337  -1.719  40.840 1.0000000000
43088  18.037  -3.064  39.054 1.0000000000
47390  17.205  0.519  43.116 1.0000000000
45213  19.060  -1.857  40.235 1.0000000000
44143  19.182  -2.094  38.985 1.0000000000
43100  18.223  -3.148  38.168 0.8750000000
44153  19.362  -2.910  37.705 1.0000000000
43110  18.913  -3.152  37.000 1.0000000000
43111  18.315  -3.329  37.240 0.8750000000
42018  18.429  -4.043  35.195 0.8750000000
42017  19.041  -3.824  35.052 0.8750000000
43117  18.359  -3.428  36.211 1.0000000000
42035  20.063  -4.202  33.570 0.7500000000
45231  19.057  -1.633  39.330 1.0000000000
43115  19.239  -2.984  36.725 1.0000000000
48358  16.020  1.375  43.041 0.7500000000
48423  16.070  1.091  40.597 0.8750000000
46370  18.400  -1.181  39.001 1.0000000000
45250  17.740  -1.743  38.112 1.0000000000
46468  18.272  -0.264  33.091 1.0000000000
46495  19.201  -0.358  32.516 1.0000000000
49438  22.994  2.445  35.290 0.8750000000
49417  22.069  2.552  36.271 0.8750000000
49453  25.415  2.653  34.748 0.8750000000
50252  19.911  3.221  39.289 0.3750000000
47521  26.852  1.665  34.578 1.0000000000
43183  26.560  -3.334  29.442 0.1250000000
43171  26.126  -2.832  29.812 0.2500000000
45420  25.118  -2.479  29.474 0.2500000000
95667  26.900  -3.700  28.146 0.1250000000
95671  25.325  -2.585  28.371 0.1250000000
95676  25.674  -0.992  28.867 0.6250000000
95672  25.670  -2.768  27.700 0.1250000000
43219  25.196  -2.269  27.347 0.1250000000
46589  24.430  -0.486  26.903 0.5000000000
47652  24.941  -0.145  27.240 0.6250000000
49488  28.273  2.363  31.660 1.0000000000
48553  28.095  2.225  33.011 1.0000000000
47690  25.222  0.390  25.405 0.5000000000
48636  28.024  1.318  27.222 1.0000000000
51368  31.776  4.006  32.553 0.6250000000
48633  30.373  2.309  27.549 1.0000000000
49532  29.786  2.762  26.873 1.0000000000
48666  28.448  1.943  24.910 0.7500000000
48720  30.574  2.031  22.103 0.3750000000
51527  31.984  4.577  21.025 0.6250000000
49604  32.059  2.744  21.128 0.3750000000
49605  31.333  3.208  21.258 0.6250000000
51528  31.169  4.952  21.386 0.7500000000
49585  31.197  2.531  21.696 0.6250000000
51543  33.360  4.489  20.311 0.7500000000
50468  31.218  4.021  26.934 1.0000000000
52544  31.982  5.896  21.861 1.0000000000
53479  32.899  6.394  24.779 1.0000000000
52495  32.963  5.871  24.203 1.0000000000
52494  33.337  6.027  23.889 0.8750000000
53528  33.741  6.305  23.560 0.8750000000
52515  34.064  5.906  23.065 0.8750000000
55434  37.521  8.384  22.406 0.8750000000
54557  39.088  7.749  24.216 0.3750000000
56202  40.601  9.131  26.453 0.1250000000
37643  4.994  -8.238  36.015 0.6250000000
34848  9.302  -11.718  35.359 0.1250000000
35768  9.702  -10.956  34.981 0.1250000000
35751  6.714  -10.725  35.143 0.1250000000
38729  4.590  -7.340  36.233 0.6250000000
35784  9.255  -10.531  34.126 0.2500000000
35769  8.651  -10.894  34.895 0.2500000000
37642  5.485  -8.127  35.099 0.6250000000
44185  14.404  -2.785  37.501 0.7500000000
44206  14.204  -2.356  36.054 0.7500000000
44205  14.690  -3.025  36.255 0.6250000000
43139  14.236  -2.509  35.562 0.7500000000
33850  7.634  -12.903  37.119 0.1250000000
34805  8.828  -12.162  36.818 0.1250000000
33849  8.518  -12.679  36.963 0.1250000000
33868  7.832  -12.638  36.309 0.1250000000
34829  7.323  -11.743  35.971 0.1250000000
34804  9.145  -11.798  37.031 0.1250000000
34828  8.499  -11.833  36.016 0.1250000000
35750  7.656  -10.937  35.583 0.1250000000
35749  8.158  -11.063  35.394 0.1250000000
35771  7.362  -10.298  35.018 0.2500000000
36692  6.953  -9.452  35.018 0.2500000000
36712  8.605  -9.902  34.071 0.2500000000
36690  8.073  -10.082  34.596 0.2500000000
37666  6.545  -8.178  35.066 0.6250000000
37664  8.044  -9.083  34.459 0.3750000000
36691  7.693  -9.641  35.024 0.2500000000
37665  7.483  -8.576  35.000 0.5000000000
38763  8.591  -7.862  34.033 0.6250000000
38743  8.091  -7.667  34.441 0.6250000000
38744  7.261  -7.593  35.044 0.6250000000
95299  15.019  -4.915  38.114 0.6250000000
49269  9.769  2.701  43.795 0.5000000000
95276  15.236  -4.931  38.324 0.6250000000
38685  15.195  -5.455  37.938 0.5000000000
42000  17.797  -4.015  35.876 0.7500000000
42019  17.291  -4.251  34.990 0.7500000000
40924  16.358  -4.511  35.166 0.6250000000
95298  14.881  -3.644  38.335 0.7500000000
40945  17.146  -4.968  34.218 0.7500000000
40976  16.638  -5.491  33.248 0.6250000000
39929  15.599  -6.397  33.504 0.6250000000
38760  14.329  -7.085  35.066 0.5000000000
38705  14.351  -5.834  37.015 0.5000000000
95258  15.545  -4.433  37.118 0.6250000000
39900  14.901  -4.171  35.321 0.6250000000
95251  14.677  -4.891  36.017 0.6250000000
40975  17.407  -5.598  33.142 0.5000000000
41983  17.778  -4.037  36.763 0.7500000000
42001  17.121  -4.029  36.038 0.7500000000
40925  15.436  -4.865  35.084 0.6250000000
40948  15.083  -6.090  34.674 0.5000000000
40911  16.039  -4.132  35.651 0.6250000000
40912  15.645  -3.828  35.724 0.6250000000
37500  3.922  -6.407  42.054 0.6250000000
37501  3.286  -6.395  42.265 0.6250000000
37499  4.516  -6.441  41.838 0.6250000000
37521  4.027  -6.402  41.275 0.6250000000
38644  5.650  -6.729  40.200 0.7500000000
41965  17.538  -3.259  37.420 0.7500000000
41966  16.793  -3.158  37.565 0.6250000000
41984  16.927  -3.985  36.962 0.7500000000
42003  15.884  -3.631  36.450 0.6250000000
40900  15.544  -3.305  36.814 0.6250000000
40901  15.275  -3.305  36.625 0.6250000000
95275  15.335  -3.071  37.997 0.6250000000
41986  15.899  -3.083  37.115 0.6250000000
37520  4.622  -6.725  41.117 0.6250000000
41892  8.536  -4.203  42.672 0.5000000000
39805  7.156  -6.023  41.139 0.5000000000
37519  5.194  -6.756  40.864 0.7500000000
43040  9.216  -3.167  42.914 0.6250000000
41891  9.292  -3.898  42.161 0.5000000000
41911  8.798  -4.518  41.679 0.5000000000
40866  7.527  -5.671  40.975 0.6250000000
40865  8.265  -5.257  40.762 0.6250000000
41910  9.393  -4.020  41.419 0.7500000000
40864  8.925  -4.733  40.570 0.7500000000
44134  17.434  -2.253  39.987 0.8750000000
43101  17.434  -3.038  38.279 0.7500000000
43089  17.270  -3.061  39.089 0.8750000000
43102  16.780  -3.117  38.441 0.8750000000
95297  15.204  -3.098  38.855 0.7500000000
43103  16.285  -3.019  38.607 0.6250000000
41968  15.814  -3.181  38.177 0.6250000000
41967  16.215  -3.256  37.840 0.6250000000
37498  5.074  -6.431  41.647 0.6250000000
39832  6.502  -6.190  40.728 0.6250000000
95296  15.520  -3.035  39.224 0.7500000000
95295  15.643  -3.035  38.734 0.6250000000
48382  15.538  1.772  42.334 0.7500000000
49291  15.437  2.708  42.552 0.6250000000
49305  15.436  2.562  41.418 0.6250000000
48424  15.489  1.929  40.479 0.6250000000
47496  17.238  0.377  37.727 0.8750000000
49319  15.855  2.809  40.393 0.7500000000
48437  16.024  1.661  39.541 0.7500000000
47484  16.222  1.014  38.783 0.7500000000
48454  16.883  1.073  38.164 0.7500000000
47509  17.172  0.613  36.427 0.7500000000
50211  15.477  3.582  41.940 0.5000000000
50233  15.568  3.699  40.914 0.5000000000
48438  15.791  2.341  39.860 0.6250000000
49337  16.253  2.682  39.253 0.6250000000
48455  16.421  2.013  38.242 0.6250000000
48477  17.009  2.495  37.809 0.6250000000
48476  17.527  1.753  37.163 0.6250000000
46489  23.881  -1.049  31.337 0.6250000000
50232  16.287  3.645  40.244 0.3750000000
49318  16.377  3.033  39.889 0.6250000000
50255  16.676  3.747  39.377 0.6250000000
49361  16.965  3.147  38.251 0.5000000000
51237  16.549  4.450  40.801 0.2500000000
51262  17.138  4.452  39.939 0.1250000000
50285  17.246  3.674  38.908 0.5000000000
49392  17.116  2.727  37.997 0.5000000000
50430  32.792  3.716  30.307 0.7500000000
51236  17.813  4.506  40.748 0.1250000000
51261  18.059  4.448  39.974 0.1250000000
50254  17.612  3.975  39.419 0.3750000000
50284  17.941  3.741  38.691 0.5000000000
53332  35.757  6.371  32.631 0.2500000000
52369  35.258  5.755  32.771 0.2500000000
52370  34.177  5.321  32.648 0.2500000000
51365  33.878  4.913  32.470 0.3750000000
53331  36.280  6.766  32.401 0.2500000000
52386  34.756  5.379  31.906 0.3750000000
51380  33.331  4.334  31.517 0.3750000000
50412  33.024  3.795  31.172 0.6250000000
53355  35.763  6.370  31.860 0.2500000000
52385  35.348  5.823  31.387 0.2500000000
52405  34.746  5.342  30.899 0.2500000000
51403  34.122  4.619  30.456 0.3750000000
52423  34.707  5.587  29.582 0.2500000000
51205  18.703  4.515  41.578 0.1250000000
51235  18.901  4.303  40.658 0.2500000000
50253  18.818  3.762  39.696 0.3750000000
52349  35.161  5.917  34.183 0.2500000000
53314  35.688  6.682  33.518 0.2500000000
52350  34.366  5.593  33.753 0.2500000000
51366  33.339  4.704  32.667 0.3750000000
51381  32.743  4.072  31.617 0.6250000000
53313  36.325  7.115  33.210 0.2500000000
50413  32.210  3.784  31.514 0.7500000000
52422  35.204  6.058  29.683 0.3750000000
52404  35.364  5.865  30.286 0.2500000000
50231  19.362  3.916  40.399 0.2500000000
51367  32.398  4.248  32.342 0.3750000000
50395  31.987  3.822  32.265 0.6250000000
54395  36.468  7.427  31.675 0.2500000000
53354  36.307  6.803  31.343 0.2500000000
54413  36.388  7.396  30.889 0.3750000000
53379  36.236  6.960  30.769 0.3750000000
54414  35.890  7.437  30.447 0.3750000000
53404  35.376  6.552  29.841 0.3750000000
54378  36.475  7.546  32.607 0.2500000000
54442  35.467  7.326  29.899 0.3750000000
54443  35.075  7.185  29.423 0.3750000000
55290  36.587  8.157  30.977 0.3750000000
49450  28.145  3.268  34.440 0.7500000000
50387  29.012  3.631  33.381 0.7500000000
37542  5.201  -7.013  40.389 0.7500000000
48359  15.448  1.952  43.196 0.6250000000
49360  18.153  3.088  38.135 0.5000000000
42037  18.053  -4.554  34.081 0.7500000000
42038  17.439  -4.462  34.344 0.7500000000
35770  7.898  -10.511  35.067 0.2500000000
36666  6.008  -9.426  34.988 0.5000000000
37688  8.788  -8.589  33.981 0.5000000000
95277  14.452  -2.854  35.501 0.6250000000
40923  17.044  -4.791  35.036 0.6250000000
40946  15.928  -5.242  33.872 0.6250000000
39912  15.104  -4.460  35.171 0.6250000000
39913  14.520  -5.838  35.119 0.6250000000
37661  14.182  -7.275  35.160 0.3750000000
38724  14.742  -6.594  35.442 0.5000000000
40843  8.281  -5.100  42.052 0.5000000000
39831  7.330  -5.988  40.357 0.6250000000
41932  8.909  -4.473  40.976 0.7500000000
51263  16.583  4.177  40.028 0.2500000000
49391  17.504  2.562  37.871 0.6250000000
51379  34.214  4.726  31.847 0.3750000000
53380  35.793  6.588  30.693 0.2500000000
32916  -4.550  -13.656  36.902 0.1250000000
31954  -4.920  -15.216  34.787 0.1250000000
32937  -4.575  -13.856  35.467 0.1250000000
32956  -5.281  -13.727  34.024 0.1250000000
31926  -4.507  -15.912  36.614 0.1250000000
33855  -4.592  -12.258  37.034 0.1250000000
33872  -4.576  -12.389  35.964 0.1250000000
33887  -4.669  -12.449  34.739 0.1250000000
30169  -5.020  -16.863  39.707 0.1250000000
30919  -5.893  -15.770  39.617 0.1250000000
30946  -4.338  -16.154  38.798 0.1250000000
94446  -5.712  -14.651  39.277 0.1250000000
31901  -4.508  -14.487  38.604 0.1250000000
32885  -6.059  -13.759  38.533 0.1250000000
32898  -5.042  -13.181  37.779 0.1250000000
34812  -5.423  -11.240  37.502 0.1250000000
34811  -5.073  -11.522  37.052 0.1250000000
34836  -5.121  -11.438  36.331 0.1250000000
30162  -6.604  -16.896  40.003 0.1250000000
29393  -5.622  -17.415  39.499 0.1250000000
94488  -6.662  -15.364  39.625 0.1250000000
31861  -8.477  -13.937  40.470 0.1250000000
94475  -6.567  -14.509  39.363 0.1250000000
32887  -7.055  -13.214  38.579 0.1250000000
32899  -5.615  -12.780  38.144 0.1250000000
32886  -6.196  -12.818  38.483 0.1250000000
34784  -5.673  -11.199  38.229 0.1250000000
33835  -5.766  -11.990  38.311 0.1250000000
33856  -5.229  -12.150  37.621 0.1250000000
35737  -5.499  -10.649  37.769 0.1250000000
34837  -5.449  -11.069  36.721 0.1250000000
35760  -5.432  -10.435  36.865 0.1250000000
34855  -5.422  -10.871  36.209 0.1250000000
34854  -5.202  -11.178  35.418 0.1250000000
28633  -9.376  -17.522  41.129 0.2500000000
94445  -7.430  -17.641  40.477 0.1250000000
94473  -8.574  -17.075  40.544 0.1250000000
94494  -9.262  -16.706  40.663 0.2500000000
94495  -7.806  -15.786  39.668 0.2500000000
94489  -7.487  -14.798  39.519 0.2500000000
32888  -7.799  -13.410  39.408 0.1250000000
32868  -8.435  -13.555  39.974 0.1250000000
32847  -8.491  -13.361  40.738 0.1250000000
33810  -7.926  -12.597  39.470 0.1250000000
33836  -6.719  -12.347  38.520 0.1250000000
34786  -7.157  -11.977  38.656 0.1250000000
33837  -7.425  -12.548  38.902 0.1250000000
34785  -6.496  -11.489  38.669 0.1250000000
36635  -5.403  -9.870  38.834 0.1250000000
36651  -5.382  -9.895  37.758 0.1250000000
36675  -5.145  -9.703  36.947 0.1250000000
35778  -5.185  -10.588  36.125 0.1250000000
35759  -4.910  -10.122  36.459 0.1250000000
30873  -8.454  -14.230  41.947 0.2500000000
31815  -8.666  -13.696  41.939 0.1250000000
35692  -6.902  -10.915  39.507 0.1250000000
35693  -7.390  -11.154  39.708 0.1250000000
35691  -5.978  -10.476  39.388 0.1250000000
34751  -6.814  -11.276  39.130 0.1250000000
36619  -5.438  -9.852  39.757 0.1250000000
36595  -5.102  -9.270  40.305 0.1250000000
36618  -4.702  -9.367  39.535 0.1250000000
36634  -4.726  -9.511  38.443 0.1250000000
36650  -4.634  -9.545  37.510 0.1250000000
35777  -4.741  -10.560  35.857 0.1250000000
36674  -4.499  -9.674  36.815 0.1250000000
35758  -4.109  -10.111  36.469 0.1250000000
35672  -6.396  -10.442  40.142 0.1250000000
36633  -3.792  -9.475  38.268 0.1250000000
36649  -3.810  -9.638  37.248 0.1250000000
35735  -3.541  -10.042  36.916 0.1250000000
35776  -3.927  -10.633  35.802 0.1250000000
35757  -3.084  -10.479  36.433 0.1250000000
36647  -2.071  -9.498  37.129 0.1250000000
36564  -8.284  -9.502  42.590 0.1250000000
36597  -6.629  -10.101  41.039 0.1250000000
36563  -7.537  -9.113  42.472 0.1250000000
36596  -5.806  -9.695  40.543 0.1250000000
37555  -6.100  -9.082  41.487 0.1250000000
36562  -6.945  -8.979  42.481 0.1250000000
37529  -6.244  -8.686  42.534 0.1250000000
37526  -3.599  -8.091  41.459 0.1250000000
36617  -4.002  -9.384  39.093 0.1250000000
37579  -3.997  -8.720  39.682 0.1250000000
37578  -3.184  -8.681  39.108 0.1250000000
37600  -3.100  -9.232  38.414 0.1250000000
36632  -3.148  -9.543  37.941 0.1250000000
37551  -2.405  -8.226  40.228 0.1250000000
37599  -2.436  -8.931  38.139 0.1250000000
37577  -1.885  -8.589  39.302 0.1250000000
36648  -2.762  -9.875  37.395 0.1250000000
37598  -1.382  -8.428  38.475 0.1250000000
37624  -2.191  -9.279  37.510 0.1250000000
37576  -1.236  -8.014  39.221 0.1250000000
37507  -7.767  -8.535  43.199 0.1250000000
37508  -8.464  -8.813  43.360 0.1250000000
37506  -6.957  -8.552  42.971 0.1250000000
37554  -5.298  -8.682  41.050 0.1250000000
38599  -6.140  -8.254  43.571 0.1250000000
37528  -5.247  -8.569  42.233 0.1250000000
37553  -4.354  -8.660  40.615 0.1250000000
37552  -3.305  -8.512  40.471 0.1250000000
38654  -3.213  -7.325  40.732 0.1250000000
39840  -2.747  -6.382  40.832 0.1250000000
38674  -1.852  -7.635  39.677 0.1250000000
39860  -1.790  -6.537  39.903 0.1250000000
35593  -9.347  -9.826  44.837 0.3750000000
36537  -9.021  -9.495  44.091 0.3750000000
37488  -8.779  -8.561  43.961 0.1250000000
36551  -9.249  -8.829  43.914 0.2500000000
38600  -6.876  -7.780  43.689 0.1250000000
37487  -8.090  -8.511  43.936 0.1250000000
38574  -7.513  -7.995  44.065 0.1250000000
38626  -4.786  -7.764  42.537 0.1250000000
38627  -5.315  -7.870  43.080 0.1250000000
39790  -6.608  -7.240  43.949 0.1250000000
38625  -4.352  -7.389  41.831 0.1250000000
37527  -4.416  -8.404  41.823 0.1250000000
38624  -3.822  -7.041  41.333 0.1250000000
37644  4.133  -8.103  36.362 0.5000000000
38653  -2.512  -6.963  40.143 0.1250000000
39839  -2.057  -5.885  40.602 0.1250000000
36503  -7.647  -9.822  46.513 0.5000000000
35577  -9.251  -10.259  45.621 0.3750000000
36505  -9.483  -9.399  45.689 0.3750000000
37473  -9.432  -8.429  44.907 0.2500000000
38554  -8.729  -7.247  45.086 0.1250000000
37489  -9.204  -8.516  44.329 0.1250000000
39763  -7.022  -6.920  44.470 0.1250000000
39738  -8.160  -6.603  44.631 0.1250000000
39816  -5.376  -7.123  42.815 0.1250000000
39789  -6.122  -6.895  43.560 0.1250000000
40806  -7.259  -5.658  44.477 0.1250000000
40786  -8.015  -5.585  44.521 0.1250000000
38618  5.760  -6.103  41.356 0.5000000000
40805  -6.512  -5.625  43.982 0.1250000000
41877  -7.128  -4.730  44.285 0.1250000000
39815  -4.889  -6.539  42.393 0.1250000000
39788  -5.448  -6.311  42.880 0.1250000000
41876  -6.795  -4.531  43.800 0.1250000000
39813  -3.290  -6.117  41.382 0.1250000000
37440  -6.881  -9.572  46.356 0.5000000000
36502  -6.750  -10.103  45.784 0.5000000000
36504  -8.971  -9.748  46.452 0.3750000000
37442  -9.476  -8.690  46.340 0.3750000000
38512  -10.021  -7.799  46.152 0.3750000000
38535  -9.355  -7.398  45.502 0.1250000000
39701  -9.475  -6.679  46.422 0.1250000000
39731  5.280  -6.180  43.905 0.2500000000
38566  5.046  -6.345  43.326 0.2500000000
38543  5.069  -6.344  43.896 0.2500000000
39718  -8.834  -6.554  45.397 0.1250000000
39719  -9.339  -6.310  45.823 0.1250000000
40766  -9.156  -5.523  45.633 0.1250000000
38593  5.387  -6.001  42.385 0.5000000000
37480  4.920  -6.392  42.361 0.3750000000
37481  4.432  -6.399  42.660 0.3750000000
41859  -8.349  -4.588  44.795 0.1250000000
41839  -8.874  -4.782  45.432 0.1250000000
41858  -7.702  -4.942  44.462 0.1250000000
39806  6.603  -5.708  41.519 0.5000000000
40827  -5.457  -5.323  43.325 0.1250000000
41894  -6.339  -4.580  43.395 0.1250000000
40826  -5.147  -5.763  42.720 0.1250000000
39814  -4.294  -6.193  41.680 0.1250000000
40849  -3.714  -5.217  41.960 0.1250000000
95236  14.175  -6.070  37.596 0.1250000000
37439  -6.498  -8.892  45.865 0.5000000000
37418  -7.067  -8.950  46.575 0.5000000000
36487  -7.524  -8.892  47.087 0.5000000000
37438  -5.757  -8.268  46.472 0.5000000000
36488  -8.357  -9.115  47.044 0.3750000000
37419  -8.813  -8.643  46.967 0.3750000000
38471  -9.078  -8.014  47.420 0.3750000000
39686  -9.329  -6.544  47.373 0.2500000000
38567  4.288  -6.370  43.612 0.3750000000
39732  5.581  -5.804  44.453 0.2500000000
41840  -9.387  -4.599  45.900 0.1250000000
39755  5.668  -5.694  43.406 0.2500000000
37482  3.793  -6.367  42.867 0.5000000000
39784  6.182  -5.443  42.348 0.3750000000
40980  13.728  -5.787  33.458 0.1250000000
39956  13.019  -6.592  33.036 0.1250000000
40950  13.579  -4.470  33.157 0.1250000000
95260  13.888  -5.921  36.115 0.1250000000
40949  13.913  -5.079  34.162 0.1250000000
95240  14.368  -6.745  38.565 0.1250000000
37591  14.635  -8.479  38.438 0.2500000000
39853  14.583  -6.871  39.069 0.1250000000
37614  15.854  -8.757  37.351 0.1250000000
36664  15.712  -8.827  35.558 0.1250000000
36687  16.828  -9.694  34.975 0.1250000000
36688  16.022  -8.860  34.963 0.1250000000
38489  -4.647  -7.483  46.987 0.5000000000
37416  -5.763  -8.293  47.220 0.3750000000
37417  -6.424  -8.535  46.784 0.3750000000
38531  -3.834  -7.347  45.378 0.5000000000
38533  -5.157  -7.721  45.790 0.5000000000
39714  5.237  -6.237  45.612 0.2500000000
38522  4.859  -6.466  45.289 0.2500000000
38545  3.954  -6.771  44.637 0.2500000000
40765  5.871  -5.378  45.287 0.2500000000
38544  4.881  -6.400  44.489 0.2500000000
38568  3.528  -6.326  43.746 0.3750000000
40783  6.215  -5.426  44.539 0.3750000000
37483  3.164  -6.338  42.990 0.5000000000
40802  6.472  -5.454  44.133 0.3750000000
40825  7.053  -5.419  42.563 0.3750000000
40845  6.785  -5.431  42.009 0.3750000000
42039  12.623  -4.104  33.759 0.2500000000
40927  14.392  -4.317  34.053 0.1250000000
95252  15.000  -4.052  36.071 0.1250000000
95245  14.820  -6.151  38.482 0.1250000000
37592  14.244  -7.328  37.955 0.2500000000
39872  15.228  -6.980  38.685 0.1250000000
37638  14.216  -8.350  36.232 0.2500000000
37659  15.000  -8.789  35.368 0.2500000000
37637  15.448  -8.874  36.258 0.2500000000
37707  17.394  -8.779  33.252 0.2500000000
36723  16.104  -8.899  33.735 0.1250000000
39948  20.288  -7.433  33.224 0.2500000000
38781  19.274  -8.190  33.194 0.2500000000
38782  18.184  -7.885  33.158 0.2500000000
40972  20.688  -6.083  32.603 0.2500000000
40973  19.541  -6.011  33.188 0.2500000000
38510  -4.282  -7.453  46.229 0.5000000000
41788  4.735  -4.862  47.719 0.2500000000
40712  4.436  -5.420  47.936 0.2500000000
39681  4.668  -6.261  47.492 0.2500000000
40728  4.957  -5.351  47.458 0.2500000000
39680  5.240  -5.829  47.244 0.2500000000
38483  4.274  -7.132  47.655 0.2500000000
38503  3.793  -7.488  46.921 0.2500000000
41787  5.444  -4.381  47.573 0.2500000000
40727  5.445  -5.342  46.968 0.2500000000
39698  4.877  -6.485  46.411 0.2500000000
38502  4.469  -6.868  46.872 0.2500000000
38524  3.317  -7.413  45.771 0.2500000000
41806  5.708  -4.717  46.422 0.2500000000
40745  5.493  -5.403  46.105 0.2500000000
39715  4.853  -6.492  45.928 0.2500000000
38546  2.955  -6.733  44.644 0.5000000000
41831  6.429  -4.646  45.594 0.2500000000
41832  5.732  -4.930  45.776 0.2500000000
39757  2.288  -6.293  43.758 0.5000000000
41855  6.752  -4.777  44.878 0.3750000000
40764  6.439  -5.127  44.949 0.3750000000
38569  2.821  -6.300  43.652 0.5000000000
38570  2.376  -6.343  43.160 0.5000000000
40782  6.832  -5.199  44.427 0.3750000000
40800  7.409  -5.116  43.231 0.3750000000
40801  6.670  -5.464  43.525 0.3750000000
40824  7.703  -5.129  42.523 0.3750000000
40823  8.085  -4.772  42.556 0.3750000000
42021  14.704  -3.566  34.828 0.3750000000
95300  14.857  -4.228  36.921 0.2500000000
95248  14.952  -5.828  38.235 0.2500000000
37682  15.273  -8.622  34.186 0.1250000000
37660  14.256  -8.158  35.158 0.2500000000
39950  17.811  -6.685  33.114 0.3750000000
37708  16.127  -8.376  33.209 0.2500000000
40971  21.924  -5.989  32.601 0.5000000000
42051  22.154  -5.017  33.099 0.3750000000
40713  3.931  -5.501  48.284 0.2500000000
39669  3.052  -6.654  48.429 0.2500000000
38467  3.956  -6.900  48.342 0.2500000000
39668  4.071  -6.147  48.287 0.2500000000
38484  3.594  -7.556  48.035 0.2500000000
37433  3.127  -8.231  47.647 0.2500000000
38525  2.348  -7.309  45.593 0.5000000000
38547  2.024  -6.861  44.759 0.5000000000
40781  7.367  -5.143  43.993 0.3750000000
41875  7.712  -4.670  43.764 0.3750000000
41893  7.862  -4.577  43.044 0.3750000000
48273  13.588  1.883  46.721 0.3750000000
47309  13.666  1.045  46.450 0.3750000000
43128  13.784  -2.869  35.020 0.3750000000
43129  12.621  -2.646  34.671 0.5000000000
37616  14.143  -7.183  37.092 0.2500000000
38758  15.167  -7.481  33.564 0.3750000000
37683  14.482  -7.694  34.411 0.3750000000
40944  17.823  -5.108  33.515 0.5000000000
39951  16.869  -6.393  33.152 0.2500000000
38784  16.127  -7.061  33.119 0.2500000000
42054  18.850  -4.856  33.166 0.5000000000
40974  18.367  -5.704  33.117 0.3750000000
42050  23.104  -4.882  33.215 0.2500000000
38468  3.127  -7.335  48.687 0.2500000000
37407  2.785  -7.890  48.476 0.2500000000
41874  8.350  -4.100  43.848 0.3750000000
43027  8.823  -3.437  43.763 0.3750000000
49219  12.641  2.581  47.394 0.3750000000
49218  13.474  2.882  46.941 0.3750000000
47298  13.850  1.353  46.482 0.6250000000
48294  14.048  2.037  46.438 0.3750000000
48261  14.076  1.441  46.440 0.3750000000
48260  14.501  1.241  46.368 0.6250000000
48271  14.703  1.424  46.199 0.3750000000
48259  14.925  1.079  46.359 0.6250000000
48315  15.300  1.917  45.104 0.3750000000
48335  15.427  1.997  44.072 0.5000000000
47345  15.412  1.637  44.427 0.5000000000
44207  13.303  -2.294  35.526 0.6250000000
42071  21.094  -4.325  32.450 0.5000000000
43155  22.829  -4.237  32.381 0.1250000000
42070  21.634  -4.476  32.505 0.2500000000
43041  8.664  -3.663  43.279 0.3750000000
50168  14.133  3.225  46.470 0.3750000000
49235  14.014  2.485  46.472 0.3750000000
50167  14.878  3.566  46.429 0.2500000000
50166  15.390  4.043  46.112 0.2500000000
49251  15.045  2.475  45.806 0.2500000000
48316  14.811  2.028  45.610 0.2500000000
48270  15.142  1.137  46.157 0.5000000000
49233  15.359  3.218  46.100 0.2500000000
44255  20.581  -3.431  31.557 0.5000000000
44082  8.914  -2.089  43.034 0.3750000000
48361  9.099  1.349  42.637 0.3750000000
47391  9.124  0.454  42.680 0.3750000000
46303  9.169  -1.348  41.962 0.5000000000
48336  8.745  2.226  43.206 0.3750000000
95283  9.140  -1.544  42.636 0.5000000000
51208  15.803  4.375  42.398 0.2500000000
47412  9.012  -0.068  42.143 0.5000000000
46285  9.138  -1.297  42.325 0.5000000000
46464  22.589  -0.998  31.488 0.5000000000
47555  22.469  -0.222  32.750 0.6250000000
46490  23.342  -1.006  31.715 0.6250000000
50230  19.910  3.737  40.223 0.2500000000
49614  36.127  2.191  19.419 0.1250000000
49622  35.711  2.804  19.015 0.1250000000
49615  35.211  2.273  19.210 0.1250000000
49621  36.754  2.730  19.101 0.1250000000
50582  35.156  3.607  19.069 0.2500000000
50580  37.114  3.696  19.117 0.1250000000
50581  36.073  3.630  19.100 0.1250000000
50579  38.105  3.850  19.242 0.1250000000
51556  35.374  4.536  18.987 0.2500000000
51554  37.334  4.756  19.017 0.1250000000
51567  37.452  5.294  18.772 0.1250000000
52577  34.753  5.430  19.091 0.3750000000
53574  35.016  5.941  19.008 0.2500000000
51555  36.306  4.593  19.146 0.1250000000
52575  36.369  5.584  19.197 0.1250000000
51566  37.864  5.086  18.465 0.1250000000
52585  38.267  5.821  18.375 0.1250000000
52574  37.125  5.728  19.133 0.1250000000
53571  37.166  6.235  18.881 0.1250000000
52586  37.557  5.795  18.648 0.2500000000
53581  38.620  6.415  17.949 0.1250000000
54591  36.570  7.403  20.110 0.5000000000
53572  36.379  6.685  19.153 0.2500000000
53583  36.801  7.129  18.604 0.3750000000
53580  39.179  6.326  17.881 0.1250000000
53582  37.448  6.690  18.193 0.2500000000
55453  37.626  8.598  20.529 0.7500000000
54590  37.145  8.005  19.821 0.5000000000
55466  37.830  8.469  19.432 0.6250000000
54598  36.797  7.479  19.104 0.3750000000
54596  38.208  7.818  18.712 0.1250000000
54597  37.534  7.646  18.989 0.3750000000
54613  37.182  7.321  18.503 0.3750000000
54611  38.348  7.578  17.937 0.1250000000
54612  37.686  7.409  18.089 0.3750000000
54629  38.686  7.211  17.550 0.1250000000
54630  38.044  7.275  17.609 0.1250000000
35592  -8.684  -10.424  44.812 0.3750000000
35611  -9.113  -9.615  44.355 0.1250000000
94491  -9.040  -16.292  40.339 0.2500000000
30896  -8.396  -14.551  40.029 0.1250000000
38511  -5.163  -7.602  46.233 0.5000000000
36550  -8.785  -9.325  43.620 0.1250000000
36579  -7.927  -9.673  41.839 0.1250000000
38553  -3.918  -7.272  44.634 0.5000000000
40981  12.568  -5.413  33.076 0.2500000000
40951  11.806  -4.270  33.329 0.3750000000
48274  12.590  1.583  47.010 0.3750000000
48291  15.171  1.262  45.600 0.5000000000
42053  19.879  -4.898  33.044 0.6250000000
43157  21.146  -3.871  32.093 0.5000000000
44241  21.077  -2.667  31.421 0.5000000000
30872  -8.327  -14.319  42.200 0.2500000000
28611  -9.093  -17.343  41.621 0.2500000000
36578  -6.973  -9.499  41.939 0.1250000000
37484  2.773  -6.331  43.053 0.5000000000
44226  13.956  -2.403  35.525 0.5000000000
43140  14.065  -2.615  35.360 0.3750000000
39952  16.161  -6.050  33.157 0.5000000000
38759  14.568  -7.108  34.277 0.2500000000
40844  7.425  -5.477  41.690 0.3750000000
95301  14.878  -3.150  35.754 0.3750000000
37639  14.090  -7.282  36.088 0.2500000000
94496  -6.924  -15.055  39.579 0.2500000000
94476  -7.364  -14.126  39.048 0.1250000000
35717  -6.436  -10.925  38.997 0.1250000000
35716  -5.765  -10.652  38.532 0.1250000000
29395  -6.938  -18.264  40.599 0.1250000000
32867  -8.207  -13.084  39.667 0.1250000000
34752  -7.469  -11.672  39.312 0.1250000000
36673  -4.103  -9.718  36.776 0.1250000000
36538  -9.387  -9.153  44.331 0.2500000000
36519  -9.485  -9.072  45.084 0.3750000000
38576  -8.846  -8.220  44.390 0.1250000000
38575  -8.181  -7.750  44.537 0.1250000000
39764  -7.796  -7.094  44.514 0.1250000000
39737  -7.611  -6.192  44.503 0.1250000000
39762  -6.519  -6.492  44.015 0.1250000000
37461  -9.662  -8.479  45.606 0.3750000000
38555  -9.099  -7.870  44.685 0.1250000000
38534  -8.938  -7.099  45.401 0.1250000000
40787  -8.551  -5.592  45.098 0.1250000000
37441  -8.907  -8.907  46.630 0.3750000000
38492  -9.506  -7.747  46.918 0.3750000000
37420  -9.219  -8.486  46.803 0.3750000000
39756  6.086  -5.489  44.002 0.2500000000
37392  -6.952  -8.503  47.071 0.3750000000
37393  -8.581  -8.451  47.446 0.3750000000
38491  -9.122  -8.315  47.149 0.3750000000
41814  -9.244  -4.477  46.616 0.1250000000
42995  -9.421  -3.978  46.196 0.1250000000
95261  13.921  -4.780  35.003 0.1250000000
38662  14.655  -7.849  38.870 0.2500000000
38684  14.501  -6.767  38.632 0.2500000000
37615  14.346  -8.487  37.329 0.2500000000
36722  16.584  -9.211  33.488 0.2500000000
38490  -5.388  -7.807  47.000 0.5000000000
37391  -6.307  -8.463  47.484 0.3750000000
39697  5.369  -6.061  46.711 0.2500000000
38523  4.485  -6.777  45.762 0.2500000000
42022  13.530  -3.492  34.001 0.3750000000
38783  17.084  -7.565  33.141 0.2500000000
39949  18.932  -7.008  33.164 0.2500000000
39733  2.431  -6.366  44.236 0.5000000000
37408  2.225  -8.285  48.268 0.2500000000
37452  3.112  -8.213  46.684 0.2500000000
42055  18.231  -4.943  33.297 0.5000000000
37381  2.418  -7.677  49.012 0.2500000000
48293  14.473  2.069  46.066 0.2500000000
49234  14.705  2.797  46.348 0.2500000000
48292  14.898  1.617  45.781 0.3750000000
49250  15.455  3.014  45.320 0.2500000000
49623  34.897  2.865  19.025 0.1250000000
52576  35.519  5.423  19.073 0.2500000000
51553  38.306  4.424  18.804 0.1250000000
53596  38.205  6.901  17.510 0.1250000000
53597  37.737  7.108  17.688 0.1250000000
35554  -7.827  -8.127  48.405 0.2500000000
36477  -8.196  -8.249  48.126 0.2500000000
37394  -8.653  -8.019  47.730 0.2500000000
36466  -6.989  -7.793  48.625 0.2500000000
36468  -7.890  -7.769  48.508 0.2500000000
37390  -5.529  -7.999  47.783 0.2500000000
36474  -6.279  -8.397  48.081 0.2500000000
35548  -6.951  -8.221  48.322 0.2500000000
38469  -5.181  -7.617  47.433 0.2500000000
36475  -6.987  -8.481  47.627 0.2500000000
39664  0.927  -6.624  48.902 0.1250000000
38452  0.238  -7.264  50.140 0.1250000000
39657  -1.306  -6.679  49.761 0.1250000000
38454  -1.452  -7.234  49.702 0.1250000000
37348  -2.663  -7.457  49.455 0.1250000000
40729  3.587  -5.740  47.906 0.1250000000
39682  2.866  -6.425  47.747 0.1250000000
39670  2.098  -6.589  48.095 0.1250000000
39653  1.744  -6.937  49.168 0.1250000000
38450  1.481  -7.297  49.328 0.1250000000
38451  0.777  -7.317  49.596 0.1250000000
37357  0.359  -7.899  50.235 0.1250000000
37358  -0.536  -7.814  49.802 0.1250000000
37359  -1.788  -7.870  49.402 0.1250000000
36462  -3.165  -8.214  49.047 0.1250000000
36453  -3.517  -7.680  49.148 0.1250000000
36464  -5.108  -7.465  48.712 0.2500000000
36455  -5.272  -7.288  49.216 0.2500000000
36457  -6.688  -7.508  48.952 0.2500000000
37363  -7.417  -6.789  49.140 0.2500000000
41789  3.559  -4.840  47.349 0.1250000000
39662  2.248  -6.888  49.098 0.1250000000
38449  2.026  -7.165  49.217 0.1250000000
37355  1.227  -7.598  49.554 0.1250000000
37356  0.985  -7.749  49.966 0.1250000000
37368  0.406  -8.320  49.635 0.1250000000
37369  -0.623  -8.268  49.211 0.1250000000
37370  -1.674  -8.367  48.944 0.1250000000
37372  -3.241  -7.811  48.600 0.1250000000
37373  -4.176  -7.477  48.390 0.2500000000
37374  -5.038  -7.496  48.185 0.2500000000
36465  -6.299  -7.890  48.528 0.2500000000
38459  2.509  -7.231  49.124 0.1250000000
37366  1.697  -7.747  49.383 0.1250000000
37367  1.232  -8.155  49.764 0.1250000000
37385  -0.616  -8.331  48.345 0.2500000000
37386  -1.652  -8.329  48.138 0.2500000000
37371  -2.465  -8.285  48.707 0.1250000000
37414  -3.598  -7.457  47.396 0.3750000000
37389  -4.461  -7.480  47.722 0.3750000000
37382  2.051  -8.152  49.119 0.1250000000
38487  -3.085  -7.292  46.830 0.3750000000
38488  -3.853  -7.429  46.832 0.3750000000
39717  -3.571  -7.234  45.546 0.3750000000
37387  -2.545  -7.890  48.135 0.3750000000
41772  3.895  -4.645  48.270 0.1250000000
37383  1.336  -8.330  48.984 0.1250000000
37409  1.399  -8.321  47.964 0.1250000000
37410  0.427  -8.285  47.661 0.2500000000
37411  -0.608  -7.819  47.386 0.2500000000
37412  -1.841  -7.759  47.517 0.2500000000
37413  -2.757  -7.492  47.510 0.3750000000
37436  0.493  -7.906  46.885 0.3750000000
38506  -0.483  -7.240  46.355 0.3750000000
38485  -1.329  -7.332  46.926 0.3750000000
38508  -2.646  -6.712  46.074 0.3750000000
42954  3.994  -3.551  47.905 0.1250000000
42937  4.238  -4.017  48.379 0.1250000000
37434  2.328  -8.321  47.264 0.1250000000
37454  1.804  -7.753  46.171 0.3750000000
38504  1.235  -7.460  46.591 0.3750000000
38505  0.526  -7.217  46.413 0.3750000000
38507  -1.595  -7.290  46.064 0.3750000000
52078  13.843  5.560  46.421 0.1250000000
51102  13.577  5.047  46.451 0.1250000000
51103  12.944  5.134  46.370 0.1250000000
42936  4.717  -3.456  48.294 0.1250000000
41771  4.528  -4.508  48.183 0.1250000000
38526  1.360  -7.171  45.666 0.3750000000
38528  -0.812  -7.039  45.067 0.3750000000
52077  14.386  5.769  46.466 0.1250000000
51101  14.175  5.195  46.466 0.1250000000
51116  13.160  4.359  46.470 0.1250000000
41770  5.101  -3.974  48.313 0.1250000000
52092  14.854  5.411  46.457 0.1250000000
51115  13.894  4.516  46.465 0.1250000000
50153  12.790  3.515  46.888 0.1250000000
51135  14.347  4.002  46.457 0.1250000000
42952  5.918  -3.637  47.747 0.1250000000
50152  13.594  3.715  46.538 0.2500000000
50154  11.754  3.490  47.106 0.1250000000
49220  11.549  2.489  47.347 0.1250000000
41786  6.085  -3.923  47.425 0.1250000000
41805  6.447  -4.144  46.797 0.1250000000
49221  10.369  2.580  47.095 0.1250000000
48275  11.514  1.775  46.860 0.2500000000
48276  11.314  2.450  46.477 0.2500000000
48297  11.470  2.607  46.036 0.2500000000
44017  4.367  -2.570  47.722 0.1250000000
38527  0.350  -6.811  45.510 0.3750000000
42953  4.509  -3.055  47.972 0.1250000000
38548  1.178  -6.542  44.735 0.3750000000
52091  15.638  5.637  46.425 0.1250000000
44008  4.680  -2.574  48.118 0.1250000000
51112  16.010  5.232  46.375 0.1250000000
51113  15.286  4.997  46.423 0.1250000000
51114  14.589  4.743  46.454 0.1250000000
51104  12.055  5.251  46.293 0.1250000000
51117  12.245  4.370  46.477 0.1250000000
42935  5.545  -3.393  48.216 0.1250000000
42934  6.228  -3.152  48.048 0.1250000000
39734  1.865  -6.255  44.195 0.3750000000
39735  1.261  -5.551  44.031 0.3750000000
51133  15.589  4.672  46.262 0.1250000000
51118  10.855  4.918  46.446 0.1250000000
42951  6.356  -3.425  47.326 0.1250000000
39758  1.837  -6.248  43.555 0.3750000000
51134  15.027  4.319  46.416 0.1250000000
50155  10.542  3.430  47.338 0.1250000000
41804  6.875  -3.831  46.519 0.1250000000
50156  9.273  3.367  47.358 0.1250000000
49238  9.367  2.645  46.423 0.2500000000
41830  7.260  -4.091  46.093 0.2500000000
50175  15.716  3.872  45.579 0.1250000000
49222  8.846  2.824  47.208 0.2500000000
49237  10.746  2.738  45.920 0.2500000000
49254  8.470  2.544  45.602 0.2500000000
49268  15.461  2.860  44.468 0.3750000000
49270  8.537  2.654  44.363 0.2500000000
49252  10.438  2.688  44.882 0.2500000000
49253  9.549  2.692  45.226 0.2500000000
45090  4.516  -2.099  47.871 0.1250000000
45079  4.646  -1.722  48.147 0.1250000000
50150  16.293  5.251  46.057 0.1250000000
44007  5.173  -2.561  48.349 0.1250000000
44006  5.939  -2.516  48.322 0.1250000000
50151  16.119  4.957  46.262 0.1250000000
50165  16.015  4.614  45.993 0.1250000000
50174  16.310  4.560  45.226 0.1250000000
44026  6.571  -3.028  46.802 0.1250000000
51119  9.518  4.124  47.030 0.1250000000
51120  8.228  4.198  47.141 0.1250000000
42968  7.051  -3.395  46.397 0.1250000000
50185  16.073  3.769  44.798 0.1250000000
50193  15.501  3.708  43.921 0.1250000000
50157  8.090  3.454  47.415 0.1250000000
41854  7.487  -4.242  44.711 0.2500000000
49223  7.730  2.868  47.307 0.1250000000
49282  15.446  2.800  43.526 0.5000000000
49255  7.568  2.240  45.912 0.1250000000
47392  8.819  0.890  43.072 0.2500000000
45078  5.338  -1.676  48.192 0.1250000000
50173  16.390  5.113  45.203 0.1250000000
46207  4.373  -0.953  48.276 0.1250000000
50164  16.325  5.188  45.547 0.1250000000
50184  16.384  4.348  44.881 0.1250000000
46220  4.984  -0.634  47.868 0.1250000000
45077  6.114  -1.809  48.036 0.1250000000
44025  7.123  -2.430  46.521 0.1250000000
46219  5.688  -0.478  47.408 0.1250000000
44015  7.027  -1.952  47.243 0.1250000000
51162  16.282  4.332  44.656 0.1250000000
95963  6.902  4.933  48.542 0.1250000000
45100  6.622  -1.108  46.615 0.1250000000
44040  7.422  -2.263  45.436 0.1250000000
42987  7.609  -3.269  45.503 0.2500000000
49224  6.792  2.850  47.375 0.1250000000
45114  7.159  -1.300  44.971 0.2500000000
44039  8.087  -2.256  44.679 0.2500000000
43007  7.779  -3.593  44.903 0.2500000000
49240  7.234  2.472  46.750 0.1250000000
45112  8.034  -1.662  44.032 0.2500000000
44058  8.230  -2.391  43.816 0.2500000000
43005  8.570  -2.865  44.193 0.2500000000
48317  7.923  1.940  45.002 0.1250000000
48337  8.159  1.567  43.992 0.1250000000
46286  9.077  -0.709  43.044 0.2500000000
45149  8.329  -1.585  43.256 0.2500000000
52136  16.998  5.530  44.436 0.1250000000
51150  16.456  5.052  44.972 0.1250000000
51172  16.463  4.972  43.748 0.1250000000
51173  16.019  4.404  44.206 0.1250000000
51186  15.847  4.428  43.344 0.1250000000
47311  6.034  0.522  47.621 0.1250000000
50199  15.473  3.628  42.939 0.1250000000
48299  6.424  1.170  46.945 0.1250000000
46233  6.830  -0.413  46.346 0.1250000000
48298  7.003  1.682  46.383 0.1250000000
47329  7.119  0.602  46.148 0.1250000000
46249  7.175  -0.373  45.521 0.1250000000
45113  7.717  -1.619  44.275 0.2500000000
47350  7.090  0.596  45.000 0.1250000000
47371  7.599  0.624  44.136 0.1250000000
45129  8.016  -1.234  43.838 0.2500000000
46265  8.512  -0.012  43.267 0.1250000000
45361  25.011  -2.646  31.408 0.1250000000
46463  23.137  -1.582  32.014 0.5000000000
44251  24.641  -2.932  31.832 0.1250000000
45363  23.572  -1.801  31.309 0.2500000000
46515  25.202  -2.340  31.217 0.2500000000
46514  25.533  -1.949  31.101 0.2500000000
44369  26.437  -2.489  24.309 0.2500000000
46617  25.552  -0.621  25.060 0.3750000000
45521  26.864  -1.639  24.116 0.2500000000
46635  26.231  -0.631  24.212 0.2500000000
51352  32.438  4.714  33.541 0.3750000000
54358  36.408  7.752  33.523 0.1250000000
52371  33.683  5.079  32.762 0.2500000000
51353  31.465  4.240  33.243 0.5000000000
50397  30.715  3.345  32.735 0.6250000000
54337  35.623  7.458  34.741 0.1250000000
53293  35.056  6.844  34.442 0.1250000000
54336  36.376  7.842  34.537 0.1250000000
52329  34.731  6.493  34.435 0.1250000000
52330  34.308  6.336  34.348 0.1250000000
52352  32.832  5.081  33.615 0.1250000000
52351  33.406  5.292  33.420 0.1250000000
54359  36.005  7.429  33.861 0.1250000000
55279  36.624  8.187  31.976 0.1250000000
51351  33.044  4.875  33.338 0.2500000000
50384  31.065  3.803  33.211 0.5000000000
55316  37.263  8.730  30.428 0.2500000000
55289  37.183  8.640  31.410 0.2500000000
49464  29.987  3.176  33.335 0.6250000000
55317  36.536  8.503  29.948 0.2500000000
55291  36.064  8.044  30.492 0.2500000000
54338  34.886  7.435  35.131 0.1250000000
53295  33.849  6.688  34.744 0.1250000000
52331  33.429  6.133  34.563 0.1250000000
53294  34.355  6.923  34.984 0.1250000000
52332  32.541  5.341  34.310 0.1250000000
51338  32.162  4.886  34.252 0.1250000000
51339  31.546  4.729  34.453 0.3750000000
51354  30.875  4.014  33.502 0.5000000000
50385  30.425  3.638  33.439 0.6250000000
50371  28.762  3.776  33.971 0.6250000000
50386  29.534  3.636  33.578 0.6250000000
55334  37.280  9.088  29.248 0.2500000000
52333  31.955  5.084  34.529 0.1250000000
51340  30.590  4.309  34.161 0.1250000000
51341  30.053  4.130  34.459 0.3750000000
50370  29.563  3.891  34.434 0.5000000000
50369  30.197  3.917  34.174 0.5000000000
54475  37.410  8.397  27.371 0.2500000000
54291  33.627  7.604  36.396 0.1250000000
50351  28.406  3.692  35.122 0.5000000000
50352  27.785  3.417  35.251 0.3750000000
49432  28.075  3.161  35.099 0.3750000000
50332  27.428  3.663  35.863 0.2500000000
55432  39.249  8.854  21.810 0.6250000000
55441  39.277  8.913  20.668 0.5000000000
55452  38.515  8.778  20.091 0.6250000000
45080  4.162  -1.255  48.175 0.1250000000
39699  -3.267  -6.793  45.747 0.3750000000
38552  -3.448  -7.289  44.660 0.3750000000
37455  -0.999  -7.175  44.356 0.3750000000
38549  0.246  -6.218  44.520 0.3750000000
49236  11.088  2.658  45.141 0.2500000000
46602  25.039  -0.601  26.027 0.2500000000
45522  26.045  -1.575  24.739 0.2500000000
51238  15.776  4.328  41.537 0.1250000000
36476  -7.784  -8.628  47.668 0.2500000000
38509  -3.522  -7.053  46.158 0.3750000000
37453  2.422  -8.229  46.209 0.1250000000
41853  8.103  -3.895  44.399 0.2500000000
43006  8.322  -3.294  44.564 0.2500000000
37365  2.194  -7.553  49.184 0.1250000000
35549  -7.458  -8.060  48.456 0.2500000000
35553  -7.581  -8.352  48.186 0.2500000000
35552  -7.095  -8.467  47.984 0.2500000000
36459  -7.563  -7.419  48.696 0.2500000000
37364  -7.767  -7.152  48.638 0.2500000000
36473  -5.664  -7.881  48.293 0.2500000000
35547  -6.658  -8.332  48.199 0.2500000000
39654  0.876  -6.791  49.174 0.1250000000
38453  -0.541  -7.310  50.186 0.1250000000
38442  -2.146  -7.259  49.461 0.1250000000
36446  -2.594  -7.902  49.427 0.1250000000
36452  -2.901  -8.080  49.350 0.1250000000
39663  1.698  -6.679  48.813 0.1250000000
36451  -2.379  -8.105  49.328 0.1250000000
36463  -3.864  -7.520  48.847 0.2500000000
36454  -4.375  -7.391  49.096 0.2500000000
36456  -5.989  -7.446  49.022 0.2500000000
37354  -6.746  -6.983  49.470 0.2500000000
37388  -3.427  -7.477  48.027 0.3750000000
37415  -4.122  -7.472  47.264 0.3750000000
37384  0.413  -8.345  48.667 0.1250000000
38486  -2.202  -7.336  46.845 0.3750000000
37435  1.454  -8.193  46.901 0.1250000000
37437  -0.010  -7.572  46.786 0.3750000000
49239  8.190  2.588  46.610 0.1250000000
44016  6.502  -2.469  47.515 0.1250000000
51138  8.796  4.397  46.530 0.1250000000
50144  7.300  4.344  47.570 0.1250000000
50158  7.085  3.620  47.485 0.1250000000
48362  8.488  1.473  43.169 0.1250000000
47369  8.792  0.278  43.114 0.1250000000
46206  4.795  -1.225  48.247 0.1250000000
46208  3.839  -0.925  48.123 0.1250000000
45089  5.629  -1.262  47.704 0.1250000000
47312  5.300  0.456  47.686 0.1250000000
45088  6.346  -1.427  47.272 0.1250000000
45087  7.009  -1.615  46.829 0.1250000000
52095  6.381  4.858  47.808 0.1250000000
95967  6.762  5.481  48.130 0.1250000000
51121  6.591  4.034  47.540 0.1250000000
45099  7.170  -1.351  46.075 0.2500000000
50159  6.301  3.541  47.474 0.1250000000
42986  8.019  -2.759  45.146 0.2500000000
45130  7.472  -0.984  44.155 0.2500000000
45128  8.088  -1.760  43.719 0.2500000000
43026  8.969  -2.852  43.892 0.2500000000
48338  7.352  1.371  44.594 0.1250000000
48318  7.296  1.429  45.479 0.1250000000
47370  8.230  0.690  43.388 0.1250000000
46266  8.111  -0.345  43.753 0.2500000000
47330  6.467  0.286  46.745 0.1250000000
46234  6.324  -0.448  46.996 0.1250000000
49241  6.454  2.126  47.086 0.1250000000
48277  5.662  1.755  47.832 0.1250000000
46267  7.195  -0.302  44.471 0.2500000000
45390  25.392  -3.001  31.130 0.1250000000
45362  24.164  -2.292  31.168 0.1250000000
44368  27.445  -2.597  24.170 0.1250000000
56242  40.113  9.480  23.057 0.5000000000
56262  39.909  9.525  21.096 0.3750000000
56251  39.938  9.506  22.234 0.3750000000
37375  -8.124  -7.413  48.415 0.1250000000
38461  -8.127  -6.866  48.437 0.1250000000
36458  -7.183  -7.461  48.900 0.1250000000
37361  -6.484  -7.253  49.289 0.1250000000
38458  -7.726  -6.665  48.706 0.1250000000
39665  -8.051  -6.089  48.463 0.1250000000
39673  -8.995  -6.414  48.083 0.1250000000
38456  -7.044  -6.661  49.456 0.1250000000
40735  -9.144  -5.668  47.947 0.1250000000
37360  -5.947  -7.213  49.308 0.1250000000
40749  -8.932  -5.471  47.001 0.1250000000
39661  -7.600  -6.067  48.840 0.1250000000
40711  -7.872  -5.437  48.567 0.1250000000
36668  4.432  -9.289  36.111 0.2500000000
37705  19.374  -8.819  33.674 0.1250000000
37656  19.348  -8.761  35.417 0.1250000000
37681  17.894  -8.930  33.977 0.1250000000
39947  21.396  -6.770  33.344 0.1250000000
39927  21.805  -6.723  34.376 0.1250000000
44240  22.295  -2.947  31.423 0.3750000000
45335  21.623  -1.726  30.794 0.3750000000
45334  22.437  -2.235  32.001 0.3750000000
46445  22.891  -2.118  32.027 0.2500000000
45312  23.298  -2.949  32.290 0.1250000000
46444  23.281  -2.772  32.117 0.1250000000
46462  23.518  -2.790  32.019 0.1250000000
45333  23.351  -1.801  31.615 0.3750000000
45389  26.019  -3.328  31.128 0.1250000000
51200  23.390  4.886  41.005 0.1250000000
51231  22.739  4.557  40.452 0.1250000000
52189  24.685  5.863  41.509 0.1250000000
53183  25.776  6.549  40.711 0.1250000000
50274  27.220  3.990  37.324 0.1250000000
50333  26.994  3.537  36.207 0.2500000000
50350  29.273  3.922  35.664 0.2500000000
53608  41.284  6.700  16.588 0.1250000000
54626  41.100  7.593  17.102 0.1250000000
54639  41.701  7.239  16.657 0.1250000000
54625  42.071  7.687  17.212 0.1250000000
53607  42.459  6.698  16.192 0.1250000000
56291  39.973  9.078  19.401 0.1250000000
55451  39.360  8.901  19.717 0.1250000000
55481  40.503  8.557  18.353 0.1250000000
55494  41.349  8.209  17.596 0.1250000000
55493  42.343  8.293  17.683 0.1250000000
54638  42.813  7.331  16.689 0.1250000000
54624  43.188  7.751  17.296 0.1250000000
56276  40.823  9.605  20.353 0.2500000000
56261  40.840  9.600  21.461 0.2500000000
56289  41.737  9.575  19.599 0.1250000000
56277  39.871  9.513  20.013 0.2500000000
56304  41.682  9.314  18.687 0.1250000000
55463  40.239  8.884  19.026 0.1250000000
55465  38.775  8.553  19.039 0.1250000000
55480  41.569  8.702  18.206 0.1250000000
53606  43.592  6.845  16.250 0.1250000000
56250  40.788  9.560  22.473 0.1250000000
56274  43.043  9.989  20.443 0.1250000000
56275  41.837  10.162  20.678 0.1250000000
56288  42.784  9.574  19.782 0.1250000000
55479  42.509  8.782  18.307 0.1250000000
55478  43.486  8.859  18.402 0.1250000000
55492  43.395  8.349  17.780 0.1250000000
55491  44.169  8.374  17.998 0.1250000000
54637  43.968  7.382  16.785 0.1250000000
57055  41.936  10.460  23.170 0.1250000000
55419  40.160  9.171  23.526 0.3750000000
57094  42.001  10.523  21.375 0.1250000000
56249  41.400  9.902  22.804 0.1250000000
57108  42.056  10.507  20.962 0.1250000000
56260  41.445  10.006  21.840 0.1250000000
57107  42.475  10.504  20.966 0.1250000000
56286  44.825  9.387  19.755 0.1250000000
56287  43.790  9.529  19.796 0.1250000000
56301  44.402  9.267  19.218 0.1250000000
56302  43.663  9.471  18.980 0.1250000000
55461  45.690  8.833  19.377 0.1250000000
55462  44.956  8.753  19.258 0.1250000000
55476  45.579  8.360  18.787 0.1250000000
54608  44.605  8.018  18.159 0.1250000000
55477  44.524  8.618  18.624 0.1250000000
57106  43.369  10.511  20.997 0.1250000000
55460  46.391  8.981  19.481 0.1250000000
56273  44.067  9.928  20.427 0.1250000000
56272  45.086  9.931  20.443 0.1250000000
56285  45.798  9.428  19.885 0.1250000000
52211  23.949  5.430  40.947 0.1250000000
36667  5.089  -9.398  35.381 0.1250000000
38472  -9.067  -7.435  47.378 0.1250000000
37706  18.498  -8.698  33.454 0.1250000000
38780  20.037  -8.615  33.367 0.1250000000
37376  -8.432  -7.476  48.097 0.1250000000
39674  -8.719  -6.830  47.844 0.1250000000
40719  -8.617  -5.703  48.338 0.1250000000
37678  20.130  -8.779  34.774 0.1250000000
38755  20.643  -8.542  33.991 0.1250000000
37679  19.403  -8.926  34.480 0.1250000000
38739  18.752  -8.950  34.743 0.1250000000
39928  21.149  -7.546  34.263 0.1250000000
56290  40.667  9.411  19.158 0.1250000000
56305  41.069  9.121  18.510 0.1250000000
56303  42.647  9.433  18.864 0.1250000000
55475  46.641  8.443  18.898 0.1250000000
94424  -3.836  -12.572  39.087 0.2500000000
35734  1.861  -10.086  37.053 0.1250000000
36643  4.027  -9.195  36.901 0.1250000000
44254  21.629  -3.474  31.538 0.2500000000
40969  23.580  -5.463  33.554 0.1250000000
42069  22.394  -4.564  32.604 0.1250000000
50331  28.505  3.867  36.365 0.1250000000
45481  24.391  -1.542  26.611 0.1250000000
44332  25.169  -2.589  26.183 0.1250000000
44331  26.508  -2.889  26.075 0.1250000000
44347  25.880  -2.507  25.158 0.1250000000
45499  25.122  -1.605  25.480 0.1250000000
56093  37.538  9.107  31.820 0.1250000000
56111  37.654  9.249  31.063 0.1250000000
56163  37.870  9.701  29.335 0.1250000000
56183  37.726  9.716  28.568 0.1250000000
56182  38.349  9.775  27.976 0.1250000000
55376  38.022  8.730  27.095 0.1250000000
34810  1.514  -10.783  37.166 0.1250000000
40970  22.979  -5.898  33.398 0.1250000000
43156  21.998  -3.994  32.199 0.2500000000
29343  -6.659  -17.863  41.343 0.1250000000
28631  -7.223  -18.399  41.152 0.1250000000
28632  -8.628  -17.827  41.587 0.1250000000
94484  -6.930  -16.830  41.421 0.1250000000
29344  -8.708  -17.283  41.451 0.1250000000
94412  -5.029  -16.589  40.356 0.1250000000
94485  -5.644  -15.197  41.023 0.1250000000
94443  -4.540  -16.953  40.346 0.1250000000
94470  -5.301  -16.134  40.686 0.1250000000
94414  -4.683  -15.829  40.319 0.1250000000
94416  -4.619  -14.881  40.341 0.1250000000
94415  -4.482  -14.579  39.815 0.1250000000
94458  -5.232  -13.248  39.249 0.1250000000
94455  -5.855  -13.360  40.261 0.1250000000
31860  -3.785  -14.731  39.341 0.1250000000
94467  -5.060  -12.721  39.253 0.1250000000
31879  -3.319  -13.273  39.013 0.1250000000
37567  15.605  -8.425  38.974 0.1250000000
37590  16.343  -8.671  38.371 0.1250000000
47729  31.687  0.050  22.633 0.1250000000
47730  30.568  0.358  22.329 0.1250000000
47747  31.500  0.790  22.014 0.1250000000
47748  30.773  1.231  22.041 0.1250000000
94441  -5.790  -13.063  40.031 0.1250000000
50583  34.408  3.472  19.112 0.1250000000
31878  -2.582  -14.091  38.423 0.1250000000
28649  -8.982  -18.201  40.986 0.1250000000
94487  -8.854  -17.612  40.555 0.1250000000
44253  22.347  -3.616  31.935 0.1250000000
94425  -4.904  -13.215  39.178 0.1250000000
94469  -5.532  -17.011  40.573 0.1250000000
30161  -4.744  -16.285  40.448 0.1250000000
30160  -4.087  -16.393  40.424 0.1250000000
94405  -4.340  -15.323  39.952 0.1250000000
94451  -5.867  -13.502  40.009 0.1250000000
44239  22.950  -3.652  32.249 0.1250000000
48719  31.405  1.692  22.065 0.1250000000
28610  -9.030  -17.477  41.882 0.1250000000
33732  -9.421  -12.100  43.973 0.2500000000
34652  -9.340  -11.901  44.098 0.2500000000
34664  -4.403  -10.135  42.576 1.0000000000
34681  -4.784  -10.171  42.526 1.0000000000
35550  -7.744  -8.140  48.388 0.2500000000
35551  -6.749  -8.467  47.954 0.2500000000
35624  -7.959  -11.203  42.638 0.2500000000
35652  -5.381  -12.738  39.380 0.1250000000
35671  -5.776  -10.283  40.018 0.1250000000
35736  -3.869  -9.799  36.793 0.1250000000
36460  -2.088  -8.195  49.230 0.1250000000
36461  -2.448  -8.287  49.150 0.1250000000
36467  -7.490  -7.726  48.590 0.2500000000
36469  -8.218  -7.873  48.333 0.2500000000
36478  -8.447  -7.907  48.063 0.1250000000
36515  -4.712  -7.832  44.458 0.6250000000
36549  -3.280  -8.229  43.072 0.8750000000
36663  16.258  -9.154  35.596 0.1250000000
36706  17.283  -9.647  33.972 0.2500000000
36707  16.326  -9.297  34.148 0.1250000000
37362  -7.082  -7.169  49.312 0.1250000000
37377  -8.544  -7.268  47.927 0.1250000000
37395  -8.594  -7.629  47.832 0.1250000000
37396  -8.641  -7.429  47.774 0.1250000000
37680  18.658  -8.932  34.317 0.1250000000
37684  14.404  -7.189  34.816 0.3750000000
37704  19.992  -8.906  33.971 0.1250000000
38455  -2.092  -6.947  49.470 0.1250000000
38460  1.999  -7.415  49.252 0.1250000000
38462  -8.391  -7.035  48.171 0.1250000000
38463  -8.728  -7.096  47.938 0.1250000000
38470  -5.485  -7.955  47.415 0.3750000000
38473  -8.708  -7.216  47.714 0.1250000000
38474  -8.877  -7.020  47.690 0.1250000000
38594  2.192  -6.390  42.670 0.5000000000
38646  2.853  -6.390  40.004 0.8750000000
38647  3.051  -6.337  40.149 0.8750000000
38738  18.947  -8.833  34.911 0.1250000000
38740  14.048  -6.815  35.095 0.5000000000
38756  18.993  -8.824  34.646 0.1250000000
38757  18.794  -8.881  34.508 0.1250000000
38785  14.532  -7.118  34.786 0.2500000000
38786  14.049  -6.812  34.994 0.5000000000
39652  2.007  -6.935  49.131 0.1250000000
39666  -8.538  -6.693  48.193 0.1250000000
39667  -8.553  -6.893  48.024 0.1250000000
39675  -8.580  -7.106  47.895 0.1250000000
39700  -3.498  -7.087  45.733 0.3750000000
39716  -3.361  -7.098  45.526 0.3750000000
39807  2.668  -6.547  40.045 0.8750000000
39808  2.795  -6.347  39.988 0.8750000000
39809  2.707  -6.635  40.276 0.8750000000
39833  2.740  -6.536  39.817 0.8750000000
39834  2.951  -6.438  39.760 1.0000000000
39835  2.654  -6.473  40.078 0.8750000000
39836  0.999  -6.404  41.170 0.8750000000
39930  15.264  -7.010  33.804 0.2500000000
39931  14.063  -5.978  34.600 0.5000000000
39953  14.880  -6.611  34.529 0.2500000000
39954  14.619  -6.166  34.576 0.5000000000
39959  9.875  -6.248  33.093 0.6250000000
39968  15.102  -6.284  34.657 0.5000000000
39969  15.008  -6.010  34.559 0.5000000000
40784  0.843  -5.630  43.770 0.5000000000
40785  0.618  -5.819  43.770 0.6250000000
40804  0.792  -5.844  43.596 0.5000000000
40926  14.997  -5.415  34.792 0.5000000000
40947  15.995  -5.858  35.073 0.5000000000
40977  15.423  -6.204  34.372 0.5000000000
40978  15.204  -5.980  34.570 0.5000000000
41001  15.192  -6.103  34.453 0.5000000000
41002  15.148  -5.990  34.236 0.5000000000
41928  16.150  -3.027  39.295 1.0000000000
41948  16.024  -3.057  38.913 1.0000000000
41985  16.117  -3.914  37.171 0.6250000000
42002  16.263  -4.101  36.127 0.6250000000
42004  11.387  -2.683  36.537 0.8750000000
42020  16.707  -4.125  35.546 0.7500000000
42056  15.406  -5.946  34.266 0.5000000000
42057  15.739  -6.020  33.898 0.5000000000
42072  15.147  -5.802  33.966 0.5000000000
42073  15.327  -5.931  34.384 0.5000000000
42969  6.623  -3.571  46.744 0.1250000000
43038  16.541  -2.260  40.851 1.0000000000
43072  18.806  -2.275  39.502 1.0000000000
43073  18.350  -2.316  39.470 1.0000000000
43075  17.022  -2.951  39.874 1.0000000000
43098  19.274  -3.150  37.434 1.0000000000
43147  20.685  -4.012  32.477 0.6250000000
43149  19.873  -3.587  32.125 0.6250000000
43158  20.391  -3.664  31.986 0.6250000000
43159  20.066  -3.636  31.948 0.6250000000
44037  8.035  -1.763  44.299 0.2500000000
44038  8.049  -2.074  44.184 0.2500000000
44057  8.099  -2.134  43.955 0.2500000000
44059  8.342  -2.742  44.330 0.2500000000
44118  17.167  -2.321  40.140 1.0000000000
44119  10.085  -2.321  41.707 0.8750000000
44131  19.150  -2.255  39.541 1.0000000000
44182  19.252  -2.876  37.062 1.0000000000
44208  12.472  -2.403  35.363 0.6250000000
44227  13.794  -2.483  35.298 0.5000000000
44256  20.016  -3.489  31.751 0.6250000000
44257  19.836  -3.634  31.791 0.6250000000
45111  8.042  -1.895  44.075 0.2500000000
45127  8.067  -1.916  43.838 0.2500000000
45150  8.128  -1.384  43.478 0.2500000000
45364  21.110  -0.133  31.149 0.6250000000
45391  21.409  -0.205  30.476 0.8750000000
45392  21.019  -0.239  30.739 0.8750000000
45393  21.125  -1.074  30.295 0.8750000000
45394  20.471  -1.238  30.497 0.8750000000
45395  19.690  -1.183  31.202 0.8750000000
45396  18.882  -1.091  31.432 0.7500000000
45421  21.724  -0.217  30.207 0.8750000000
45422  21.231  -0.531  30.383 0.8750000000
45423  20.733  -1.062  30.230 0.8750000000
46228  14.986  0.810  45.129 0.7500000000
46232  13.347  0.573  45.661 0.7500000000
46287  8.272  -0.875  43.285 0.2500000000
46304  9.093  -0.818  41.957 0.5000000000
46446  21.028  0.093  33.205 0.8750000000
46466  20.186  -0.003  32.361 0.8750000000
46491  20.950  0.010  30.946 0.8750000000
46493  20.097  -0.205  31.606 0.8750000000
46494  19.410  -0.225  31.948 0.8750000000
46516  21.584  -0.048  30.606 0.8750000000
46517  21.173  -0.273  30.508 0.8750000000
46518  20.618  -0.302  30.788 0.8750000000
46520  19.117  -0.640  31.515 0.8750000000
46543  21.642  -0.119  30.349 0.8750000000
46544  21.487  -0.290  30.347 0.8750000000
46564  20.950  -0.812  30.156 0.8750000000
47295  15.063  0.864  46.224 0.6250000000
47296  14.715  0.902  46.349 0.6250000000
47297  14.228  1.091  46.427 0.6250000000
47307  14.891  0.663  46.022 0.7500000000
47346  13.810  -0.259  45.088 0.8750000000
47506  27.081  0.996  34.982 0.8750000000
47507  26.875  1.108  34.800 0.8750000000
47508  26.762  1.455  34.851 0.8750000000
47522  27.034  1.954  34.943 0.8750000000
47579  19.132  0.240  32.407 0.8750000000
47580  18.976  -0.035  32.269 1.0000000000
47649  28.032  1.316  27.473 1.0000000000
48258  15.124  1.031  46.381 0.6250000000
48272  14.208  1.667  46.365 0.3750000000
48360  9.293  1.547  41.812 0.5000000000
48384  9.517  1.203  41.253 0.7500000000
48410  9.293  0.598  41.321 0.8750000000
48489  27.265  1.291  35.026 0.8750000000
48490  27.057  1.288  35.221 0.8750000000
48491  26.823  1.410  35.093 0.8750000000
48513  26.970  1.796  35.038 0.8750000000
48562  17.945  0.945  33.138 1.0000000000
49293  10.027  1.553  41.251 0.8750000000
49338  16.137  2.636  39.887 0.6250000000
50145  6.809  4.393  47.792 0.1250000000
51132  15.874  4.828  46.268 0.1250000000
51161  16.483  5.033  44.613 0.1250000000
52075  7.200  5.054  48.375 0.1250000000
52076  6.650  5.125  48.743 0.1250000000
52081  7.166  5.444  48.016 0.1250000000
52564  31.238  5.341  21.387 0.8750000000
53058  7.128  5.603  48.372 0.1250000000
53059  7.136  5.639  48.785 0.1250000000
53060  6.665  5.465  49.024 0.1250000000
53065  7.009  5.884  48.039 0.1250000000
53066  6.959  5.836  48.291 0.1250000000
53067  6.801  6.128  48.735 0.1250000000
54490  39.128  7.896  26.250 0.1250000000
55353  36.100  8.460  28.318 0.3750000000
55464  39.728  8.667  19.020 0.1250000000
94403  -4.655  -16.543  40.389 0.1250000000
94423  -4.486  -16.719  40.409 0.1250000000
94426  -4.032  -11.798  39.130 0.2500000000
94444  -4.854  -16.933  40.255 0.1250000000
94452  -5.085  -13.239  38.956 0.1250000000
94453  -5.257  -12.909  39.234 0.1250000000
94454  -4.788  -17.532  40.598 0.1250000000
94456  -5.617  -13.932  39.594 0.1250000000
94457  -5.411  -13.130  39.354 0.1250000000
94459  -5.024  -13.050  39.185 0.1250000000
94461  -4.782  -12.042  39.435 0.1250000000
94472  -8.526  -17.794  40.549 0.1250000000
94474  -6.191  -14.969  39.748 0.1250000000
94477  -4.782  -11.748  39.689 0.2500000000
95268  15.558  -2.130  41.890 0.8750000000
95271  16.129  -1.711  42.710 1.0000000000
95272  15.897  -1.689  42.694 0.8750000000
95303  10.563  -1.647  40.224 0.8750000000
95309  15.916  -2.978  39.475 1.0000000000
95312  15.324  -2.567  40.813 0.8750000000
95313  11.314  -2.781  36.903 0.8750000000
95317  10.419  -2.137  40.057 0.8750000000
95318  9.260  -1.276  41.638 0.8750000000
95320  10.456  -1.318  40.748 0.8750000000
95655  26.550  -2.981  29.299 0.1250000000
95656  26.327  -2.926  29.260 0.1250000000
95657  26.156  -2.940  29.077 0.1250000000
95658  26.921  -3.247  28.738 0.1250000000
95661  26.447  -2.988  28.992 0.1250000000
95662  25.228  -2.858  28.830 0.1250000000
95663  26.820  -2.992  28.751 0.1250000000
95664  26.589  -2.979  28.720 0.1250000000
95665  24.913  -2.806  28.992 0.3750000000
95668  26.564  -3.084  28.577 0.1250000000
95670  25.494  -2.864  28.728 0.1250000000
95673  26.252  -3.155  28.026 0.1250000000
95674  26.687  -3.677  27.582 0.1250000000
95677  25.967  -2.969  28.646 0.1250000000
95679  27.172  -3.795  27.768 0.1250000000
95810  20.397  -1.124  30.149 0.8750000000
95964  7.001  4.649  48.312 0.1250000000
95965  6.679  4.934  48.340 0.1250000000
95966  6.770  6.006  48.384 0.1250000000
