#!ascii label  , from subject output2 vox2ras=TkReg
1289
44289  35.872  -1.982  29.529 0.0000000000
38560  22.639  -7.258  43.690 0.0000000000
35682  15.618  -10.358  39.762 0.0000000000
31827  10.083  -14.059  39.672 0.0000000000
36496  16.068  -9.675  46.454 0.0000000000
34714  18.578  -11.980  40.391 0.0000000000
40966  31.001  -6.411  32.879 0.0000000000
48629  41.211  1.590  27.124 0.0000000000
39818  32.097  -6.258  40.776 0.0000000000
37605  26.726  -6.690  35.768 0.0000000000
35764  21.600  -10.075  35.657 0.0000000000
37518  12.773  -8.693  41.613 0.0000000000
34742  12.137  -11.194  39.625 0.0000000000
34645  10.612  -11.491  43.694 0.0000000000
35614  15.506  -10.580  43.265 0.0000000000
44148  34.344  -1.868  38.707 0.0000000000
40773  21.975  -5.150  44.580 0.0000000000
41816  26.455  -4.791  45.080 0.0000000000
40814  27.966  -5.405  40.928 0.0000000000
39824  24.861  -5.391  39.857 0.0000000000
37631  23.041  -7.339  35.625 0.0000000000
37560  21.648  -7.675  39.157 0.0000000000
32832  20.733  -13.551  40.300 0.0000000000
33775  23.536  -12.193  40.012 0.0000000000
45450  39.028  -1.506  28.233 0.0000000000
46627  38.217  -0.340  23.901 0.0000000000
33844  18.774  -13.172  37.327 0.0000000000
34858  15.514  -11.981  34.124 0.0000000000
34613  20.994  -10.403  46.215 0.0000000000
36555  18.684  -8.729  42.689 0.0000000000
34641  17.289  -11.725  44.123 0.0000000000
32814  17.789  -12.864  40.958 0.0000000000
44273  31.192  -3.324  30.125 0.0000000000
31764  7.520  -14.437  44.863 0.0000000000
31830  7.006  -14.356  40.618 0.0000000000
45347  39.612  -0.543  32.070 0.0000000000
46479  35.941  -0.561  33.000 0.0000000000
44212  32.078  -2.476  35.114 0.0000000000
40905  28.941  -5.589  36.533 0.0000000000
36636  32.070  -9.452  36.721 0.0000000000
43049  31.186  -3.622  40.616 0.0000000000
35657  29.352  -9.660  39.750 0.0000000000
38774  28.385  -7.325  33.799 0.0000000000
38810  25.139  -7.154  32.130 0.0000000000
34762  20.407  -11.526  38.008 0.0000000000
95222  11.591  -7.669  42.608 0.0000000000
95214  11.429  -10.243  42.775 0.0000000000
95226  10.377  -9.712  44.804 0.0000000000
37478  13.982  -7.385  43.480 0.0000000000
38514  23.358  -7.537  45.156 0.0000000000
40770  24.623  -6.122  44.298 0.0000000000
41885  25.119  -4.759  42.540 0.0000000000
39773  23.298  -6.140  42.552 0.0000000000
39847  22.989  -6.331  39.889 0.0000000000
38610  21.694  -7.401  41.171 0.0000000000
31845  21.193  -14.265  39.254 0.0000000000
32830  23.020  -13.885  40.536 0.0000000000
44288  37.242  -2.328  29.137 0.0000000000
45461  37.908  -1.637  27.117 0.0000000000
44313  35.821  -2.469  27.045 0.0000000000
34765  17.449  -11.864  38.619 0.0000000000
33863  17.797  -12.194  35.972 0.0000000000
34798  15.133  -11.297  37.157 0.0000000000
32858  12.030  -12.826  39.975 0.0000000000
33846  11.636  -12.263  37.176 0.0000000000
32897  10.471  -13.814  37.685 0.0000000000
30916  9.389  -14.865  38.407 0.0000000000
37447  19.592  -8.115  45.350 0.0000000000
36494  17.840  -9.534  46.531 0.0000000000
35583  18.659  -10.320  45.689 0.0000000000
34616  17.234  -11.853  46.432 0.0000000000
35644  15.756  -10.524  41.382 0.0000000000
33760  16.739  -12.138  41.819 0.0000000000
33799  16.785  -12.200  40.191 0.0000000000
33797  18.454  -12.839  39.500 0.0000000000
43152  30.492  -4.872  31.354 0.0000000000
41041  31.939  -5.778  30.313 0.0000000000
40999  32.932  -5.638  32.583 0.0000000000
32819  4.878  -13.551  41.390 0.0000000000
45324  33.585  -1.500  33.734 0.0000000000
45290  34.347  -0.577  35.987 0.0000000000
41940  32.705  -3.725  39.676 0.0000000000
43107  31.605  -3.456  37.646 0.0000000000
40883  29.777  -5.646  38.926 0.0000000000
38696  29.692  -8.167  37.139 0.0000000000
38655  29.628  -7.949  39.855 0.0000000000
39863  27.924  -6.315  38.733 0.0000000000
38632  29.310  -7.164  40.215 0.0000000000
35699  28.170  -8.532  37.609 0.0000000000
35741  29.062  -9.513  36.929 0.0000000000
36702  27.018  -9.131  35.166 0.0000000000
37727  26.782  -7.195  32.212 0.0000000000
95339  25.675  -7.939  34.486 0.0000000000
36721  22.485  -9.501  33.196 0.0000000000
36572  18.117  -9.917  41.438 0.0000000000
36588  18.584  -9.184  39.683 0.0000000000
34736  19.738  -11.699  38.896 0.0000000000
33816  23.393  -13.561  37.998 0.0000000000
95797  43.461  4.169  24.184 0.0000000000
48662  40.933  2.419  24.989 0.0000000000
36590  14.254  -9.191  40.534 0.0000000000
35708  13.535  -10.386  38.683 0.0000000000
36592  12.021  -9.374  40.659 0.0000000000
35666  11.294  -11.410  41.387 0.0000000000
33763  10.374  -12.475  41.439 0.0000000000
37430  14.428  -8.322  46.578 0.0000000000
35585  15.583  -10.867  45.712 0.0000000000
36526  14.914  -9.424  44.477 0.0000000000
36559  14.390  -8.863  42.024 0.0000000000
45254  35.087  -1.392  37.967 0.0000000000
41896  33.494  -4.115  40.670 0.0000000000
41864  27.324  -4.273  43.443 0.0000000000
40859  26.200  -4.395  40.490 0.0000000000
39865  25.998  -5.400  38.155 0.0000000000
38719  25.542  -6.239  35.674 0.0000000000
39867  24.083  -6.098  37.970 0.0000000000
38701  22.814  -7.284  37.260 0.0000000000
36639  21.105  -8.203  36.892 0.0000000000
32811  20.175  -13.285  41.105 0.0000000000
35638  21.847  -12.190  40.209 0.0000000000
33754  23.064  -12.753  41.337 0.0000000000
46581  40.031  0.125  27.650 0.0000000000
47665  39.360  0.767  26.600 0.0000000000
46598  38.325  -0.540  26.040 0.0000000000
34822  13.547  -11.235  35.833 0.0000000000
37445  21.476  -8.298  45.500 0.0000000000
36520  22.121  -9.387  44.867 0.0000000000
38562  21.016  -7.507  43.061 0.0000000000
36523  19.288  -9.203  44.614 0.0000000000
36525  17.570  -9.924  43.835 0.0000000000
34692  17.553  -11.496  41.863 0.0000000000
33701  16.445  -12.518  44.246 0.0000000000
32790  17.286  -12.776  42.259 0.0000000000
32813  18.236  -12.853  41.217 0.0000000000
31824  18.859  -14.394  40.889 0.0000000000
31869  20.073  -13.657  39.259 0.0000000000
44291  32.768  -2.229  29.103 0.0000000000
43186  34.285  -3.271  27.647 0.0000000000
42114  32.290  -4.679  28.241 0.0000000000
32767  9.716  -13.523  44.595 0.0000000000
31783  9.129  -14.497  42.583 0.0000000000
31785  7.230  -14.438  42.662 0.0000000000
30891  8.787  -15.143  40.006 0.0000000000
46555  40.655  -0.740  29.256 0.0000000000
45408  39.597  -1.496  29.990 0.0000000000
45410  37.861  -1.492  30.458 0.0000000000
45413  35.249  -1.530  30.874 0.0000000000
44259  33.207  -2.197  32.104 0.0000000000
44248  31.035  -2.290  32.222 0.0000000000
43134  30.361  -3.243  34.062 0.0000000000
45256  33.028  -1.435  37.407 0.0000000000
43113  30.951  -3.538  36.346 0.0000000000
40968  29.803  -5.765  33.891 0.0000000000
38735  31.189  -7.643  35.190 0.0000000000
36676  31.970  -8.732  35.408 0.0000000000
39766  32.131  -6.485  41.690 0.0000000000
40833  28.970  -4.977  40.158 0.0000000000
38581  29.860  -7.727  42.314 0.0000000000
36566  30.932  -9.708  41.642 0.0000000000
35694  31.329  -10.365  38.632 0.0000000000
36699  29.936  -8.811  35.329 0.0000000000
37654  24.521  -7.861  34.136 0.0000000000
37515  20.293  -7.353  41.308 0.0000000000
37561  19.859  -8.618  38.239 0.0000000000
35726  22.165  -11.136  37.180 0.0000000000
34734  22.125  -11.677  39.244 0.0000000000
35701  22.272  -12.200  37.615 0.0000000000
95229  10.510  -9.004  44.152 0.0000000000
95215  10.314  -9.113  45.175 0.0000000000
38538  23.037  -7.729  44.341 0.0000000000
38536  24.039  -7.148  45.093 0.0000000000
39722  23.883  -6.831  44.321 0.0000000000
40793  23.699  -5.965  43.277 0.0000000000
39744  22.809  -6.392  43.169 0.0000000000
38608  22.776  -6.521  42.116 0.0000000000
38583  22.443  -6.652  42.651 0.0000000000
44301  36.441  -2.419  28.174 0.0000000000
44302  34.985  -2.397  28.053 0.0000000000
34766  16.511  -11.436  38.514 0.0000000000
34797  16.407  -11.386  37.432 0.0000000000
34767  15.292  -11.119  38.426 0.0000000000
32839  10.234  -13.328  40.518 0.0000000000
32877  10.937  -13.308  38.313 0.0000000000
32860  10.542  -13.614  39.234 0.0000000000
31870  10.150  -14.334  38.131 0.0000000000
31851  9.524  -14.334  39.228 0.0000000000
37403  15.462  -7.907  47.326 0.0000000000
37428  16.063  -8.389  46.930 0.0000000000
37427  17.474  -8.524  46.473 0.0000000000
36495  16.950  -9.667  46.451 0.0000000000
35567  17.624  -10.691  46.110 0.0000000000
35568  16.737  -10.875  46.852 0.0000000000
35664  15.794  -10.359  40.555 0.0000000000
35663  16.393  -10.871  40.914 0.0000000000
34739  16.651  -11.581  39.572 0.0000000000
34738  17.452  -12.074  39.250 0.0000000000
42067  30.350  -5.384  32.234 0.0000000000
41000  31.601  -5.918  32.306 0.0000000000
40965  32.768  -6.201  33.444 0.0000000000
46411  37.067  -0.272  36.668 0.0000000000
46425  35.583  -0.500  35.967 0.0000000000
46412  36.224  -0.473  36.839 0.0000000000
41919  32.072  -4.535  40.045 0.0000000000
41942  31.415  -4.287  39.516 0.0000000000
39841  30.364  -5.751  40.080 0.0000000000
39861  29.540  -6.668  38.745 0.0000000000
39820  30.742  -7.026  40.487 0.0000000000
38677  28.162  -6.506  37.568 0.0000000000
37582  28.641  -7.418  37.940 0.0000000000
37583  28.060  -7.342  37.278 0.0000000000
36658  27.674  -8.485  36.581 0.0000000000
37628  27.302  -7.488  35.552 0.0000000000
37677  26.458  -8.254  34.696 0.0000000000
37629  26.007  -6.967  35.242 0.0000000000
34691  18.292  -11.454  41.052 0.0000000000
35640  18.567  -10.261  40.718 0.0000000000
34713  19.210  -11.364  40.167 0.0000000000
49537  41.362  2.892  25.148 0.0000000000
48644  40.938  2.062  26.405 0.0000000000
37540  13.268  -9.132  41.283 0.0000000000
36611  12.763  -9.400  39.923 0.0000000000
36576  12.654  -9.227  41.218 0.0000000000
35615  10.973  -10.453  43.260 0.0000000000
34656  11.359  -11.261  42.447 0.0000000000
34672  11.329  -11.832  42.213 0.0000000000
33762  10.975  -12.179  41.271 0.0000000000
33719  11.009  -12.283  43.066 0.0000000000
38497  14.033  -7.922  46.480 0.0000000000
36498  14.577  -9.003  45.836 0.0000000000
37467  14.146  -7.612  44.713 0.0000000000
37497  13.193  -7.914  42.354 0.0000000000
36543  14.651  -8.382  42.906 0.0000000000
37517  13.662  -8.706  41.536 0.0000000000
36575  14.469  -9.044  41.209 0.0000000000
41817  25.780  -4.872  45.384 0.0000000000
42977  25.705  -4.076  45.204 0.0000000000
42997  26.399  -3.344  44.535 0.0000000000
43018  27.394  -3.465  43.467 0.0000000000
41841  26.902  -4.460  44.726 0.0000000000
40837  25.192  -5.143  41.392 0.0000000000
41905  25.740  -4.558  41.824 0.0000000000
40860  25.320  -4.963  40.256 0.0000000000
39844  26.463  -5.359  39.000 0.0000000000
39845  25.329  -5.303  39.115 0.0000000000
39866  24.602  -5.697  38.289 0.0000000000
39846  24.466  -5.855  39.344 0.0000000000
38659  22.263  -7.180  39.629 0.0000000000
38680  22.459  -7.376  38.514 0.0000000000
37608  21.672  -7.581  37.644 0.0000000000
36623  21.126  -8.378  37.891 0.0000000000
33755  22.156  -12.869  41.118 0.0000000000
32810  21.446  -13.251  41.107 0.0000000000
46571  39.706  -0.730  27.943 0.0000000000
46582  39.516  -0.327  27.501 0.0000000000
45473  39.313  -1.196  27.045 0.0000000000
45493  37.332  -1.862  25.383 0.0000000000
32894  20.029  -13.964  37.393 0.0000000000
32912  19.402  -13.439  36.721 0.0000000000
34769  13.016  -10.600  38.327 0.0000000000
34799  13.861  -11.212  37.079 0.0000000000
34800  12.865  -11.186  36.994 0.0000000000
33867  11.189  -12.957  36.771 0.0000000000
33865  12.736  -12.634  36.150 0.0000000000
36492  20.124  -8.939  46.392 0.0000000000
37446  20.385  -8.036  45.281 0.0000000000
37399  21.130  -9.140  46.011 0.0000000000
37444  22.519  -8.655  45.321 0.0000000000
35594  22.017  -9.547  45.238 0.0000000000
36521  21.348  -9.346  44.677 0.0000000000
36508  20.287  -9.975  45.445 0.0000000000
34629  17.566  -11.787  45.240 0.0000000000
35597  18.217  -10.342  45.118 0.0000000000
35599  16.688  -10.972  44.154 0.0000000000
35626  16.949  -10.928  42.606 0.0000000000
34653  17.372  -11.846  43.351 0.0000000000
35600  15.515  -10.475  44.440 0.0000000000
34643  16.398  -11.488  44.855 0.0000000000
34655  15.581  -11.868  43.829 0.0000000000
32815  17.172  -12.228  41.030 0.0000000000
32791  16.916  -13.081  41.928 0.0000000000
31782  17.079  -12.893  41.781 0.0000000000
31781  17.476  -12.532  40.989 0.0000000000
31801  18.037  -13.467  41.372 0.0000000000
31800  18.484  -14.133  41.535 0.0000000000
31825  17.941  -14.306  41.183 0.0000000000
33818  18.716  -13.040  38.423 0.0000000000
32856  18.902  -13.606  39.398 0.0000000000
32876  19.198  -13.411  38.533 0.0000000000
44272  31.770  -2.301  30.130 0.0000000000
44304  32.576  -2.963  28.218 0.0000000000
44292  31.818  -3.202  29.122 0.0000000000
41040  33.228  -5.802  30.277 0.0000000000
31762  9.070  -14.027  45.306 0.0000000000
32779  9.630  -13.636  43.435 0.0000000000
31772  8.317  -14.431  43.877 0.0000000000
31807  6.305  -13.727  41.923 0.0000000000
31806  6.809  -14.288  41.741 0.0000000000
30866  8.564  -14.936  41.863 0.0000000000
31829  8.130  -14.467  40.338 0.0000000000
31852  8.277  -14.456  39.152 0.0000000000
31853  7.233  -14.279  39.400 0.0000000000
46568  41.759  0.401  28.872 0.0000000000
45375  40.186  -1.353  30.584 0.0000000000
45376  39.554  -1.452  31.003 0.0000000000
45409  38.736  -1.505  30.220 0.0000000000
45377  38.661  -1.304  31.244 0.0000000000
46478  36.944  -0.492  33.028 0.0000000000
45379  36.681  -1.285  31.387 0.0000000000
45351  35.514  -1.279  32.492 0.0000000000
45414  34.445  -1.522  30.964 0.0000000000
45352  34.663  -1.452  32.565 0.0000000000
45305  33.282  -1.517  34.493 0.0000000000
45354  32.990  -1.544  33.155 0.0000000000
44230  32.065  -2.445  34.085 0.0000000000
44231  30.823  -2.316  33.405 0.0000000000
44213  31.141  -2.682  34.611 0.0000000000
45238  34.386  -1.628  38.359 0.0000000000
45255  33.952  -1.504  37.714 0.0000000000
44159  33.295  -1.847  37.807 0.0000000000
41980  30.575  -4.131  37.342 0.0000000000
41997  30.277  -4.282  36.392 0.0000000000
42013  30.368  -4.169  35.427 0.0000000000
40920  29.135  -5.449  35.246 0.0000000000
39923  29.526  -6.243  34.445 0.0000000000
39895  28.730  -6.220  35.401 0.0000000000
37602  31.029  -9.206  37.496 0.0000000000
37626  30.981  -8.756  36.093 0.0000000000
36652  32.184  -9.336  35.869 0.0000000000
36677  31.642  -9.235  35.564 0.0000000000
40830  31.647  -5.244  41.097 0.0000000000
41882  28.228  -4.624  41.893 0.0000000000
41902  28.232  -4.461  40.634 0.0000000000
40812  29.009  -5.738  40.794 0.0000000000
37531  29.735  -8.365  40.811 0.0000000000
38605  29.681  -7.613  41.557 0.0000000000
37512  29.659  -8.746  42.117 0.0000000000
36554  30.337  -9.393  42.231 0.0000000000
36583  30.111  -9.588  40.561 0.0000000000
35654  31.010  -10.144  40.363 0.0000000000
35676  30.620  -10.502  39.430 0.0000000000
36680  28.748  -9.412  35.753 0.0000000000
35761  29.358  -9.490  36.220 0.0000000000
36716  29.193  -8.590  34.779 0.0000000000
37697  29.544  -7.810  34.765 0.0000000000
38807  28.274  -7.070  32.727 0.0000000000
38809  26.162  -7.180  32.393 0.0000000000
37762  26.720  -6.590  31.444 0.0000000000
37630  24.464  -6.570  35.340 0.0000000000
37653  23.792  -7.357  34.504 0.0000000000
36734  22.701  -8.426  32.220 0.0000000000
38586  19.646  -7.345  42.606 0.0000000000
38585  20.456  -7.232  42.328 0.0000000000
37516  19.378  -7.676  41.516 0.0000000000
34764  19.351  -10.441  38.719 0.0000000000
36607  18.785  -9.226  38.888 0.0000000000
36625  19.733  -9.394  38.117 0.0000000000
36640  20.290  -9.094  37.337 0.0000000000
35727  20.907  -10.716  37.277 0.0000000000
35658  22.837  -11.829  40.449 0.0000000000
34711  21.732  -11.723  39.783 0.0000000000
34733  23.111  -11.769  39.617 0.0000000000
34759  23.011  -13.013  37.699 0.0000000000
35724  22.446  -12.775  37.110 0.0000000000
47703  38.557  0.602  24.310 0.0000000000
47702  39.242  1.177  24.184 0.0000000000
43197  34.625  -4.083  27.121 0.0000000000
95219  12.285  -8.221  41.970 0.0000000000
95211  11.946  -9.089  41.748 0.0000000000
95221  11.281  -9.306  43.207 0.0000000000
36544  10.960  -9.989  43.506 0.0000000000
35602  10.324  -10.569  44.092 0.0000000000
95225  12.318  -7.318  42.951 0.0000000000
39704  23.160  -6.675  45.420 0.0000000000
40772  23.083  -5.114  44.625 0.0000000000
39703  24.316  -6.596  45.288 0.0000000000
39702  25.084  -6.075  45.315 0.0000000000
40751  25.610  -5.558  45.150 0.0000000000
41843  25.820  -4.794  44.226 0.0000000000
40791  24.993  -5.299  43.753 0.0000000000
40816  24.054  -5.449  42.646 0.0000000000
39799  23.854  -5.545  41.297 0.0000000000
38634  23.809  -6.397  39.706 0.0000000000
39826  23.260  -6.215  40.417 0.0000000000
39827  22.492  -6.455  40.887 0.0000000000
38637  21.602  -7.432  40.595 0.0000000000
32853  21.572  -13.824  39.609 0.0000000000
32831  22.192  -13.580  40.191 0.0000000000
31821  22.892  -14.319  40.121 0.0000000000
44299  38.467  -2.011  28.371 0.0000000000
45460  38.696  -1.587  27.532 0.0000000000
44311  38.041  -2.138  27.669 0.0000000000
44312  37.141  -2.346  27.074 0.0000000000
33845  18.063  -12.420  37.513 0.0000000000
33862  18.754  -12.852  36.339 0.0000000000
34819  17.358  -11.706  36.869 0.0000000000
34820  16.422  -11.271  35.813 0.0000000000
34842  15.310  -11.156  34.567 0.0000000000
33800  11.831  -12.253  39.148 0.0000000000
34770  12.325  -11.506  38.141 0.0000000000
33821  11.319  -12.572  38.577 0.0000000000
33847  11.224  -12.669  37.454 0.0000000000
30934  10.093  -15.004  37.698 0.0000000000
37401  18.981  -9.011  46.812 0.0000000000
35566  19.000  -10.238  46.230 0.0000000000
35582  19.808  -10.342  45.792 0.0000000000
34615  17.973  -11.817  46.144 0.0000000000
33686  17.621  -12.331  45.791 0.0000000000
35628  15.514  -10.574  42.298 0.0000000000
34671  15.667  -11.544  42.829 0.0000000000
34694  16.175  -11.302  42.000 0.0000000000
33780  16.801  -12.158  40.806 0.0000000000
33779  17.224  -12.397  40.385 0.0000000000
32835  17.661  -12.920  40.556 0.0000000000
33798  17.484  -12.541  39.804 0.0000000000
33819  18.097  -12.323  38.903 0.0000000000
43163  31.102  -3.986  31.148 0.0000000000
43168  31.165  -4.450  30.098 0.0000000000
43162  31.145  -4.894  30.910 0.0000000000
41020  31.915  -5.765  31.478 0.0000000000
32795  5.178  -13.537  42.451 0.0000000000
32818  5.709  -13.516  41.663 0.0000000000
31854  6.076  -13.677  39.649 0.0000000000
32841  5.517  -13.607  40.681 0.0000000000
46456  36.508  -0.163  33.912 0.0000000000
45323  34.512  -1.289  33.539 0.0000000000
46439  35.013  -0.546  34.926 0.0000000000
45304  34.211  -1.334  34.650 0.0000000000
45291  33.298  -1.423  35.524 0.0000000000
44140  32.774  -2.641  39.534 0.0000000000
44150  32.658  -2.388  38.912 0.0000000000
43083  31.770  -3.614  39.499 0.0000000000
41959  31.110  -4.331  38.377 0.0000000000
40895  29.362  -5.614  37.934 0.0000000000
39878  29.447  -6.700  37.578 0.0000000000
39879  29.507  -6.214  38.132 0.0000000000
38675  29.654  -8.142  38.528 0.0000000000
37581  30.506  -9.040  38.705 0.0000000000
39823  28.069  -5.621  39.844 0.0000000000
39796  29.031  -6.417  40.596 0.0000000000
38633  28.482  -6.678  39.787 0.0000000000
37558  28.494  -8.470  39.519 0.0000000000
35678  28.963  -9.473  39.178 0.0000000000
34756  29.431  -9.849  38.665 0.0000000000
35722  28.384  -9.126  37.641 0.0000000000
36657  27.912  -9.342  36.383 0.0000000000
37699  27.460  -8.262  34.457 0.0000000000
38775  27.198  -7.330  33.580 0.0000000000
37676  27.185  -8.801  34.856 0.0000000000
38776  26.140  -7.192  33.281 0.0000000000
37701  25.203  -7.443  33.662 0.0000000000
36660  22.341  -7.706  34.826 0.0000000000
36683  22.738  -8.065  34.239 0.0000000000
36704  22.813  -9.181  34.179 0.0000000000
35792  22.127  -10.764  33.014 0.0000000000
36556  18.063  -9.487  42.207 0.0000000000
36571  18.574  -8.834  41.031 0.0000000000
35662  19.197  -9.993  40.079 0.0000000000
33796  23.516  -12.581  39.276 0.0000000000
32872  23.536  -14.109  38.475 0.0000000000
95788  44.209  3.916  24.854 0.0000000000
49545  42.575  2.746  24.219 0.0000000000
48679  41.005  2.434  24.085 0.0000000000
36609  14.893  -9.513  40.007 0.0000000000
35707  14.221  -10.438  38.906 0.0000000000
36610  13.770  -9.402  39.901 0.0000000000
35684  13.221  -9.944  39.248 0.0000000000
35685  12.167  -10.081  39.857 0.0000000000
95212  11.433  -9.973  42.068 0.0000000000
35665  11.229  -10.757  41.144 0.0000000000
34716  11.302  -11.559  40.569 0.0000000000
33782  11.205  -12.148  40.546 0.0000000000
33783  10.642  -12.397  40.693 0.0000000000
37429  15.176  -8.594  46.704 0.0000000000
35569  16.077  -10.862  46.423 0.0000000000
36497  15.362  -9.543  46.115 0.0000000000
36511  15.219  -9.626  45.282 0.0000000000
36542  15.035  -9.495  43.608 0.0000000000
36527  14.510  -8.529  44.020 0.0000000000
36558  15.110  -9.562  42.616 0.0000000000
36574  15.180  -9.632  41.710 0.0000000000
36589  15.198  -9.640  40.785 0.0000000000
39943  30.956  -6.441  33.700 0.0000000000
39942  31.974  -6.488  33.773 0.0000000000
39920  33.092  -6.791  34.181 0.0000000000
46397  35.912  -0.568  37.845 0.0000000000
44138  34.311  -2.204  39.165 0.0000000000
43080  34.031  -2.965  39.589 0.0000000000
41897  33.367  -4.311  40.356 0.0000000000
40852  32.789  -5.120  40.590 0.0000000000
43017  28.033  -4.173  43.009 0.0000000000
41883  27.403  -4.695  41.979 0.0000000000
41865  26.422  -4.460  43.452 0.0000000000
41904  26.569  -4.429  41.432 0.0000000000
41924  27.447  -4.833  40.641 0.0000000000
40858  27.419  -4.768  40.084 0.0000000000
39864  27.460  -5.850  38.195 0.0000000000
39881  26.716  -5.784  37.372 0.0000000000
38718  26.202  -6.302  35.615 0.0000000000
39882  25.414  -5.678  37.275 0.0000000000
38699  24.795  -6.198  36.380 0.0000000000
38700  23.720  -6.413  36.382 0.0000000000
38657  24.004  -6.361  38.851 0.0000000000
38679  23.495  -6.474  38.007 0.0000000000
38721  23.048  -7.236  36.389 0.0000000000
37632  21.866  -7.253  36.472 0.0000000000
36661  21.407  -8.064  35.646 0.0000000000
36685  21.468  -9.310  35.835 0.0000000000
33757  19.595  -12.815  41.011 0.0000000000
33777  20.001  -12.417  40.299 0.0000000000
33756  20.915  -12.725  40.968 0.0000000000
34687  22.785  -12.362  41.024 0.0000000000
34686  23.523  -12.054  41.317 0.0000000000
32808  23.509  -13.494  40.923 0.0000000000
33753  23.763  -12.691  41.202 0.0000000000
47645  40.555  0.848  27.390 0.0000000000
47664  40.228  1.302  26.697 0.0000000000
47646  39.772  0.424  27.413 0.0000000000
47666  38.455  -0.155  26.384 0.0000000000
46613  38.256  -0.475  24.955 0.0000000000
45474  38.527  -1.294  26.565 0.0000000000
45492  38.034  -1.261  25.599 0.0000000000
34768  14.101  -11.065  38.240 0.0000000000
34821  14.713  -11.058  35.794 0.0000000000
34843  14.064  -11.153  34.704 0.0000000000
34801  12.216  -11.957  37.016 0.0000000000
34844  13.187  -11.580  34.907 0.0000000000
39705  22.032  -6.677  45.429 0.0000000000
38515  22.361  -7.599  45.450 0.0000000000
37443  23.110  -8.261  45.099 0.0000000000
37463  22.259  -8.505  44.285 0.0000000000
38561  21.893  -7.509  43.122 0.0000000000
37475  21.519  -8.119  43.603 0.0000000000
37465  19.997  -8.619  44.168 0.0000000000
37466  19.337  -8.585  44.070 0.0000000000
36510  18.773  -9.796  45.160 0.0000000000
36524  18.276  -9.665  44.443 0.0000000000
36540  18.151  -9.421  43.326 0.0000000000
36557  17.539  -10.167  41.984 0.0000000000
35642  17.706  -10.814  41.691 0.0000000000
33759  17.968  -11.927  41.450 0.0000000000
34631  16.554  -11.881  46.042 0.0000000000
33687  17.184  -12.405  45.564 0.0000000000
32764  17.178  -13.234  44.113 0.0000000000
33735  16.488  -12.832  42.821 0.0000000000
32765  17.044  -13.435  43.798 0.0000000000
32776  17.308  -13.190  43.541 0.0000000000
33734  17.446  -12.067  41.982 0.0000000000
33733  18.051  -12.145  41.222 0.0000000000
33758  18.438  -12.497  40.879 0.0000000000
32812  18.915  -13.445  41.355 0.0000000000
32833  19.502  -13.848  40.939 0.0000000000
31823  19.862  -14.171  40.294 0.0000000000
31848  18.257  -14.344  40.326 0.0000000000
31847  19.325  -14.250  39.850 0.0000000000
31822  20.555  -13.870  39.758 0.0000000000
44290  34.273  -2.372  29.358 0.0000000000
44303  33.676  -2.702  28.328 0.0000000000
42099  32.028  -4.837  28.971 0.0000000000
41088  32.765  -5.536  28.301 0.0000000000
95227  10.079  -9.533  45.702 0.0000000000
35586  9.930  -10.515  45.752 0.0000000000
34632  10.348  -11.496  44.904 0.0000000000
33689  9.890  -12.415  45.144 0.0000000000
33702  10.386  -12.314  44.209 0.0000000000
32792  10.273  -13.110  42.848 0.0000000000
32793  9.662  -13.626  42.479 0.0000000000
31804  9.384  -14.699  41.313 0.0000000000
31773  7.432  -14.434  43.733 0.0000000000
31784  8.265  -14.505  42.604 0.0000000000
30878  9.163  -15.218  41.605 0.0000000000
30890  9.167  -15.146  40.714 0.0000000000
30903  9.190  -15.004  39.617 0.0000000000
47632  41.506  0.979  28.071 0.0000000000
47633  40.743  0.491  28.239 0.0000000000
46570  40.245  -0.317  28.246 0.0000000000
45448  40.266  -1.150  28.821 0.0000000000
46533  40.764  -0.540  30.511 0.0000000000
45407  40.307  -1.278  29.804 0.0000000000
45435  38.862  -1.597  29.085 0.0000000000
45436  37.994  -1.808  29.602 0.0000000000
45438  36.477  -1.504  30.088 0.0000000000
45378  37.682  -1.236  31.315 0.0000000000
45412  36.059  -1.489  30.593 0.0000000000
44269  35.480  -1.738  30.303 0.0000000000
44270  34.842  -2.095  30.361 0.0000000000
44271  33.445  -2.182  30.663 0.0000000000
44260  32.142  -2.462  31.532 0.0000000000
45353  33.688  -1.530  32.769 0.0000000000
44246  32.998  -1.753  32.688 0.0000000000
44261  31.268  -2.948  31.255 0.0000000000
43154  30.207  -3.185  32.104 0.0000000000
42068  30.340  -4.358  32.598 0.0000000000
42048  30.435  -5.611  32.927 0.0000000000
46398  35.218  -0.857  37.516 0.0000000000
45274  33.639  -1.283  36.712 0.0000000000
44192  32.170  -2.393  36.072 0.0000000000
44161  32.011  -2.887  37.467 0.0000000000
44173  31.738  -2.711  36.828 0.0000000000
44193  31.545  -2.947  35.658 0.0000000000
43123  30.932  -3.524  35.061 0.0000000000
40939  30.102  -4.965  34.453 0.0000000000
40967  30.249  -5.791  33.422 0.0000000000
39922  30.750  -6.602  34.359 0.0000000000
39905  31.742  -7.072  34.621 0.0000000000
38717  30.125  -7.808  36.037 0.0000000000
37649  32.032  -8.533  35.218 0.0000000000
40807  33.371  -4.926  41.145 0.0000000000
38601  33.124  -6.952  41.888 0.0000000000
41921  29.927  -4.482  40.210 0.0000000000
39795  29.628  -6.712  40.943 0.0000000000
40811  29.641  -6.030  41.587 0.0000000000
39793  30.824  -6.233  41.656 0.0000000000
39767  31.333  -6.591  42.082 0.0000000000
37491  31.762  -8.404  42.182 0.0000000000
38604  31.077  -8.023  41.450 0.0000000000
37530  30.313  -8.944  40.695 0.0000000000
36600  31.386  -9.782  39.620 0.0000000000
36637  31.078  -9.473  37.515 0.0000000000
34789  29.939  -10.420  37.470 0.0000000000
35739  30.406  -9.988  36.873 0.0000000000
36653  31.372  -9.520  36.545 0.0000000000
37675  30.281  -8.217  34.713 0.0000000000
38829  27.467  -7.099  31.948 0.0000000000
38848  27.622  -6.350  30.549 0.0000000000
36659  25.128  -7.241  34.707 0.0000000000
95345  24.949  -8.088  33.873 0.0000000000
37702  24.236  -7.208  33.378 0.0000000000
36720  23.222  -8.056  33.455 0.0000000000
37703  23.387  -7.259  32.734 0.0000000000
38584  21.529  -7.410  42.133 0.0000000000
37494  21.124  -7.397  41.423 0.0000000000
36568  20.996  -7.473  40.146 0.0000000000
36587  19.000  -8.512  39.826 0.0000000000
36586  19.998  -8.429  39.824 0.0000000000
36604  21.129  -8.371  38.736 0.0000000000
36662  21.074  -9.288  36.518 0.0000000000
35746  21.539  -10.291  36.403 0.0000000000
34712  20.736  -11.770  40.022 0.0000000000
34735  21.009  -11.693  39.030 0.0000000000
34761  21.484  -11.745  38.343 0.0000000000
34760  22.549  -12.224  38.539 0.0000000000
35703  21.050  -11.669  37.626 0.0000000000
35744  22.393  -12.076  36.556 0.0000000000
48663  39.993  1.726  25.603 0.0000000000
48680  40.009  1.791  24.152 0.0000000000
48694  40.816  2.174  22.915 0.0000000000
44314  35.111  -3.208  27.130 0.0000000000
38559  23.412  -7.200  44.128 0.0000000000
39743  23.523  -6.461  43.666 0.0000000000
34740  15.748  -11.083  39.145 0.0000000000
35706  15.102  -10.445  39.102 0.0000000000
31850  10.146  -14.161  38.899 0.0000000000
35681  16.374  -10.832  40.245 0.0000000000
46396  36.938  -0.474  37.419 0.0000000000
40854  31.895  -5.041  40.453 0.0000000000
39819  30.981  -6.179  40.684 0.0000000000
39842  30.047  -6.533  40.006 0.0000000000
38697  27.342  -6.523  37.110 0.0000000000
37604  27.467  -7.207  36.501 0.0000000000
34690  18.547  -10.915  40.752 0.0000000000
48628  41.802  2.326  27.364 0.0000000000
48643  41.648  2.761  26.619 0.0000000000
34644  11.130  -11.168  43.313 0.0000000000
34657  11.209  -11.606  43.205 0.0000000000
33718  11.323  -11.949  42.484 0.0000000000
38498  13.665  -7.481  46.542 0.0000000000
37449  14.463  -7.968  45.786 0.0000000000
37450  13.945  -7.471  45.466 0.0000000000
42976  26.571  -4.248  45.291 0.0000000000
42996  27.303  -4.033  44.714 0.0000000000
41815  26.771  -4.543  45.017 0.0000000000
39798  24.689  -5.405  40.596 0.0000000000
40874  25.336  -5.074  39.692 0.0000000000
37584  21.590  -7.846  38.404 0.0000000000
45459  39.397  -1.174  27.750 0.0000000000
32914  12.449  -13.420  36.119 0.0000000000
36482  20.404  -9.464  46.439 0.0000000000
36491  20.729  -8.990  45.850 0.0000000000
36481  21.114  -9.479  46.153 0.0000000000
37421  22.521  -9.066  47.115 0.0000000000
34627  21.613  -10.125  45.984 0.0000000000
35596  20.839  -9.703  45.254 0.0000000000
35581  20.878  -10.344  45.689 0.0000000000
35598  17.451  -10.675  44.627 0.0000000000
34642  16.790  -11.328  43.872 0.0000000000
31803  16.979  -12.629  41.643 0.0000000000
31802  17.853  -13.137  41.083 0.0000000000
31826  17.746  -13.576  41.050 0.0000000000
32895  19.323  -13.431  37.798 0.0000000000
31763  8.327  -14.382  45.115 0.0000000000
31771  9.123  -14.269  44.200 0.0000000000
31805  7.919  -14.446  41.578 0.0000000000
46531  42.914  0.345  30.092 0.0000000000
45404  43.309  0.151  30.599 0.0000000000
45346  40.317  -0.902  31.348 0.0000000000
45350  36.341  -0.979  32.238 0.0000000000
45322  35.161  -1.260  33.120 0.0000000000
45306  32.626  -1.858  34.767 0.0000000000
44149  33.661  -2.095  38.438 0.0000000000
40904  29.669  -4.725  37.060 0.0000000000
40919  29.655  -4.774  35.837 0.0000000000
40906  28.612  -5.956  35.668 0.0000000000
37601  31.997  -9.338  37.164 0.0000000000
37625  32.256  -8.919  36.568 0.0000000000
41899  31.502  -4.373  40.707 0.0000000000
40813  28.301  -5.227  40.677 0.0000000000
36584  29.488  -9.180  40.114 0.0000000000
36567  30.088  -9.457  41.456 0.0000000000
35655  30.612  -10.246  40.301 0.0000000000
35656  29.846  -10.238  40.191 0.0000000000
36717  28.389  -8.732  34.764 0.0000000000
36700  28.974  -9.344  35.055 0.0000000000
37698  28.691  -7.833  34.623 0.0000000000
38830  26.022  -6.822  31.658 0.0000000000
38831  25.126  -7.092  31.171 0.0000000000
37607  23.915  -6.732  35.769 0.0000000000
37496  19.147  -7.976  42.253 0.0000000000
38612  19.468  -7.511  42.112 0.0000000000
34763  19.680  -10.820  38.328 0.0000000000
35705  19.546  -10.125  38.605 0.0000000000
34795  20.063  -10.463  38.109 0.0000000000
35728  20.371  -10.101  37.907 0.0000000000
34794  20.259  -10.809  37.891 0.0000000000
34709  23.452  -11.834  40.541 0.0000000000
34710  22.628  -11.715  40.010 0.0000000000
47724  38.556  0.396  23.577 0.0000000000
36528  10.459  -9.899  43.995 0.0000000000
35616  10.525  -10.168  43.559 0.0000000000
95223  11.727  -7.451  43.407 0.0000000000
95224  12.241  -7.405  43.719 0.0000000000
38513  23.889  -7.129  45.281 0.0000000000
39721  24.495  -6.644  44.727 0.0000000000
39720  25.131  -6.278  45.067 0.0000000000
40769  25.281  -5.602  44.446 0.0000000000
40817  23.775  -5.704  43.085 0.0000000000
39772  23.844  -5.546  42.097 0.0000000000
40838  24.345  -5.420  41.930 0.0000000000
39800  22.921  -6.315  41.442 0.0000000000
38609  22.340  -6.874  41.537 0.0000000000
39801  22.529  -6.507  41.295 0.0000000000
38636  22.106  -7.131  40.577 0.0000000000
31844  22.540  -14.690  39.339 0.0000000000
44287  38.212  -2.282  28.941 0.0000000000
44300  37.641  -2.429  28.249 0.0000000000
44325  36.317  -2.814  26.185 0.0000000000
34796  17.320  -11.659  37.793 0.0000000000
33801  11.405  -12.517  39.083 0.0000000000
32896  11.092  -13.558  37.177 0.0000000000
31890  10.714  -14.105  37.030 0.0000000000
30915  9.841  -14.676  38.234 0.0000000000
38493  18.219  -7.455  46.132 0.0000000000
36485  18.974  -9.225  47.201 0.0000000000
33674  17.650  -12.202  46.274 0.0000000000
35643  16.231  -11.056  41.401 0.0000000000
34715  16.530  -11.581  40.489 0.0000000000
34693  16.533  -11.519  41.244 0.0000000000
46457  35.366  -0.622  33.797 0.0000000000
46438  36.223  -0.463  35.054 0.0000000000
43081  33.147  -3.232  39.705 0.0000000000
43082  32.294  -3.159  39.405 0.0000000000
40882  30.584  -4.938  39.092 0.0000000000
40894  29.824  -4.523  38.306 0.0000000000
40884  29.524  -5.973  38.454 0.0000000000
40896  29.500  -5.974  38.207 0.0000000000
37603  30.220  -8.652  37.991 0.0000000000
39843  27.620  -5.747  39.265 0.0000000000
38656  28.336  -6.725  39.100 0.0000000000
36622  28.297  -8.134  37.726 0.0000000000
37559  28.480  -7.742  39.006 0.0000000000
36621  28.490  -8.336  38.387 0.0000000000
36603  28.501  -8.750  39.112 0.0000000000
35679  28.537  -9.046  38.619 0.0000000000
35697  28.934  -9.441  38.367 0.0000000000
35698  28.459  -8.788  37.954 0.0000000000
36682  27.548  -8.569  35.632 0.0000000000
36681  27.887  -9.317  35.647 0.0000000000
95342  25.992  -8.149  35.019 0.0000000000
37700  25.897  -8.168  33.909 0.0000000000
36684  22.147  -9.003  35.147 0.0000000000
35779  22.291  -10.665  34.023 0.0000000000
34737  19.268  -10.780  39.114 0.0000000000
35683  14.451  -9.929  39.460 0.0000000000
34717  11.097  -11.787  41.075 0.0000000000
32816  10.042  -13.138  41.868 0.0000000000
37406  13.695  -8.043  47.031 0.0000000000
37405  14.230  -8.090  47.296 0.0000000000
36512  14.534  -8.773  45.034 0.0000000000
44124  34.401  -2.529  39.897 0.0000000000
43047  33.734  -3.542  40.303 0.0000000000
44108  34.081  -3.284  40.182 0.0000000000
40771  23.645  -4.937  45.089 0.0000000000
41863  27.900  -4.276  42.811 0.0000000000
41866  25.409  -4.736  43.570 0.0000000000
41884  26.104  -4.448  42.507 0.0000000000
41903  27.447  -4.832  41.082 0.0000000000
41925  27.073  -4.477  40.754 0.0000000000
40872  26.737  -4.730  39.539 0.0000000000
38698  26.327  -6.101  36.382 0.0000000000
39883  24.343  -6.176  37.417 0.0000000000
37606  24.085  -6.242  35.922 0.0000000000
38635  23.306  -6.318  39.804 0.0000000000
38658  23.130  -6.669  39.333 0.0000000000
33752  24.250  -12.794  40.963 0.0000000000
34685  23.974  -12.309  41.280 0.0000000000
46597  39.014  -0.533  26.653 0.0000000000
47684  38.391  0.397  25.619 0.0000000000
45475  37.622  -1.728  26.296 0.0000000000
33883  18.532  -12.784  35.456 0.0000000000
33820  11.767  -12.199  37.920 0.0000000000
34823  12.968  -11.918  36.131 0.0000000000
33886  13.101  -12.492  35.305 0.0000000000
37448  18.881  -7.753  45.429 0.0000000000
38518  19.481  -7.244  45.286 0.0000000000
38517  20.320  -7.346  45.357 0.0000000000
38516  21.291  -7.457  45.447 0.0000000000
37464  21.017  -8.681  44.204 0.0000000000
36522  20.345  -9.399  44.796 0.0000000000
36509  19.541  -9.816  45.358 0.0000000000
36541  17.509  -10.028  42.914 0.0000000000
33688  16.845  -12.269  45.060 0.0000000000
33700  17.002  -12.960  44.451 0.0000000000
33761  16.322  -11.977  42.623 0.0000000000
33736  15.860  -12.353  43.088 0.0000000000
32777  16.952  -13.390  43.010 0.0000000000
33715  17.454  -12.392  43.255 0.0000000000
31780  17.998  -12.987  41.138 0.0000000000
32789  17.998  -12.467  41.324 0.0000000000
32834  18.935  -14.077  41.348 0.0000000000
32857  17.751  -13.665  39.893 0.0000000000
32855  19.554  -13.671  39.355 0.0000000000
31846  20.301  -13.907  39.541 0.0000000000
44305  32.164  -3.551  28.414 0.0000000000
43188  32.597  -3.897  28.100 0.0000000000
42088  31.184  -5.401  30.095 0.0000000000
42100  31.360  -5.220  29.403 0.0000000000
41042  31.428  -5.644  29.807 0.0000000000
41063  32.247  -5.716  29.224 0.0000000000
41062  33.503  -5.796  29.130 0.0000000000
40938  33.486  -6.359  34.105 0.0000000000
35570  9.723  -10.132  46.403 0.0000000000
34633  9.455  -11.416  45.612 0.0000000000
32750  10.016  -13.174  45.128 0.0000000000
32766  10.319  -13.008  44.673 0.0000000000
32778  10.328  -13.049  43.837 0.0000000000
32817  9.508  -13.842  41.602 0.0000000000
31774  6.643  -14.157  43.599 0.0000000000
30879  8.741  -15.153  41.195 0.0000000000
30904  8.858  -15.095  38.873 0.0000000000
48618  42.677  1.901  28.526 0.0000000000
46554  41.430  -0.137  29.598 0.0000000000
46569  41.080  0.052  28.686 0.0000000000
46532  42.098  -0.501  30.581 0.0000000000
45434  39.912  -1.483  29.205 0.0000000000
45437  37.068  -1.612  29.824 0.0000000000
45348  38.384  -0.544  32.038 0.0000000000
45349  37.266  -0.551  32.031 0.0000000000
45380  35.815  -1.455  31.568 0.0000000000
45382  33.993  -1.500  31.738 0.0000000000
44247  32.321  -2.268  32.900 0.0000000000
44249  30.377  -2.662  32.006 0.0000000000
44232  30.490  -2.605  32.580 0.0000000000
43144  30.240  -3.336  32.839 0.0000000000
42049  30.417  -4.605  33.384 0.0000000000
45275  32.563  -1.616  36.551 0.0000000000
43095  32.221  -3.054  38.368 0.0000000000
43106  32.198  -3.038  37.725 0.0000000000
39944  30.017  -6.258  33.761 0.0000000000
39906  30.302  -6.916  35.237 0.0000000000
38734  32.410  -7.668  35.039 0.0000000000
39894  29.300  -6.687  36.084 0.0000000000
37627  30.194  -8.050  36.053 0.0000000000
40790  32.271  -4.491  41.385 0.0000000000
40808  32.498  -5.457  41.148 0.0000000000
39791  32.207  -6.075  41.302 0.0000000000
39765  32.807  -6.534  42.097 0.0000000000
40834  28.526  -4.760  40.248 0.0000000000
41923  28.517  -4.206  40.267 0.0000000000
40855  29.320  -4.808  40.244 0.0000000000
40832  29.844  -5.574  40.468 0.0000000000
38606  29.181  -6.712  40.366 0.0000000000
39822  29.554  -6.741  40.493 0.0000000000
39769  29.692  -6.685  41.494 0.0000000000
39768  30.210  -6.670  42.138 0.0000000000
39794  30.262  -6.043  41.470 0.0000000000
38580  30.743  -7.679  42.436 0.0000000000
36553  30.948  -9.289  42.403 0.0000000000
36552  31.289  -8.928  42.241 0.0000000000
36565  31.339  -9.153  42.128 0.0000000000
37510  31.582  -8.581  41.805 0.0000000000
37511  30.831  -8.693  41.386 0.0000000000
35675  31.376  -10.246  39.775 0.0000000000
36581  31.217  -9.940  40.230 0.0000000000
36620  31.804  -9.726  38.734 0.0000000000
34790  29.536  -9.999  37.541 0.0000000000
33840  29.703  -10.237  37.839 0.0000000000
34813  29.614  -10.095  37.107 0.0000000000
36679  29.777  -9.457  35.998 0.0000000000
36655  30.120  -9.824  36.487 0.0000000000
36654  30.564  -9.626  36.462 0.0000000000
35738  30.777  -9.657  36.951 0.0000000000
36678  30.809  -9.383  35.791 0.0000000000
38773  29.524  -7.225  34.014 0.0000000000
38808  27.172  -7.121  32.500 0.0000000000
38849  26.367  -6.319  30.633 0.0000000000
37761  27.263  -6.411  31.126 0.0000000000
39991  26.622  -6.209  29.525 0.0000000000
95348  24.888  -7.560  34.285 0.0000000000
36719  24.427  -7.715  33.855 0.0000000000
36703  23.716  -7.770  33.665 0.0000000000
37729  23.200  -7.452  31.998 0.0000000000
37495  20.857  -7.354  41.802 0.0000000000
37514  21.108  -7.429  40.705 0.0000000000
36569  20.420  -7.597  40.295 0.0000000000
37562  19.459  -8.699  38.569 0.0000000000
36606  19.287  -8.534  39.077 0.0000000000
36605  20.170  -8.493  38.886 0.0000000000
36624  20.386  -8.518  38.101 0.0000000000
33776  20.720  -12.364  40.384 0.0000000000
35661  21.253  -11.946  40.165 0.0000000000
32873  23.444  -13.258  38.671 0.0000000000
33817  23.265  -12.842  38.416 0.0000000000
35702  21.807  -11.621  37.737 0.0000000000
34793  22.407  -12.795  36.748 0.0000000000
35725  22.386  -12.091  37.009 0.0000000000
35745  22.311  -11.137  36.243 0.0000000000
51476  44.844  4.487  24.141 0.0000000000
48645  40.051  1.567  26.390 0.0000000000
48695  40.147  1.580  23.486 0.0000000000
95228  11.224  -8.195  44.154 0.0000000000
38537  23.609  -7.313  44.710 0.0000000000
39742  24.240  -6.415  44.145 0.0000000000
38582  22.807  -6.403  42.431 0.0000000000
32859  11.290  -12.949  39.423 0.0000000000
32878  10.392  -13.789  38.455 0.0000000000
31871  9.729  -14.390  38.561 0.0000000000
38494  16.914  -7.595  46.491 0.0000000000
42080  30.945  -5.581  31.408 0.0000000000
32796  4.197  -13.552  42.201 0.0000000000
46423  37.127  0.245  35.833 0.0000000000
46424  36.430  -0.203  36.088 0.0000000000
46413  35.271  -0.530  36.926 0.0000000000
41941  32.203  -3.935  39.717 0.0000000000
41920  31.616  -4.782  39.942 0.0000000000
40870  31.057  -5.261  39.847 0.0000000000
40871  30.335  -5.607  39.589 0.0000000000
38676  28.473  -6.621  38.376 0.0000000000
35723  28.109  -8.770  37.541 0.0000000000
36638  27.802  -8.261  37.300 0.0000000000
37652  26.751  -8.030  35.119 0.0000000000
95338  25.889  -7.870  35.059 0.0000000000
35641  18.256  -10.613  41.245 0.0000000000
95780  42.694  3.006  25.997 0.0000000000
49528  41.517  2.829  26.402 0.0000000000
37539  13.781  -8.821  40.923 0.0000000000
36591  13.221  -9.297  40.659 0.0000000000
34695  11.239  -11.791  41.747 0.0000000000
33737  11.024  -12.206  42.082 0.0000000000
33738  10.432  -12.536  42.284 0.0000000000
37431  13.827  -8.063  46.754 0.0000000000
41818  24.867  -4.787  45.276 0.0000000000
42978  24.953  -4.143  44.603 0.0000000000
43019  26.615  -2.973  43.793 0.0000000000
40836  25.875  -4.453  41.267 0.0000000000
40873  25.823  -4.728  39.583 0.0000000000
38678  24.101  -6.262  38.313 0.0000000000
39848  22.566  -6.481  40.070 0.0000000000
32809  22.551  -13.326  41.108 0.0000000000
44324  37.024  -2.367  25.986 0.0000000000
33864  16.922  -12.216  35.176 0.0000000000
33866  11.686  -12.491  36.472 0.0000000000
34824  12.316  -12.162  36.376 0.0000000000
37425  19.673  -8.685  46.081 0.0000000000
37424  20.611  -8.751  45.703 0.0000000000
37423  21.389  -8.883  45.598 0.0000000000
36507  22.484  -8.885  45.840 0.0000000000
35584  17.602  -10.845  45.568 0.0000000000
35612  17.034  -10.504  43.622 0.0000000000
35613  16.591  -11.074  43.497 0.0000000000
34670  17.070  -11.519  43.048 0.0000000000
34669  17.362  -11.753  42.693 0.0000000000
32875  19.900  -13.454  38.528 0.0000000000
43179  32.074  -4.057  28.773 0.0000000000
41064  31.662  -5.692  29.622 0.0000000000
32794  5.992  -13.534  42.571 0.0000000000
31786  6.532  -14.017  42.632 0.0000000000
46553  42.359  0.348  29.424 0.0000000000
45381  34.957  -1.459  31.701 0.0000000000
45325  32.744  -1.716  33.842 0.0000000000
40940  29.405  -5.690  34.478 0.0000000000
39924  28.882  -6.103  34.717 0.0000000000
39907  28.997  -6.413  35.058 0.0000000000
38695  30.484  -8.482  36.606 0.0000000000
36697  31.670  -8.643  35.108 0.0000000000
41898  31.814  -4.332  41.266 0.0000000000
40809  31.954  -5.257  41.433 0.0000000000
43052  27.495  -3.500  40.977 0.0000000000
41881  28.331  -4.738  40.705 0.0000000000
37532  28.605  -8.075  40.027 0.0000000000
38631  29.771  -7.178  40.727 0.0000000000
37493  30.412  -8.671  42.455 0.0000000000
36582  30.387  -9.720  40.503 0.0000000000
35695  30.976  -10.483  38.866 0.0000000000
35762  29.100  -9.472  36.361 0.0000000000
36715  29.719  -8.371  34.864 0.0000000000
38806  29.417  -7.235  32.866 0.0000000000
38828  28.152  -6.909  31.671 0.0000000000
37746  26.679  -7.116  31.842 0.0000000000
38563  20.172  -7.390  43.148 0.0000000000
38611  19.785  -7.243  41.993 0.0000000000
36570  19.479  -7.867  40.530 0.0000000000
35680  19.250  -9.848  39.119 0.0000000000
36626  19.380  -9.465  38.490 0.0000000000
37586  19.535  -8.964  38.071 0.0000000000
37585  19.958  -8.782  37.958 0.0000000000
36641  20.003  -9.427  37.872 0.0000000000
35659  22.224  -11.911  40.132 0.0000000000
35660  21.558  -11.836  40.101 0.0000000000
47683  39.266  1.041  25.049 0.0000000000
43198  34.110  -4.110  27.634 0.0000000000
35601  10.732  -10.934  43.556 0.0000000000
95233  12.941  -7.262  43.298 0.0000000000
40754  22.646  -5.827  45.285 0.0000000000
40753  23.893  -5.559  45.378 0.0000000000
40752  24.997  -5.617  45.406 0.0000000000
40750  26.046  -5.264  44.788 0.0000000000
41867  24.772  -4.979  43.351 0.0000000000
40792  24.360  -5.717  43.590 0.0000000000
41886  24.481  -5.082  42.897 0.0000000000
40815  24.694  -5.268  42.282 0.0000000000
39825  24.229  -5.937  40.230 0.0000000000
37534  21.525  -7.455  40.051 0.0000000000
32854  21.004  -13.781  39.634 0.0000000000
31820  23.913  -14.254  39.603 0.0000000000
34841  16.427  -11.627  34.299 0.0000000000
32915  11.450  -13.417  36.328 0.0000000000
31891  10.239  -14.383  37.197 0.0000000000
37426  18.758  -8.381  46.082 0.0000000000
37400  19.239  -8.930  46.746 0.0000000000
36483  19.408  -9.426  46.591 0.0000000000
35560  19.580  -10.009  46.493 0.0000000000
35565  20.264  -10.382  46.190 0.0000000000
32836  17.294  -12.345  40.658 0.0000000000
42087  31.274  -5.531  30.750 0.0000000000
41019  33.074  -5.629  31.474 0.0000000000
31831  6.285  -13.675  41.027 0.0000000000
32842  4.775  -14.027  40.474 0.0000000000
46480  35.477  -0.941  33.082 0.0000000000
46458  34.700  -1.121  34.209 0.0000000000
44139  33.422  -2.454  39.378 0.0000000000
43096  31.526  -3.447  38.910 0.0000000000
43065  30.645  -3.255  40.459 0.0000000000
39797  28.471  -6.205  40.038 0.0000000000
39771  28.709  -6.098  40.689 0.0000000000
37533  28.487  -7.337  39.501 0.0000000000
36602  28.602  -9.099  39.786 0.0000000000
35677  29.640  -10.196  39.442 0.0000000000
35696  29.378  -9.799  38.971 0.0000000000
35721  28.953  -9.467  37.635 0.0000000000
35743  27.831  -8.898  37.327 0.0000000000
35742  28.098  -9.339  37.161 0.0000000000
36656  28.500  -9.413  36.196 0.0000000000
36701  27.880  -9.262  34.971 0.0000000000
38777  25.204  -7.055  32.977 0.0000000000
33795  23.937  -13.003  39.486 0.0000000000
32852  23.587  -13.359  39.142 0.0000000000
33843  23.462  -14.315  37.652 0.0000000000
34741  12.520  -10.289  39.174 0.0000000000
33781  11.972  -12.185  40.158 0.0000000000
32837  11.736  -12.515  40.209 0.0000000000
32838  11.299  -12.698  40.222 0.0000000000
37404  15.026  -8.015  47.345 0.0000000000
36608  15.442  -9.895  40.252 0.0000000000
45253  35.752  -1.232  38.582 0.0000000000
45237  34.917  -1.525  38.806 0.0000000000
44125  34.278  -3.104  40.131 0.0000000000
43064  33.822  -3.536  39.974 0.0000000000
41918  32.962  -4.358  39.860 0.0000000000
40853  32.355  -5.079  40.473 0.0000000000
39817  32.347  -5.611  40.791 0.0000000000
43034  28.174  -3.730  42.462 0.0000000000
41842  26.392  -4.649  44.445 0.0000000000
40835  27.794  -5.313  40.505 0.0000000000
39880  27.421  -6.180  37.561 0.0000000000
38720  23.185  -7.037  36.132 0.0000000000
33778  19.058  -12.374  40.334 0.0000000000
34689  21.273  -12.297  40.314 0.0000000000
34688  21.986  -12.677  40.507 0.0000000000
35637  22.568  -12.214  40.433 0.0000000000
35636  22.998  -11.749  40.972 0.0000000000
34708  24.188  -12.005  41.053 0.0000000000
33774  24.200  -12.666  40.160 0.0000000000
47644  41.287  1.407  27.486 0.0000000000
32929  19.396  -13.480  35.500 0.0000000000
34859  14.542  -11.736  34.063 0.0000000000
34860  13.632  -11.659  34.139 0.0000000000
33902  14.897  -12.637  34.027 0.0000000000
40755  21.572  -5.809  45.259 0.0000000000
37462  23.080  -8.126  44.815 0.0000000000
37474  22.146  -7.954  43.622 0.0000000000
37476  20.537  -7.985  43.674 0.0000000000
37477  19.463  -8.024  43.418 0.0000000000
36539  18.730  -8.759  43.874 0.0000000000
36573  17.874  -10.350  41.562 0.0000000000
34617  16.628  -11.488  46.504 0.0000000000
34630  17.121  -12.265  46.202 0.0000000000
33699  17.219  -12.563  44.559 0.0000000000
33717  16.217  -12.623  43.522 0.0000000000
33716  16.653  -13.180  43.667 0.0000000000
31849  17.641  -13.990  40.669 0.0000000000
31868  20.680  -14.156  38.492 0.0000000000
31867  21.699  -14.996  38.279 0.0000000000
43187  33.484  -3.718  28.009 0.0000000000
44293  31.196  -3.705  29.535 0.0000000000
43180  31.442  -4.216  29.184 0.0000000000
41089  32.219  -5.287  28.569 0.0000000000
40937  33.788  -6.027  34.083 0.0000000000
36499  9.898  -9.834  46.259 0.0000000000
32840  9.466  -14.010  40.912 0.0000000000
30865  8.834  -15.197  42.032 0.0000000000
31828  9.490  -14.365  40.285 0.0000000000
48619  41.937  1.956  28.388 0.0000000000
45449  39.679  -1.204  28.449 0.0000000000
45433  40.329  -1.254  29.253 0.0000000000
44286  38.490  -1.983  28.813 0.0000000000
45411  36.978  -1.482  30.609 0.0000000000
43164  30.464  -3.373  31.574 0.0000000000
43153  30.375  -4.068  31.949 0.0000000000
45273  34.586  -1.011  37.156 0.0000000000
45292  32.547  -1.963  35.596 0.0000000000
44160  32.528  -2.305  37.644 0.0000000000
44172  32.216  -2.227  36.773 0.0000000000
42030  30.434  -4.096  34.491 0.0000000000
39921  32.037  -6.853  34.459 0.0000000000
38736  30.494  -7.687  35.498 0.0000000000
38716  30.415  -8.387  36.133 0.0000000000
37651  30.379  -7.946  35.708 0.0000000000
40828  33.460  -4.649  40.905 0.0000000000
40829  33.217  -5.104  40.839 0.0000000000
39792  31.704  -6.938  40.971 0.0000000000
43066  29.819  -3.497  40.352 0.0000000000
41900  30.770  -4.730  40.312 0.0000000000
39770  28.945  -6.181  40.998 0.0000000000
40831  30.788  -5.756  41.165 0.0000000000
40810  31.384  -5.891  41.427 0.0000000000
39741  32.006  -6.934  42.429 0.0000000000
37492  31.158  -8.518  42.395 0.0000000000
38579  31.773  -7.595  42.450 0.0000000000
38558  32.478  -7.187  42.742 0.0000000000
38578  32.641  -7.502  42.377 0.0000000000
38602  32.316  -7.270  41.532 0.0000000000
38628  31.670  -6.989  41.164 0.0000000000
38630  30.473  -7.814  40.752 0.0000000000
37557  30.037  -9.223  39.684 0.0000000000
36601  30.968  -9.565  40.063 0.0000000000
37556  30.865  -9.474  39.449 0.0000000000
37580  31.220  -9.539  38.853 0.0000000000
33793  29.887  -10.397  38.679 0.0000000000
33792  30.140  -10.474  38.556 0.0000000000
34788  30.445  -10.437  37.873 0.0000000000
35740  29.731  -9.904  36.678 0.0000000000
35719  30.242  -10.324  37.201 0.0000000000
35718  30.892  -10.071  37.511 0.0000000000
36698  31.137  -9.005  35.235 0.0000000000
37744  27.783  -6.516  31.276 0.0000000000
37745  27.317  -6.841  31.620 0.0000000000
95344  25.485  -8.005  34.326 0.0000000000
36718  25.210  -7.969  33.805 0.0000000000
38778  24.271  -7.157  32.599 0.0000000000
37513  21.202  -7.458  40.281 0.0000000000
36585  20.868  -7.916  39.595 0.0000000000
34818  22.187  -11.516  35.622 0.0000000000
46649  38.804  -0.184  23.283 0.0000000000
33675  17.425  -12.307  46.161 0.0000000000
33794  29.731  -10.265  38.730 0.0000000000
33812  30.196  -10.475  38.179 0.0000000000
33813  29.921  -10.420  38.282 0.0000000000
33814  29.713  -10.247  38.416 0.0000000000
33838  30.129  -10.458  37.846 0.0000000000
33839  29.888  -10.397  37.880 0.0000000000
34598  22.997  -10.597  46.551 0.0000000000
34599  22.252  -9.833  46.082 0.0000000000
34600  21.519  -10.055  46.151 0.0000000000
34601  21.029  -10.131  46.436 0.0000000000
34602  20.561  -10.027  46.483 0.0000000000
34610  23.116  -10.156  46.405 0.0000000000
34611  22.285  -10.226  46.243 0.0000000000
34612  21.439  -10.270  46.066 0.0000000000
34614  20.620  -10.229  46.348 0.0000000000
34625  23.109  -9.701  46.328 0.0000000000
34626  22.944  -9.837  46.019 0.0000000000
34628  21.151  -10.473  45.986 0.0000000000
34654  17.003  -11.502  43.526 0.0000000000
34730  30.074  -10.475  38.996 0.0000000000
34731  29.648  -10.187  39.193 0.0000000000
34732  29.588  -10.092  38.621 0.0000000000
34754  31.042  -10.468  38.626 0.0000000000
34755  30.592  -10.483  38.616 0.0000000000
34757  29.456  -9.873  38.183 0.0000000000
34787  30.957  -10.457  38.270 0.0000000000
34814  29.467  -9.860  37.174 0.0000000000
35555  22.799  -10.554  47.011 0.0000000000
35556  22.009  -9.929  46.231 0.0000000000
35557  21.460  -9.813  46.128 0.0000000000
35558  20.824  -9.863  46.485 0.0000000000
35559  20.233  -9.987  46.498 0.0000000000
35563  23.288  -10.228  47.016 0.0000000000
35564  20.828  -10.510  45.991 0.0000000000
35578  23.284  -9.696  46.683 0.0000000000
35579  23.136  -8.966  46.284 0.0000000000
35580  21.684  -9.790  45.811 0.0000000000
35595  21.437  -9.802  45.075 0.0000000000
35627  16.763  -11.282  43.151 0.0000000000
35639  21.477  -12.058  40.194 0.0000000000
35704  19.993  -9.961  38.363 0.0000000000
35720  29.877  -10.360  37.001 0.0000000000
36470  18.816  -9.502  46.393 0.0000000000
36471  19.061  -9.607  47.113 0.0000000000
36472  19.063  -9.719  47.428 0.0000000000
36479  22.740  -10.040  47.211 0.0000000000
36480  21.854  -9.603  46.295 0.0000000000
36484  18.902  -9.539  46.645 0.0000000000
36489  23.146  -9.509  47.228 0.0000000000
36490  22.927  -8.745  46.867 0.0000000000
36493  19.620  -8.964  46.519 0.0000000000
36506  23.258  -9.106  46.688 0.0000000000
37378  19.015  -8.983  46.877 0.0000000000
37379  19.021  -9.179  47.465 0.0000000000
37380  18.744  -9.176  47.903 0.0000000000
37397  22.522  -9.541  47.165 0.0000000000
37398  21.900  -9.073  46.213 0.0000000000
37402  18.991  -9.006  47.383 0.0000000000
37422  21.875  -8.985  45.680 0.0000000000
37490  32.298  -8.121  41.908 0.0000000000
37509  32.144  -8.057  41.660 0.0000000000
37535  21.401  -7.448  40.430 0.0000000000
37563  19.047  -8.732  38.719 0.0000000000
37587  19.134  -8.944  38.493 0.0000000000
37609  19.823  -9.057  37.707 0.0000000000
37610  19.741  -9.205  37.894 0.0000000000
37650  30.549  -7.878  35.506 0.0000000000
37726  27.098  -7.233  31.994 0.0000000000
37760  27.767  -6.381  30.963 0.0000000000
38464  18.832  -8.924  47.014 0.0000000000
38465  19.084  -8.947  47.359 0.0000000000
38466  19.186  -9.033  47.610 0.0000000000
38475  18.830  -8.904  46.677 0.0000000000
38476  19.038  -9.006  47.136 0.0000000000
38477  18.995  -8.774  47.652 0.0000000000
38556  33.215  -6.904  42.926 0.0000000000
38557  32.984  -7.086  43.108 0.0000000000
38577  33.261  -6.988  42.601 0.0000000000
38603  31.751  -7.787  41.459 0.0000000000
38607  28.826  -6.644  40.285 0.0000000000
38629  31.171  -7.379  40.929 0.0000000000
39739  33.080  -6.713  42.770 0.0000000000
39740  32.654  -6.826  42.593 0.0000000000
39774  22.777  -6.293  42.810 0.0000000000
39821  29.713  -6.835  40.690 0.0000000000
39862  29.518  -6.210  38.380 0.0000000000
39945  29.579  -6.013  33.971 0.0000000000
40768  25.931  -5.129  44.555 0.0000000000
40856  28.820  -4.609  40.187 0.0000000000
40857  28.460  -4.525  40.272 0.0000000000
40921  28.649  -5.888  34.977 0.0000000000
40941  28.992  -5.853  34.645 0.0000000000
41879  33.440  -4.130  41.054 0.0000000000
41895  33.563  -3.766  40.658 0.0000000000
41901  28.379  -4.869  40.393 0.0000000000
41922  29.152  -4.173  40.082 0.0000000000
42014  29.031  -5.620  34.843 0.0000000000
42015  28.837  -5.774  34.828 0.0000000000
42031  29.179  -5.696  34.661 0.0000000000
42032  29.026  -5.625  34.844 0.0000000000
42975  26.926  -4.378  45.087 0.0000000000
43046  33.641  -3.432  40.641 0.0000000000
43050  30.498  -3.944  40.414 0.0000000000
43063  34.258  -3.111  39.877 0.0000000000
43068  28.210  -3.899  40.550 0.0000000000
43145  30.288  -2.875  32.398 0.0000000000
43167  31.154  -5.061  30.456 0.0000000000
43189  32.199  -4.027  28.278 0.0000000000
44262  30.335  -3.001  31.725 0.0000000000
95340  25.471  -8.240  33.939 0.0000000000
95341  25.290  -8.053  33.902 0.0000000000
95343  25.575  -8.178  34.172 0.0000000000
95346  25.987  -8.222  34.363 0.0000000000
95347  25.154  -8.275  33.942 0.0000000000
95349  25.226  -8.017  34.176 0.0000000000
95787  43.972  4.657  24.207 0.0000000000
