#!ascii label  , from subject output2 vox2ras=TkReg
578
95218  10.745  -7.916  44.521 0.0000000000
46380  32.212  -0.590  38.337 0.0000000000
46395  37.674  -0.393  37.199 0.0000000000
46319  26.935  -0.760  41.759 0.0000000000
42947  14.148  -5.893  46.435 0.0000000000
37450  13.945  -7.471  45.466 0.0000000000
49355  35.651  1.511  38.057 0.0000000000
46312  33.427  -0.922  41.012 0.0000000000
46258  23.452  -0.782  44.340 0.0000000000
39688  18.395  -6.602  45.241 0.0000000000
45404  43.309  0.151  30.599 0.0000000000
48527  40.231  1.774  34.309 0.0000000000
47426  25.870  0.308  41.273 0.0000000000
48399  30.444  0.342  41.376 0.0000000000
39696  12.162  -5.933  45.619 0.0000000000
37479  12.775  -7.243  44.362 0.0000000000
47480  34.466  0.680  38.389 0.0000000000
48416  34.276  0.414  40.208 0.0000000000
48434  33.426  0.746  39.560 0.0000000000
41819  24.062  -4.766  45.242 0.0000000000
39676  15.116  -6.984  47.289 0.0000000000
40720  16.779  -5.842  46.297 0.0000000000
38494  16.914  -7.595  46.491 0.0000000000
45319  43.637  0.498  32.075 0.0000000000
45406  42.239  -0.459  31.507 0.0000000000
95686  41.778  -0.424  33.091 0.0000000000
49407  38.425  2.495  36.918 0.0000000000
49448  38.537  2.217  35.004 0.0000000000
47514  39.094  0.799  36.108 0.0000000000
46436  38.177  0.307  34.931 0.0000000000
46438  36.223  -0.463  35.054 0.0000000000
46256  25.109  -0.581  44.087 0.0000000000
47385  23.962  0.340  43.348 0.0000000000
48329  27.219  1.202  43.479 0.0000000000
48402  28.219  1.271  41.994 0.0000000000
47401  29.588  0.504  42.187 0.0000000000
46315  30.849  -0.904  41.379 0.0000000000
45185  28.479  -1.393  40.524 0.0000000000
40742  12.733  -5.913  47.217 0.0000000000
48486  36.728  2.116  36.385 0.0000000000
48450  36.795  0.715  38.368 0.0000000000
46357  36.068  -0.833  39.277 0.0000000000
44124  34.401  -2.529  39.897 0.0000000000
42980  21.055  -3.506  45.478 0.0000000000
44053  22.533  -2.328  44.955 0.0000000000
44051  24.573  -2.363  44.493 0.0000000000
43019  26.615  -2.973  43.793 0.0000000000
43053  27.339  -2.831  41.583 0.0000000000
42962  19.608  -4.417  45.633 0.0000000000
40757  20.014  -5.647  45.465 0.0000000000
47631  42.250  1.032  28.644 0.0000000000
95709  40.843  1.620  33.585 0.0000000000
46453  40.144  -0.370  33.934 0.0000000000
45349  37.266  -0.551  32.031 0.0000000000
47443  31.672  -0.327  40.630 0.0000000000
47420  32.413  -0.368  41.322 0.0000000000
45182  32.230  -1.824  41.490 0.0000000000
95228  11.224  -8.195  44.154 0.0000000000
95230  11.265  -7.656  44.272 0.0000000000
95232  11.751  -7.622  43.910 0.0000000000
47482  32.828  0.162  37.949 0.0000000000
47463  32.781  -0.136  39.217 0.0000000000
38495  15.983  -7.531  46.893 0.0000000000
47512  43.429  0.903  33.644 0.0000000000
45321  42.611  0.132  32.956 0.0000000000
95708  41.945  0.661  33.491 0.0000000000
48468  38.309  0.877  37.638 0.0000000000
48485  38.437  1.482  36.666 0.0000000000
46394  38.232  -0.281  36.853 0.0000000000
46409  38.350  -0.157  36.144 0.0000000000
46279  25.721  -0.737  43.159 0.0000000000
47340  25.965  0.325  43.557 0.0000000000
47383  26.822  -0.278  43.017 0.0000000000
47381  28.723  0.825  43.287 0.0000000000
46296  27.554  0.024  41.979 0.0000000000
46317  28.580  -0.542  41.026 0.0000000000
45186  27.716  -1.478  40.801 0.0000000000
39695  12.487  -6.025  46.072 0.0000000000
39693  13.490  -7.023  46.263 0.0000000000
38481  13.649  -7.221  47.096 0.0000000000
48471  35.590  1.479  37.557 0.0000000000
48509  35.622  1.255  35.724 0.0000000000
49382  36.178  2.198  37.436 0.0000000000
50272  36.941  1.890  37.513 0.0000000000
49332  36.248  1.180  38.273 0.0000000000
47479  36.241  -0.185  38.451 0.0000000000
48432  35.747  0.449  38.437 0.0000000000
47441  34.283  -0.191  40.245 0.0000000000
46335  34.542  -0.803  39.922 0.0000000000
45203  34.328  -1.706  40.594 0.0000000000
44107  34.117  -2.849  40.478 0.0000000000
45180  34.077  -2.269  41.176 0.0000000000
41847  21.229  -4.209  45.150 0.0000000000
42979  21.732  -2.842  45.418 0.0000000000
41846  22.415  -4.224  44.526 0.0000000000
42978  24.953  -4.143  44.603 0.0000000000
44050  25.595  -2.307  44.449 0.0000000000
40738  17.844  -5.832  46.042 0.0000000000
40759  18.631  -6.122  45.036 0.0000000000
41799  19.235  -5.166  45.297 0.0000000000
41822  19.920  -5.104  45.474 0.0000000000
40736  19.534  -5.653  45.418 0.0000000000
45371  44.435  0.974  31.124 0.0000000000
46531  42.914  0.345  30.092 0.0000000000
45346  40.317  -0.902  31.348 0.0000000000
49447  39.523  2.267  34.379 0.0000000000
48548  38.814  1.516  33.451 0.0000000000
50367  40.367  3.370  34.039 0.0000000000
95707  40.021  1.991  33.102 0.0000000000
95699  40.583  2.198  33.964 0.0000000000
95701  40.895  0.591  33.558 0.0000000000
95694  40.354  0.819  34.208 0.0000000000
46455  37.656  -0.225  34.002 0.0000000000
46477  38.045  -0.473  33.090 0.0000000000
46259  22.345  -0.834  44.919 0.0000000000
47387  22.907  -0.822  44.113 0.0000000000
48379  25.214  0.240  42.768 0.0000000000
47407  23.914  -0.242  42.950 0.0000000000
48400  30.009  0.954  41.721 0.0000000000
47446  29.023  0.141  40.785 0.0000000000
48421  30.020  0.324  41.263 0.0000000000
47465  31.105  -0.776  40.155 0.0000000000
48420  30.786  0.480  40.758 0.0000000000
49317  31.858  0.867  40.670 0.0000000000
48398  31.390  0.637  41.228 0.0000000000
45205  30.869  -1.957  40.544 0.0000000000
45183  31.341  -1.692  41.105 0.0000000000
43048  31.648  -3.531  41.202 0.0000000000
41880  32.115  -4.126  41.406 0.0000000000
39729  11.962  -6.608  44.750 0.0000000000
37467  14.146  -7.612  44.713 0.0000000000
48452  34.596  1.114  38.640 0.0000000000
49334  35.082  1.520  38.742 0.0000000000
48433  34.679  1.042  39.419 0.0000000000
48417  33.631  0.461  40.368 0.0000000000
47442  33.608  -0.280  40.539 0.0000000000
40723  14.657  -6.277  46.619 0.0000000000
41780  15.510  -5.851  46.325 0.0000000000
40740  15.857  -6.494  46.462 0.0000000000
39689  17.536  -6.675  46.398 0.0000000000
38519  18.780  -7.137  45.321 0.0000000000
38493  18.219  -7.455  46.132 0.0000000000
45343  43.949  0.506  31.706 0.0000000000
45405  42.988  -0.451  30.950 0.0000000000
45374  42.495  -0.130  31.950 0.0000000000
95690  42.053  -0.458  32.829 0.0000000000
95700  41.296  -0.119  32.284 0.0000000000
49449  37.869  2.219  35.050 0.0000000000
49429  38.420  2.521  35.983 0.0000000000
49428  39.087  2.101  35.238 0.0000000000
48528  39.544  1.629  34.875 0.0000000000
47530  39.376  -0.087  34.904 0.0000000000
47515  38.862  0.171  35.627 0.0000000000
46437  37.289  -0.208  34.894 0.0000000000
46257  24.304  -0.556  44.428 0.0000000000
47386  23.748  -0.230  43.955 0.0000000000
47361  24.661  0.293  44.196 0.0000000000
49281  24.992  0.928  43.732 0.0000000000
48353  26.235  1.144  42.812 0.0000000000
47425  27.160  0.299  41.829 0.0000000000
48376  27.891  1.654  42.715 0.0000000000
48374  29.720  1.118  42.523 0.0000000000
48373  30.194  0.658  42.036 0.0000000000
47422  30.737  0.108  41.504 0.0000000000
46293  30.124  -0.143  41.392 0.0000000000
46338  30.170  -1.079  40.333 0.0000000000
44128  29.480  -2.532  40.430 0.0000000000
41802  12.294  -5.184  45.848 0.0000000000
41785  12.450  -4.422  46.813 0.0000000000
41783  13.684  -4.922  47.219 0.0000000000
39678  13.748  -6.346  46.907 0.0000000000
37405  14.230  -8.090  47.296 0.0000000000
50328  37.623  2.652  36.690 0.0000000000
50270  37.892  1.865  37.532 0.0000000000
47477  37.622  0.107  37.884 0.0000000000
47478  37.061  -0.001  38.419 0.0000000000
45253  35.752  -1.232  38.582 0.0000000000
45237  34.917  -1.525  38.806 0.0000000000
47461  34.890  0.009  39.522 0.0000000000
45222  34.741  -1.388  39.432 0.0000000000
44036  20.331  -3.607  45.514 0.0000000000
44054  21.564  -2.448  44.966 0.0000000000
45107  21.922  -1.523  45.378 0.0000000000
45123  22.868  -1.537  44.590 0.0000000000
41845  23.544  -4.354  44.615 0.0000000000
44052  23.482  -2.396  44.507 0.0000000000
45122  23.925  -1.465  44.499 0.0000000000
45121  24.896  -1.387  44.473 0.0000000000
45120  25.747  -1.409  44.053 0.0000000000
45165  26.584  -1.683  42.586 0.0000000000
45187  27.191  -1.519  41.780 0.0000000000
44074  27.312  -2.735  42.797 0.0000000000
42981  20.041  -3.610  46.082 0.0000000000
41821  20.224  -4.474  45.765 0.0000000000
40756  20.611  -5.589  45.243 0.0000000000
38518  19.481  -7.244  45.286 0.0000000000
39706  20.997  -6.559  45.408 0.0000000000
48609  42.942  1.619  28.767 0.0000000000
95702  41.433  1.319  32.694 0.0000000000
95692  41.518  -0.020  33.426 0.0000000000
45347  39.612  -0.543  32.070 0.0000000000
47546  39.593  -0.036  34.395 0.0000000000
46476  39.053  -0.433  33.104 0.0000000000
45348  38.384  -0.544  32.038 0.0000000000
47408  23.658  -0.815  43.493 0.0000000000
46360  31.170  -0.756  39.380 0.0000000000
46359  31.939  -0.819  39.180 0.0000000000
48435  32.541  -0.373  40.307 0.0000000000
48418  32.724  -0.208  40.647 0.0000000000
47419  33.042  -0.574  41.066 0.0000000000
47421  31.581  -0.059  41.515 0.0000000000
46314  31.845  -0.889  41.491 0.0000000000
45181  33.425  -1.659  41.378 0.0000000000
44072  33.179  -2.996  41.373 0.0000000000
44112  27.724  -2.287  40.534 0.0000000000
43067  28.565  -3.403  40.293 0.0000000000
95217  10.413  -8.537  45.027 0.0000000000
47462  33.369  0.372  39.165 0.0000000000
47527  43.045  0.746  33.448 0.0000000000
48504  42.012  1.365  33.497 0.0000000000
47491  38.060  0.111  37.488 0.0000000000
46410  37.790  -0.370  36.413 0.0000000000
46411  37.067  -0.272  36.668 0.0000000000
46297  26.432  -0.810  42.347 0.0000000000
46278  26.582  -0.211  42.707 0.0000000000
46277  27.264  0.160  42.625 0.0000000000
46318  27.661  -0.591  41.339 0.0000000000
38541  13.353  -6.720  45.517 0.0000000000
39710  13.333  -6.805  45.861 0.0000000000
38521  13.618  -7.195  45.771 0.0000000000
38520  14.024  -7.555  46.062 0.0000000000
48470  35.811  2.037  37.241 0.0000000000
49383  35.721  1.845  37.720 0.0000000000
49354  36.266  1.968  38.133 0.0000000000
48431  36.271  0.810  38.339 0.0000000000
49333  35.502  1.240  38.306 0.0000000000
46336  33.948  -0.861  40.502 0.0000000000
45204  33.782  -1.288  40.881 0.0000000000
40773  21.975  -5.150  44.580 0.0000000000
40737  19.129  -5.799  45.460 0.0000000000
40758  18.977  -5.623  45.310 0.0000000000
39687  19.080  -6.129  45.420 0.0000000000
45372  44.238  0.712  31.120 0.0000000000
46475  44.050  0.849  30.646 0.0000000000
47566  43.834  0.715  30.589 0.0000000000
46530  43.514  0.767  30.217 0.0000000000
49446  40.543  2.900  34.372 0.0000000000
50368  40.015  3.217  34.261 0.0000000000
95706  40.649  2.729  33.543 0.0000000000
95695  40.374  1.320  34.170 0.0000000000
46433  39.914  0.646  34.544 0.0000000000
46479  35.941  -0.561  33.000 0.0000000000
46478  36.944  -0.492  33.028 0.0000000000
47363  22.332  -0.699  44.459 0.0000000000
46280  23.035  -0.896  44.339 0.0000000000
47405  25.381  0.289  42.025 0.0000000000
47427  24.858  -0.072  41.262 0.0000000000
48422  29.375  0.649  41.639 0.0000000000
47445  30.343  -0.148  40.712 0.0000000000
43049  31.186  -3.622  40.616 0.0000000000
44126  31.110  -2.603  40.585 0.0000000000
41898  31.814  -4.332  41.266 0.0000000000
39730  11.359  -7.090  44.220 0.0000000000
38542  12.754  -6.531  45.255 0.0000000000
47494  33.754  0.067  37.304 0.0000000000
47493  34.637  0.736  37.712 0.0000000000
39692  15.010  -6.568  46.938 0.0000000000
40722  15.343  -6.174  46.479 0.0000000000
39691  15.422  -6.967  46.927 0.0000000000
39690  16.377  -6.938  46.456 0.0000000000
47544  43.651  1.000  32.822 0.0000000000
46450  44.004  0.653  32.101 0.0000000000
45318  44.217  0.672  31.946 0.0000000000
45344  42.985  0.363  31.952 0.0000000000
95688  42.204  -0.098  33.313 0.0000000000
95687  41.712  -0.468  32.831 0.0000000000
50348  37.895  3.231  36.417 0.0000000000
47501  38.629  0.963  36.349 0.0000000000
48505  38.942  1.627  35.829 0.0000000000
46423  37.127  0.245  35.833 0.0000000000
46422  37.909  -0.142  35.643 0.0000000000
47362  23.971  0.170  44.442 0.0000000000
47339  26.564  0.672  43.480 0.0000000000
48288  25.548  0.982  44.106 0.0000000000
49265  26.332  1.109  43.510 0.0000000000
49280  25.791  1.040  43.254 0.0000000000
49279  26.923  1.314  42.895 0.0000000000
48352  27.254  1.303  42.966 0.0000000000
49278  27.689  2.039  43.327 0.0000000000
47380  29.380  0.796  42.923 0.0000000000
48350  29.193  1.214  43.166 0.0000000000
47400  30.047  0.341  41.521 0.0000000000
46294  29.475  -0.078  41.506 0.0000000000
46316  29.495  -0.604  40.780 0.0000000000
45207  29.359  -1.578  40.437 0.0000000000
95335  11.387  -5.798  45.035 0.0000000000
40762  11.715  -5.660  44.996 0.0000000000
41803  12.083  -5.734  45.459 0.0000000000
40743  12.589  -5.435  46.705 0.0000000000
40726  12.745  -4.803  47.195 0.0000000000
41784  12.991  -4.348  47.415 0.0000000000
40725  13.091  -5.428  47.410 0.0000000000
40724  14.012  -6.039  46.563 0.0000000000
48487  36.123  1.868  36.751 0.0000000000
48508  36.898  1.877  35.854 0.0000000000
49431  37.046  2.331  36.217 0.0000000000
49353  36.932  1.523  37.902 0.0000000000
50271  37.574  1.955  37.469 0.0000000000
49352  37.771  1.468  37.948 0.0000000000
48449  37.845  0.690  38.262 0.0000000000
46379  36.074  -0.524  38.614 0.0000000000
45236  35.792  -1.298  39.194 0.0000000000
44035  20.883  -3.128  45.369 0.0000000000
43001  21.945  -3.262  45.298 0.0000000000
44033  22.015  -2.244  45.458 0.0000000000
45106  22.253  -1.484  45.280 0.0000000000
40771  23.645  -4.937  45.089 0.0000000000
42998  25.279  -3.320  44.542 0.0000000000
42999  24.165  -3.472  44.504 0.0000000000
44049  26.377  -2.214  44.083 0.0000000000
45119  26.180  -1.655  43.843 0.0000000000
45143  25.912  -1.429  43.344 0.0000000000
45142  26.354  -1.819  43.415 0.0000000000
44096  27.041  -2.257  42.619 0.0000000000
44075  26.767  -2.496  43.252 0.0000000000
41779  16.225  -5.750  46.233 0.0000000000
42944  16.292  -5.592  46.056 0.0000000000
41800  16.894  -5.646  46.083 0.0000000000
42983  19.400  -4.835  45.285 0.0000000000
42982  19.496  -3.784  45.678 0.0000000000
41848  20.511  -4.944  44.987 0.0000000000
47624  42.680  1.171  29.013 0.0000000000
49462  38.073  2.310  34.252 0.0000000000
48549  38.183  1.840  33.524 0.0000000000
48583  39.765  0.957  32.513 0.0000000000
47545  39.724  0.108  34.550 0.0000000000
46454  38.929  0.301  34.130 0.0000000000
48332  23.823  0.631  44.312 0.0000000000
47464  31.856  -0.715  40.231 0.0000000000
48436  31.755  -0.527  40.541 0.0000000000
48397  32.276  0.374  41.192 0.0000000000
49316  32.154  0.601  40.902 0.0000000000
48396  33.156  -0.335  40.728 0.0000000000
46313  32.757  -0.982  41.462 0.0000000000
45163  32.729  -2.354  41.486 0.0000000000
45162  33.388  -2.320  41.406 0.0000000000
45141  32.694  -2.676  41.474 0.0000000000
40789  32.561  -4.641  41.371 0.0000000000
44113  27.403  -2.311  41.241 0.0000000000
43052  27.495  -3.500  40.977 0.0000000000
95234  11.777  -7.492  44.144 0.0000000000
47481  33.825  0.468  38.606 0.0000000000
48453  33.849  1.040  38.950 0.0000000000
38479  15.150  -7.399  47.319 0.0000000000
38496  15.547  -7.426  47.121 0.0000000000
38478  15.656  -7.740  47.232 0.0000000000
46451  43.482  0.621  32.880 0.0000000000
45320  42.820  0.443  32.566 0.0000000000
46432  43.563  0.019  33.802 0.0000000000
95691  42.352  0.440  33.434 0.0000000000
95696  42.097  -0.066  33.431 0.0000000000
47502  38.451  0.473  36.610 0.0000000000
47360  25.473  -0.282  43.667 0.0000000000
47384  26.198  -0.204  43.255 0.0000000000
47359  26.307  0.176  43.396 0.0000000000
47338  27.295  1.080  43.632 0.0000000000
48328  27.932  1.631  44.120 0.0000000000
47382  27.842  0.524  42.979 0.0000000000
47403  28.296  0.537  42.807 0.0000000000
47402  28.840  0.506  42.591 0.0000000000
46295  28.983  -0.281  41.520 0.0000000000
39694  12.900  -6.454  46.681 0.0000000000
38482  13.415  -6.627  46.937 0.0000000000
39679  13.141  -6.313  47.156 0.0000000000
38499  13.505  -7.054  46.745 0.0000000000
48488  35.146  1.298  36.725 0.0000000000
49410  36.308  2.220  36.953 0.0000000000
50303  36.944  2.164  37.169 0.0000000000
50273  36.504  2.079  37.602 0.0000000000
48451  36.295  0.308  38.381 0.0000000000
47460  35.696  -0.350  39.048 0.0000000000
44093  33.684  -2.849  40.865 0.0000000000
43002  21.392  -3.609  45.337 0.0000000000
43000  22.969  -3.329  44.546 0.0000000000
41844  24.332  -4.366  44.764 0.0000000000
42997  26.399  -3.344  44.535 0.0000000000
41823  18.795  -5.627  45.142 0.0000000000
41798  19.661  -4.911  45.371 0.0000000000
47565  43.765  1.288  30.123 0.0000000000
47610  42.829  0.818  29.462 0.0000000000
49461  39.308  2.308  33.921 0.0000000000
50382  39.949  3.260  33.931 0.0000000000
49470  39.385  1.567  33.282 0.0000000000
95689  40.565  0.875  33.900 0.0000000000
46260  21.661  -0.901  44.894 0.0000000000
48355  24.759  0.282  43.561 0.0000000000
47406  24.582  0.102  42.548 0.0000000000
47428  24.468  -0.665  42.050 0.0000000000
48401  29.223  1.108  41.860 0.0000000000
47423  28.610  1.191  41.731 0.0000000000
47466  29.954  -0.643  39.943 0.0000000000
47444  31.259  -0.292  40.633 0.0000000000
48419  31.827  0.184  40.734 0.0000000000
49304  31.587  1.042  40.701 0.0000000000
45184  30.799  -1.418  40.812 0.0000000000
44110  31.593  -2.650  41.143 0.0000000000
44109  32.038  -2.739  41.476 0.0000000000
44094  32.403  -2.893  41.466 0.0000000000
43033  31.858  -3.439  41.366 0.0000000000
95337  11.033  -5.799  45.177 0.0000000000
40780  11.323  -6.378  44.695 0.0000000000
39713  11.535  -6.126  45.339 0.0000000000
37468  13.674  -6.831  45.089 0.0000000000
95224  12.241  -7.405  43.719 0.0000000000
40754  22.646  -5.827  45.285 0.0000000000
41781  14.724  -5.959  46.414 0.0000000000
42946  14.911  -5.758  46.247 0.0000000000
40721  16.086  -6.037  46.409 0.0000000000
40739  16.776  -6.236  46.407 0.0000000000
39709  18.910  -7.008  45.268 0.0000000000
37448  18.881  -7.753  45.429 0.0000000000
45373  43.649  0.265  31.071 0.0000000000
45345  42.502  -0.036  32.723 0.0000000000
47528  39.898  1.098  34.559 0.0000000000
47529  39.489  0.646  35.048 0.0000000000
46435  38.824  -0.257  35.086 0.0000000000
46421  38.457  0.017  35.514 0.0000000000
46456  36.508  -0.163  33.912 0.0000000000
48331  24.335  0.983  44.357 0.0000000000
47341  25.202  0.552  44.118 0.0000000000
48313  24.995  1.202  44.452 0.0000000000
48354  25.369  0.459  42.925 0.0000000000
48378  25.889  0.502  42.581 0.0000000000
47404  26.016  0.258  41.897 0.0000000000
48377  26.824  1.260  42.619 0.0000000000
48403  27.637  1.132  42.260 0.0000000000
49289  28.531  1.937  43.359 0.0000000000
48375  28.767  1.567  42.815 0.0000000000
45206  30.244  -1.730  40.443 0.0000000000
44127  30.389  -2.590  40.464 0.0000000000
42966  14.133  -5.758  46.225 0.0000000000
40744  12.219  -5.688  45.859 0.0000000000
42949  13.350  -4.392  46.843 0.0000000000
42948  13.994  -5.012  46.746 0.0000000000
41782  13.971  -5.636  46.525 0.0000000000
39677  14.675  -6.702  47.142 0.0000000000
38480  14.357  -7.340  47.362 0.0000000000
49430  37.571  2.813  35.976 0.0000000000
50327  38.189  3.121  36.976 0.0000000000
50302  37.698  2.475  37.194 0.0000000000
50301  38.072  2.510  37.364 0.0000000000
49379  38.123  1.715  37.530 0.0000000000
48448  37.990  0.433  37.867 0.0000000000
46377  37.420  -0.292  37.649 0.0000000000
46396  36.938  -0.474  37.419 0.0000000000
46378  36.967  -0.414  38.068 0.0000000000
46358  35.313  -0.792  39.436 0.0000000000
45221  35.590  -1.125  39.386 0.0000000000
44055  20.950  -2.964  44.910 0.0000000000
45125  21.674  -1.772  44.687 0.0000000000
44034  21.696  -2.479  45.243 0.0000000000
45124  21.785  -1.566  45.130 0.0000000000
46242  22.061  -1.117  45.404 0.0000000000
40772  23.083  -5.114  44.625 0.0000000000
46298  25.967  -1.295  42.781 0.0000000000
45188  26.657  -1.199  42.019 0.0000000000
45164  27.137  -1.920  42.325 0.0000000000
44095  27.398  -2.349  42.125 0.0000000000
43035  27.533  -3.131  42.253 0.0000000000
43018  27.394  -3.465  43.467 0.0000000000
43034  28.174  -3.730  42.462 0.0000000000
42945  15.704  -5.652  46.136 0.0000000000
44056  20.192  -3.648  45.268 0.0000000000
41797  19.689  -4.287  46.161 0.0000000000
42960  19.689  -4.038  46.438 0.0000000000
41820  20.784  -4.038  45.593 0.0000000000
40774  21.058  -5.191  44.638 0.0000000000
40755  21.572  -5.809  45.259 0.0000000000
39708  19.290  -6.491  45.328 0.0000000000
39707  20.121  -6.484  45.419 0.0000000000
38517  20.320  -7.346  45.357 0.0000000000
48618  42.677  1.901  28.526 0.0000000000
95697  41.859  0.274  33.472 0.0000000000
46434  39.958  0.267  34.486 0.0000000000
45377  38.661  -1.304  31.244 0.0000000000
46361  30.360  -0.689  39.397 0.0000000000
46381  31.328  -0.680  38.516 0.0000000000
45161  33.604  -2.570  41.215 0.0000000000
43032  33.489  -3.444  40.979 0.0000000000
43015  32.803  -3.470  41.294 0.0000000000
41860  33.211  -4.061  41.149 0.0000000000
43068  28.210  -3.899  40.550 0.0000000000
43051  27.881  -2.899  40.290 0.0000000000
44111  28.520  -2.349  40.384 0.0000000000
43066  29.819  -3.497  40.352 0.0000000000
40741  15.248  -6.503  46.680 0.0000000000
40763  11.845  -5.806  45.380 0.0000000000
40788  33.090  -4.575  41.289 0.0000000000
40790  32.271  -4.491  41.385 0.0000000000
41828  11.886  -5.716  45.189 0.0000000000
41829  11.632  -5.759  45.261 0.0000000000
41861  33.067  -4.111  41.233 0.0000000000
41862  32.503  -4.006  41.286 0.0000000000
41878  33.514  -3.928  40.841 0.0000000000
42950  12.921  -3.974  46.851 0.0000000000
42961  19.310  -4.083  46.175 0.0000000000
43014  33.221  -3.567  41.202 0.0000000000
43016  32.403  -3.439  41.382 0.0000000000
43031  33.458  -3.792  41.039 0.0000000000
43045  33.531  -3.654  40.860 0.0000000000
44071  33.392  -2.970  41.153 0.0000000000
44073  32.721  -2.982  41.453 0.0000000000
45139  33.299  -2.653  41.344 0.0000000000
45140  32.980  -2.627  41.467 0.0000000000
45166  26.137  -1.583  43.012 0.0000000000
45342  44.363  0.836  31.531 0.0000000000
46243  21.834  -1.007  45.316 0.0000000000
46281  22.596  -0.806  44.487 0.0000000000
46337  30.549  -1.153  40.598 0.0000000000
46431  44.107  0.206  33.920 0.0000000000
46452  42.952  0.315  32.792 0.0000000000
47320  25.451  0.758  44.056 0.0000000000
47321  25.153  0.866  44.462 0.0000000000
47322  25.113  1.081  44.512 0.0000000000
47342  24.864  0.900  44.526 0.0000000000
47357  27.951  1.084  43.542 0.0000000000
47358  27.074  0.682  43.299 0.0000000000
47365  21.706  -0.798  44.492 0.0000000000
47476  37.883  0.246  37.746 0.0000000000
47492  37.713  -0.140  37.568 0.0000000000
47511  43.802  1.119  33.248 0.0000000000
47513  42.994  0.942  33.559 0.0000000000
47525  43.443  0.459  33.481 0.0000000000
47526  43.640  0.408  33.814 0.0000000000
48289  25.300  1.040  44.408 0.0000000000
48290  25.304  0.958  44.626 0.0000000000
48309  27.562  1.102  43.609 0.0000000000
48310  26.851  1.164  43.801 0.0000000000
48311  25.964  0.933  43.610 0.0000000000
48312  25.396  1.182  44.188 0.0000000000
48330  26.617  1.031  43.588 0.0000000000
48351  28.523  1.548  43.481 0.0000000000
48356  23.790  0.748  43.858 0.0000000000
48469  38.165  1.293  38.036 0.0000000000
48484  38.826  1.228  36.266 0.0000000000
48502  43.183  1.451  33.231 0.0000000000
48506  38.490  2.173  36.362 0.0000000000
48526  42.923  0.966  33.814 0.0000000000
49247  25.763  1.135  43.713 0.0000000000
49248  25.389  1.197  43.893 0.0000000000
49249  25.144  1.366  44.216 0.0000000000
49263  27.979  2.310  44.182 0.0000000000
49264  27.569  1.876  43.699 0.0000000000
49266  25.204  1.147  43.771 0.0000000000
49267  24.822  1.503  44.050 0.0000000000
49277  28.286  2.255  43.785 0.0000000000
49290  28.344  2.161  43.163 0.0000000000
49303  32.013  1.203  41.013 0.0000000000
49351  37.983  1.638  37.719 0.0000000000
49380  38.058  1.470  37.874 0.0000000000
49381  36.661  2.178  37.132 0.0000000000
49408  37.485  2.536  36.460 0.0000000000
49409  36.904  2.304  36.733 0.0000000000
50182  27.932  2.592  44.015 0.0000000000
50183  27.719  2.405  44.012 0.0000000000
50191  28.233  2.601  44.017 0.0000000000
50192  27.861  2.423  43.786 0.0000000000
50304  36.514  2.154  37.364 0.0000000000
50329  37.293  2.210  36.894 0.0000000000
50349  37.763  3.016  36.338 0.0000000000
50383  39.840  2.924  34.079 0.0000000000
95693  40.424  1.084  34.112 0.0000000000
95698  40.527  1.219  33.924 0.0000000000
95703  41.866  -0.056  33.506 0.0000000000
95704  42.294  0.877  33.558 0.0000000000
95705  41.999  0.414  33.481 0.0000000000
95737  43.136  1.906  28.657 0.0000000000
95808  43.903  0.573  30.796 0.0000000000
