#!ascii label  , from subject output2 vox2ras=TkReg
1112
77357  38.843  37.389  10.005 0.0000000000
77246  43.917  37.918  17.538 0.0000000000
97688  42.419  29.514  13.664 0.0000000000
75159  34.716  34.246  7.621 0.0000000000
73202  37.542  31.679  9.912 0.0000000000
78110  42.991  38.504  7.701 0.0000000000
76526  40.107  36.531  16.986 0.0000000000
78745  39.720  39.124  11.407 0.0000000000
68675  38.132  24.833  10.916 0.0000000000
69888  42.113  26.237  9.493 0.0000000000
76556  42.747  36.309  13.823 0.0000000000
73851  39.148  32.438  14.296 0.0000000000
73820  40.508  32.501  16.997 0.0000000000
70519  41.157  27.691  16.197 0.0000000000
82500  40.258  45.130  7.200 0.0000000000
78772  45.912  39.658  9.847 0.0000000000
71811  42.916  30.167  10.081 0.0000000000
75842  36.928  35.573  8.932 0.0000000000
74494  35.451  33.383  9.994 0.0000000000
75134  36.636  34.003  11.293 0.0000000000
78056  41.327  38.307  9.224 0.0000000000
75855  38.513  35.135  7.043 0.0000000000
77309  38.171  37.217  14.247 0.0000000000
68078  39.345  22.604  13.032 0.0000000000
67382  39.046  21.904  11.184 0.0000000000
68053  43.137  22.807  14.045 0.0000000000
82531  41.922  45.361  5.315 0.0000000000
76523  44.317  36.792  16.120 0.0000000000
75081  41.223  34.705  16.061 0.0000000000
75060  42.540  34.810  18.476 0.0000000000
72441  41.463  30.899  18.807 0.0000000000
71706  45.135  29.488  21.635 0.0000000000
69801  39.517  27.140  16.784 0.0000000000
70538  36.730  27.863  13.966 0.0000000000
77305  42.399  37.595  14.137 0.0000000000
78044  42.504  39.435  10.365 0.0000000000
77319  45.286  37.500  13.120 0.0000000000
97980  47.222  36.872  11.865 0.0000000000
72491  41.651  30.607  13.558 0.0000000000
73176  41.080  31.112  12.326 0.0000000000
97690  42.894  29.405  11.209 0.0000000000
72541  37.580  30.426  8.579 0.0000000000
72538  39.740  30.112  8.613 0.0000000000
78800  42.218  39.803  7.642 0.0000000000
78845  42.175  39.355  4.900 0.0000000000
77961  42.026  38.459  18.321 0.0000000000
74380  42.611  33.994  22.038 0.0000000000
79399  35.338  40.823  8.594 0.0000000000
79397  37.592  40.621  8.688 0.0000000000
77307  40.447  37.492  14.252 0.0000000000
71209  39.965  29.009  11.584 0.0000000000
70566  41.601  27.819  10.583 0.0000000000
69215  39.467  25.089  9.282 0.0000000000
66625  40.021  21.585  9.275 0.0000000000
76572  41.639  36.277  11.781 0.0000000000
75121  39.436  34.533  13.071 0.0000000000
75101  39.833  34.416  14.473 0.0000000000
73839  40.301  32.961  15.043 0.0000000000
73154  42.288  31.184  15.594 0.0000000000
73798  41.285  32.071  19.007 0.0000000000
72427  44.512  30.090  18.238 0.0000000000
71188  41.410  28.746  14.667 0.0000000000
70550  37.945  27.668  12.327 0.0000000000
68120  36.220  24.410  11.358 0.0000000000
98159  40.640  47.262  7.237 0.0000000000
81847  41.420  43.977  7.119 0.0000000000
80515  42.770  42.495  9.866 0.0000000000
80514  43.689  42.460  9.226 0.0000000000
78070  46.112  39.415  8.500 0.0000000000
97990  44.323  37.021  11.022 0.0000000000
73871  38.241  32.422  12.444 0.0000000000
73192  40.629  31.377  9.962 0.0000000000
71848  41.976  29.379  7.742 0.0000000000
97698  44.687  29.175  9.854 0.0000000000
76612  37.125  36.243  9.585 0.0000000000
76613  36.483  35.852  10.186 0.0000000000
75834  37.001  35.563  11.004 0.0000000000
77355  40.256  37.415  10.098 0.0000000000
77390  40.081  36.964  7.449 0.0000000000
77382  39.130  37.160  8.571 0.0000000000
75848  38.109  35.371  7.692 0.0000000000
68036  40.885  22.470  14.773 0.0000000000
68077  40.216  22.502  13.156 0.0000000000
68034  43.018  23.003  14.890 0.0000000000
71265  39.470  28.272  7.652 0.0000000000
76504  44.461  37.390  16.619 0.0000000000
75753  43.594  36.353  17.141 0.0000000000
75742  43.509  35.863  18.540 0.0000000000
71752  40.300  29.682  17.586 0.0000000000
71146  40.907  28.528  17.851 0.0000000000
78679  43.403  39.455  16.415 0.0000000000
78020  43.895  37.568  14.074 0.0000000000
78699  45.353  39.031  16.134 0.0000000000
76541  46.166  37.330  15.337 0.0000000000
97687  41.984  30.305  14.486 0.0000000000
72498  42.367  30.247  12.363 0.0000000000
97680  42.782  29.760  12.719 0.0000000000
74512  34.474  33.526  7.146 0.0000000000
74500  34.483  33.435  8.089 0.0000000000
73881  36.472  32.397  9.981 0.0000000000
73203  36.068  31.490  9.164 0.0000000000
72518  37.046  30.701  9.300 0.0000000000
72540  38.439  30.352  8.748 0.0000000000
72516  38.998  30.683  9.349 0.0000000000
78823  43.239  39.314  6.586 0.0000000000
78824  42.911  39.521  6.056 0.0000000000
78123  43.104  38.832  5.861 0.0000000000
75158  35.539  34.629  7.161 0.0000000000
75174  34.652  34.405  6.629 0.0000000000
77248  40.618  37.095  17.416 0.0000000000
77190  40.067  37.297  20.176 0.0000000000
76490  39.674  36.326  18.728 0.0000000000
76547  39.033  36.490  15.604 0.0000000000
77325  38.650  37.389  13.327 0.0000000000
77290  40.595  37.319  15.437 0.0000000000
77999  41.324  37.816  15.368 0.0000000000
69865  38.379  26.728  11.047 0.0000000000
69864  39.593  26.967  11.018 0.0000000000
68687  38.637  24.786  10.247 0.0000000000
67367  40.292  21.463  12.678 0.0000000000
66618  39.289  21.426  10.071 0.0000000000
66608  40.592  21.209  11.125 0.0000000000
75789  42.209  35.696  12.981 0.0000000000
75794  41.383  35.528  12.913 0.0000000000
75790  41.588  35.543  14.005 0.0000000000
74441  39.751  33.274  16.490 0.0000000000
75094  40.422  34.384  15.553 0.0000000000
73139  40.330  32.364  16.374 0.0000000000
73147  40.929  31.550  15.741 0.0000000000
73146  42.051  31.429  16.283 0.0000000000
74410  40.365  33.611  19.157 0.0000000000
74420  40.262  33.460  18.275 0.0000000000
73786  41.040  32.492  19.935 0.0000000000
71136  43.783  28.525  18.973 0.0000000000
72388  46.266  30.304  20.402 0.0000000000
97660  44.343  28.706  17.788 0.0000000000
97679  44.050  29.420  17.227 0.0000000000
71172  41.113  28.246  15.457 0.0000000000
71200  39.694  28.860  13.518 0.0000000000
71190  39.237  28.490  14.281 0.0000000000
69189  35.041  25.715  12.952 0.0000000000
69859  36.114  26.889  12.125 0.0000000000
83789  41.329  47.256  7.286 0.0000000000
82518  41.374  45.530  6.364 0.0000000000
81188  40.585  43.305  7.504 0.0000000000
79365  38.602  40.203  10.822 0.0000000000
79396  38.606  40.514  8.988 0.0000000000
79364  39.596  40.455  11.006 0.0000000000
78757  44.114  40.234  10.457 0.0000000000
79361  42.741  41.081  10.588 0.0000000000
79941  44.608  41.958  11.677 0.0000000000
81156  43.891  44.354  9.922 0.0000000000
79960  46.143  41.695  10.051 0.0000000000
79390  44.956  40.608  9.090 0.0000000000
79388  46.480  39.840  9.166 0.0000000000
76565  45.060  36.481  12.541 0.0000000000
97985  45.475  36.735  11.148 0.0000000000
76566  43.847  36.511  12.636 0.0000000000
97993  42.835  37.354  10.931 0.0000000000
74468  38.847  33.689  13.796 0.0000000000
74479  38.202  33.388  12.735 0.0000000000
73169  38.651  32.195  13.499 0.0000000000
72504  41.841  29.698  10.715 0.0000000000
73185  40.824  31.419  10.956 0.0000000000
72506  41.440  29.990  9.794 0.0000000000
72513  40.882  29.976  9.387 0.0000000000
97708  42.784  30.403  7.798 0.0000000000
69878  41.729  26.653  10.126 0.0000000000
71216  42.714  28.399  10.415 0.0000000000
70578  43.249  27.493  9.511 0.0000000000
75152  35.249  34.896  8.215 0.0000000000
75149  34.634  33.807  9.194 0.0000000000
75148  35.105  34.264  9.425 0.0000000000
74493  35.998  33.355  10.552 0.0000000000
73877  36.361  32.626  10.905 0.0000000000
97975  42.119  38.501  7.696 0.0000000000
75857  36.750  35.292  7.570 0.0000000000
68100  38.011  23.050  11.874 0.0000000000
68117  38.773  23.079  11.207 0.0000000000
68099  39.095  22.608  12.188 0.0000000000
68097  40.675  22.550  12.848 0.0000000000
76544  43.334  37.265  15.084 0.0000000000
76545  42.145  36.532  15.242 0.0000000000
76525  42.650  36.957  16.148 0.0000000000
75755  41.989  35.253  17.328 0.0000000000
74431  40.009  33.424  17.474 0.0000000000
73072  41.081  31.550  21.088 0.0000000000
73733  42.536  32.216  22.316 0.0000000000
71734  42.431  29.990  19.963 0.0000000000
70463  42.016  28.211  18.611 0.0000000000
70497  41.125  27.818  16.963 0.0000000000
70521  39.489  27.784  15.562 0.0000000000
69836  38.027  27.572  15.376 0.0000000000
69838  36.314  27.617  14.768 0.0000000000
68653  35.085  24.785  13.205 0.0000000000
82501  39.196  45.257  7.392 0.0000000000
77334  41.310  37.356  12.107 0.0000000000
78744  40.822  39.355  11.184 0.0000000000
77333  42.262  38.329  12.186 0.0000000000
78025  43.399  37.666  10.798 0.0000000000
97996  45.587  37.853  10.446 0.0000000000
78053  46.771  37.827  10.603 0.0000000000
76562  46.839  37.467  11.802 0.0000000000
76553  46.335  36.775  14.088 0.0000000000
73167  40.890  31.288  13.760 0.0000000000
73168  39.357  31.911  13.851 0.0000000000
72492  41.080  30.592  13.111 0.0000000000
72503  42.802  29.590  10.831 0.0000000000
68149  41.706  23.935  8.271 0.0000000000
69221  42.945  25.555  8.509 0.0000000000
72562  35.592  31.165  7.563 0.0000000000
73204  34.634  31.624  9.347 0.0000000000
73219  35.828  30.999  8.447 0.0000000000
72560  37.306  30.436  7.540 0.0000000000
72559  38.164  30.298  7.899 0.0000000000
71851  39.211  29.636  8.240 0.0000000000
71869  40.313  28.996  7.548 0.0000000000
79421  41.767  40.520  5.713 0.0000000000
79437  41.575  40.356  5.162 0.0000000000
77945  42.749  38.642  18.412 0.0000000000
75715  43.901  35.493  20.259 0.0000000000
77174  41.509  38.056  21.921 0.0000000000
75029  40.644  34.256  20.586 0.0000000000
74421  39.672  32.968  17.949 0.0000000000
73788  38.857  32.508  19.640 0.0000000000
73074  39.392  31.883  20.304 0.0000000000
79398  36.440  40.667  8.546 0.0000000000
79366  37.639  40.170  10.604 0.0000000000
78746  38.611  39.181  11.562 0.0000000000
77335  40.174  37.265  12.139 0.0000000000
77306  41.400  37.582  14.176 0.0000000000
77979  42.631  39.121  16.776 0.0000000000
71808  41.073  29.480  12.677 0.0000000000
71208  41.329  29.090  11.793 0.0000000000
70555  40.568  27.885  11.267 0.0000000000
69879  40.780  26.870  10.246 0.0000000000
69213  41.244  25.594  9.593 0.0000000000
68132  38.749  23.733  10.188 0.0000000000
68138  39.951  23.664  9.139 0.0000000000
68137  41.033  23.542  9.171 0.0000000000
76582  40.538  36.372  11.192 0.0000000000
75822  38.861  35.831  11.665 0.0000000000
75805  40.479  35.335  12.503 0.0000000000
75107  39.991  34.567  13.312 0.0000000000
75102  39.389  33.908  14.296 0.0000000000
75784  40.773  35.056  15.311 0.0000000000
74453  39.856  33.587  15.360 0.0000000000
73156  40.278  31.977  14.789 0.0000000000
73155  41.502  31.446  15.104 0.0000000000
73166  42.122  31.054  14.729 0.0000000000
97682  41.681  29.871  14.809 0.0000000000
75046  42.137  34.186  19.806 0.0000000000
74430  40.867  33.539  18.117 0.0000000000
73810  41.019  32.485  17.748 0.0000000000
73764  43.377  32.224  21.164 0.0000000000
73106  42.684  31.422  19.190 0.0000000000
73122  41.976  31.538  17.692 0.0000000000
73165  42.945  30.422  16.526 0.0000000000
97671  42.242  29.660  15.690 0.0000000000
71187  42.206  28.946  14.241 0.0000000000
71801  40.636  29.342  13.247 0.0000000000
70549  39.186  27.934  12.932 0.0000000000
69857  37.829  26.894  11.716 0.0000000000
70546  37.272  27.831  13.241 0.0000000000
69858  37.037  26.940  11.878 0.0000000000
68676  37.291  24.766  11.127 0.0000000000
68079  38.448  22.883  12.866 0.0000000000
82532  41.381  46.553  5.818 0.0000000000
81866  41.768  44.493  6.220 0.0000000000
81202  41.829  43.373  5.988 0.0000000000
79363  40.644  40.652  10.954 0.0000000000
80530  40.538  42.080  8.422 0.0000000000
80541  40.913  42.717  7.704 0.0000000000
81175  42.083  43.169  8.481 0.0000000000
80539  41.877  42.009  7.491 0.0000000000
79392  42.764  40.492  8.781 0.0000000000
78798  44.005  39.466  7.961 0.0000000000
97987  44.982  38.368  8.078 0.0000000000
78066  47.173  37.749  9.928 0.0000000000
97994  45.638  37.525  9.389 0.0000000000
77379  42.929  37.574  9.601 0.0000000000
98003  41.640  36.973  10.516 0.0000000000
75808  37.758  34.422  12.541 0.0000000000
74480  37.581  33.365  12.196 0.0000000000
73195  37.671  31.807  11.084 0.0000000000
73177  39.639  31.449  12.757 0.0000000000
73193  39.751  31.497  10.446 0.0000000000
73201  38.837  31.485  9.775 0.0000000000
72515  39.740  30.548  9.170 0.0000000000
71830  40.739  29.646  8.739 0.0000000000
71207  42.547  28.656  11.296 0.0000000000
97689  43.802  29.258  10.479 0.0000000000
97695  45.829  30.303  10.618 0.0000000000
71226  44.622  27.694  9.226 0.0000000000
97716  46.121  31.436  8.455 0.0000000000
67317  44.683  22.120  15.002 0.0000000000
67350  44.693  22.501  13.363 0.0000000000
76611  38.283  36.782  9.775 0.0000000000
76600  37.554  36.272  10.805 0.0000000000
77356  39.474  37.445  10.065 0.0000000000
77371  39.688  37.508  9.212 0.0000000000
77372  38.874  37.401  9.274 0.0000000000
76621  38.364  36.300  8.433 0.0000000000
68035  41.947  22.998  15.047 0.0000000000
77245  44.398  37.876  16.769 0.0000000000
76505  44.152  36.999  17.332 0.0000000000
76488  43.608  36.296  18.698 0.0000000000
78653  44.030  39.150  17.338 0.0000000000
78700  44.953  39.400  16.041 0.0000000000
78652  44.437  38.925  17.035 0.0000000000
77265  44.967  38.127  16.330 0.0000000000
72517  38.065  30.748  9.412 0.0000000000
78109  43.785  39.045  7.464 0.0000000000
78122  43.070  39.373  6.704 0.0000000000
76506  40.128  36.589  17.982 0.0000000000
76546  40.010  36.507  16.002 0.0000000000
77291  39.740  36.848  15.368 0.0000000000
77269  40.546  36.985  16.468 0.0000000000
69209  38.395  25.771  10.352 0.0000000000
66592  40.106  21.108  11.894 0.0000000000
73822  39.723  32.767  16.743 0.0000000000
73138  41.085  32.055  16.609 0.0000000000
73800  39.857  32.569  18.659 0.0000000000
73787  40.150  32.474  19.690 0.0000000000
70518  41.837  27.650  16.648 0.0000000000
97664  44.302  28.540  18.108 0.0000000000
97668  42.438  27.998  16.854 0.0000000000
71171  42.115  27.747  15.968 0.0000000000
71189  40.306  28.333  14.625 0.0000000000
70534  40.050  27.738  15.133 0.0000000000
68082  35.398  24.045  12.503 0.0000000000
83175  40.137  46.159  6.953 0.0000000000
83778  41.216  47.735  8.492 0.0000000000
83174  41.160  45.867  7.048 0.0000000000
81848  40.424  44.190  7.414 0.0000000000
79351  38.902  40.026  11.362 0.0000000000
79350  39.609  39.999  11.403 0.0000000000
78756  44.792  39.962  10.445 0.0000000000
79359  44.852  40.756  10.474 0.0000000000
79358  45.389  40.234  10.140 0.0000000000
79939  46.392  41.911  11.016 0.0000000000
79375  45.679  40.306  9.602 0.0000000000
79374  46.507  39.642  9.557 0.0000000000
76567  42.758  36.489  12.077 0.0000000000
74462  38.980  33.478  14.247 0.0000000000
74469  38.516  33.359  13.618 0.0000000000
73852  38.622  32.588  13.929 0.0000000000
71817  42.226  29.626  9.472 0.0000000000
97699  43.231  30.051  8.719 0.0000000000
69877  42.535  26.849  9.716 0.0000000000
75850  36.184  35.638  8.373 0.0000000000
75851  35.575  35.155  9.144 0.0000000000
75835  36.365  35.045  10.820 0.0000000000
75836  35.916  34.514  10.496 0.0000000000
75141  36.208  34.024  10.719 0.0000000000
74489  36.357  33.304  11.225 0.0000000000
78071  41.807  38.480  8.717 0.0000000000
78081  41.445  38.015  7.113 0.0000000000
78072  41.093  38.455  8.348 0.0000000000
76629  39.466  36.206  7.244 0.0000000000
76647  39.935  36.165  6.643 0.0000000000
75849  37.337  35.521  8.137 0.0000000000
75856  37.550  34.831  7.378 0.0000000000
75151  35.981  35.281  7.422 0.0000000000
68076  41.069  23.126  13.253 0.0000000000
68075  42.144  23.211  13.344 0.0000000000
68096  41.679  22.927  12.772 0.0000000000
82550  41.742  46.804  4.587 0.0000000000
76543  44.459  36.998  15.067 0.0000000000
76524  43.591  36.827  16.016 0.0000000000
75754  42.635  35.733  17.689 0.0000000000
75070  42.185  34.978  17.674 0.0000000000
75071  41.268  34.422  17.377 0.0000000000
73095  40.929  31.538  20.469 0.0000000000
72414  41.706  31.194  21.407 0.0000000000
72440  41.685  30.328  19.266 0.0000000000
70479  40.081  27.731  17.269 0.0000000000
71139  41.212  28.117  18.405 0.0000000000
70478  41.307  27.718  17.770 0.0000000000
70498  40.204  27.531  16.573 0.0000000000
70499  39.552  27.734  16.229 0.0000000000
69820  38.855  27.572  16.530 0.0000000000
69179  36.663  27.553  15.421 0.0000000000
69839  36.059  26.874  14.708 0.0000000000
69187  34.993  26.000  13.812 0.0000000000
77322  41.833  37.499  13.142 0.0000000000
77344  41.617  38.113  11.538 0.0000000000
77321  42.890  37.566  13.131 0.0000000000
77303  44.700  37.566  14.071 0.0000000000
77320  44.063  37.547  13.304 0.0000000000
98001  44.845  37.486  11.893 0.0000000000
98002  44.652  37.678  10.329 0.0000000000
97998  45.848  37.503  12.108 0.0000000000
98005  46.077  37.468  12.879 0.0000000000
76542  45.483  36.705  15.201 0.0000000000
76554  45.448  36.505  13.887 0.0000000000
73243  35.144  31.411  6.992 0.0000000000
74496  34.903  33.305  9.474 0.0000000000
74497  34.486  33.331  8.933 0.0000000000
73883  34.509  32.574  9.344 0.0000000000
72542  36.471  30.596  8.362 0.0000000000
72543  35.724  30.751  7.954 0.0000000000
72539  39.145  30.245  8.729 0.0000000000
71852  38.667  29.971  8.287 0.0000000000
71850  40.114  29.566  8.198 0.0000000000
79410  41.790  40.429  7.595 0.0000000000
79417  41.729  40.366  6.540 0.0000000000
78844  43.006  39.412  5.188 0.0000000000
79436  42.080  39.787  5.388 0.0000000000
78846  41.115  39.489  5.201 0.0000000000
77946  42.020  38.357  19.211 0.0000000000
77208  42.330  37.379  19.662 0.0000000000
77209  41.565  37.432  19.822 0.0000000000
76471  40.684  36.034  20.319 0.0000000000
75049  39.885  33.663  18.844 0.0000000000
73801  38.886  32.702  18.693 0.0000000000
79981  36.117  41.254  8.167 0.0000000000
79353  36.895  40.249  11.155 0.0000000000
78747  37.628  39.507  11.687 0.0000000000
78761  38.303  39.636  11.177 0.0000000000
77324  39.687  37.400  13.220 0.0000000000
77336  38.977  37.050  12.045 0.0000000000
77323  40.768  37.436  13.156 0.0000000000
77980  42.003  38.439  17.254 0.0000000000
77998  41.868  38.260  15.908 0.0000000000
77960  42.617  39.102  17.781 0.0000000000
71812  40.407  29.500  12.099 0.0000000000
69880  39.886  26.525  10.301 0.0000000000
69863  40.285  27.152  10.675 0.0000000000
69207  40.421  25.873  10.113 0.0000000000
69206  41.083  26.143  10.214 0.0000000000
69214  40.084  25.365  9.224 0.0000000000
67389  39.091  22.543  10.265 0.0000000000
66626  39.313  22.075  9.394 0.0000000000
67398  39.369  23.047  9.536 0.0000000000
67397  40.035  22.626  9.177 0.0000000000
67396  40.992  22.420  9.278 0.0000000000
76581  40.952  36.360  11.202 0.0000000000
75820  40.784  35.875  11.590 0.0000000000
75795  40.591  35.162  13.684 0.0000000000
75783  41.291  35.588  15.296 0.0000000000
75093  40.954  34.911  15.551 0.0000000000
74461  39.535  33.587  14.747 0.0000000000
97681  42.121  29.953  15.579 0.0000000000
74378  44.191  34.437  22.352 0.0000000000
75043  45.272  34.765  20.597 0.0000000000
75027  42.382  33.781  20.591 0.0000000000
73799  40.751  33.398  18.795 0.0000000000
74419  40.883  33.542  18.922 0.0000000000
73811  39.932  32.637  17.739 0.0000000000
72376  44.874  30.914  23.089 0.0000000000
73752  42.660  32.455  21.826 0.0000000000
73053  45.246  31.514  22.571 0.0000000000
72409  46.285  30.213  19.079 0.0000000000
72410  45.410  30.427  20.079 0.0000000000
72429  44.349  30.445  19.464 0.0000000000
97683  42.596  31.206  18.420 0.0000000000
72452  43.780  30.479  18.288 0.0000000000
97675  42.991  31.312  17.143 0.0000000000
97665  42.446  29.193  15.988 0.0000000000
97676  42.660  29.625  16.266 0.0000000000
97677  41.854  29.296  15.397 0.0000000000
71198  41.984  28.698  13.807 0.0000000000
71199  41.012  28.722  13.810 0.0000000000
70544  39.059  28.375  13.482 0.0000000000
70557  38.292  27.317  11.661 0.0000000000
70523  37.883  27.782  14.937 0.0000000000
70536  38.562  28.068  14.490 0.0000000000
70537  37.671  27.889  14.174 0.0000000000
68667  36.106  24.906  11.652 0.0000000000
69197  36.222  25.514  11.282 0.0000000000
69196  36.888  25.590  11.164 0.0000000000
68677  36.474  24.840  11.132 0.0000000000
68119  36.657  24.076  11.134 0.0000000000
98151  40.658  47.720  6.401 0.0000000000
98156  40.360  46.641  5.485 0.0000000000
81187  41.416  43.136  7.156 0.0000000000
78743  41.676  39.140  10.703 0.0000000000
78760  40.861  40.275  10.720 0.0000000000
78759  41.812  40.099  10.480 0.0000000000
79963  42.604  41.755  10.694 0.0000000000
79953  41.972  40.929  10.644 0.0000000000
79964  41.948  41.536  9.987 0.0000000000
80516  41.636  42.570  9.156 0.0000000000
80526  43.572  43.556  9.092 0.0000000000
81174  42.517  43.640  8.578 0.0000000000
80528  42.097  42.524  8.128 0.0000000000
79975  42.495  41.662  8.303 0.0000000000
79974  43.483  41.689  8.902 0.0000000000
78785  45.608  39.911  8.508 0.0000000000
78786  44.506  40.000  8.491 0.0000000000
78797  44.859  39.490  8.419 0.0000000000
97983  44.720  38.939  8.206 0.0000000000
78052  46.969  37.539  10.964 0.0000000000
78067  47.340  38.431  10.198 0.0000000000
77368  46.583  37.285  11.108 0.0000000000
97979  45.648  36.993  10.746 0.0000000000
76571  42.251  36.594  11.972 0.0000000000
98000  42.181  36.633  11.051 0.0000000000
76595  41.672  36.510  10.999 0.0000000000
76596  41.252  36.629  10.809 0.0000000000
75806  39.702  35.271  12.336 0.0000000000
75807  38.382  34.897  12.587 0.0000000000
73863  37.983  32.902  12.484 0.0000000000
73872  37.587  32.635  11.919 0.0000000000
73188  37.727  32.174  11.542 0.0000000000
73184  41.446  30.928  10.302 0.0000000000
73186  39.734  31.454  11.544 0.0000000000
73194  38.629  31.533  10.814 0.0000000000
73200  39.750  31.139  9.683 0.0000000000
73199  40.391  30.811  9.487 0.0000000000
71829  41.499  29.544  8.819 0.0000000000
71849  40.995  29.450  7.953 0.0000000000
70554  41.543  28.390  11.253 0.0000000000
71215  43.369  28.388  9.859 0.0000000000
97697  43.875  28.982  10.510 0.0000000000
97693  45.771  29.523  10.701 0.0000000000
69899  43.442  26.168  8.327 0.0000000000
69886  44.016  26.532  8.791 0.0000000000
69885  44.428  26.697  8.351 0.0000000000
75843  36.212  35.602  9.603 0.0000000000
76601  36.830  35.888  10.532 0.0000000000
75824  36.837  34.511  11.453 0.0000000000
77370  40.549  37.878  9.185 0.0000000000
77380  40.479  37.739  7.822 0.0000000000
77381  39.710  37.300  8.153 0.0000000000
76620  39.204  36.704  8.103 0.0000000000
76630  38.610  35.681  7.547 0.0000000000
76622  37.468  35.838  8.770 0.0000000000
68057  39.609  22.086  13.570 0.0000000000
68056  40.651  22.277  13.814 0.0000000000
68055  41.502  23.136  14.099 0.0000000000
68054  42.509  23.174  14.116 0.0000000000
75769  43.695  36.503  16.504 0.0000000000
75059  43.331  35.177  18.748 0.0000000000
71742  40.834  30.119  18.283 0.0000000000
71741  41.398  29.717  18.733 0.0000000000
71751  41.094  29.441  18.001 0.0000000000
69802  38.702  27.158  16.876 0.0000000000
78010  43.012  38.354  14.799 0.0000000000
78021  43.369  37.570  14.099 0.0000000000
77996  43.676  38.888  15.426 0.0000000000
77995  44.621  38.813  15.391 0.0000000000
78008  45.143  38.217  14.680 0.0000000000
78006  46.195  37.900  14.631 0.0000000000
77264  45.608  38.026  15.800 0.0000000000
76521  45.653  37.609  15.655 0.0000000000
71203  42.456  29.447  12.080 0.0000000000
73878  35.846  32.798  10.315 0.0000000000
73882  35.357  32.477  9.759 0.0000000000
78805  43.368  39.244  7.312 0.0000000000
79416  42.374  39.779  6.409 0.0000000000
78843  43.205  39.314  5.927 0.0000000000
78124  42.592  38.626  5.013 0.0000000000
75173  35.826  34.765  6.739 0.0000000000
75884  34.909  35.067  6.529 0.0000000000
74523  34.120  33.513  6.249 0.0000000000
77247  41.346  37.675  17.898 0.0000000000
77210  40.528  37.369  19.697 0.0000000000
77232  40.262  37.285  18.627 0.0000000000
77233  39.657  37.045  18.851 0.0000000000
76558  38.423  36.585  14.856 0.0000000000
77308  39.323  37.115  14.531 0.0000000000
77268  41.400  37.412  16.566 0.0000000000
70556  39.144  27.819  11.757 0.0000000000
69881  39.041  26.486  10.299 0.0000000000
69208  39.346  25.602  9.857 0.0000000000
67368  39.381  21.378  12.179 0.0000000000
66609  39.660  21.147  11.093 0.0000000000
66617  40.215  21.196  10.144 0.0000000000
75793  41.890  36.069  12.380 0.0000000000
75804  41.368  35.833  11.981 0.0000000000
75082  40.534  34.050  16.473 0.0000000000
73832  39.832  32.676  15.907 0.0000000000
73148  40.390  32.170  15.725 0.0000000000
74409  41.173  33.579  19.849 0.0000000000
71117  44.905  28.576  20.458 0.0000000000
71705  46.147  29.829  21.058 0.0000000000
71116  46.002  28.575  19.695 0.0000000000
71115  46.228  28.734  18.760 0.0000000000
97661  46.010  29.161  18.519 0.0000000000
97667  44.432  29.793  17.451 0.0000000000
97672  42.697  28.756  16.488 0.0000000000
71778  41.979  28.427  15.581 0.0000000000
71793  41.527  28.706  15.291 0.0000000000
71191  38.724  28.479  14.106 0.0000000000
69848  36.060  27.246  13.735 0.0000000000
70547  36.309  27.816  13.073 0.0000000000
69860  35.257  26.408  12.442 0.0000000000
68668  35.762  24.926  12.188 0.0000000000
84365  40.571  48.053  7.382 0.0000000000
84364  41.592  48.530  7.175 0.0000000000
83188  41.398  46.307  6.680 0.0000000000
82499  40.938  44.811  6.675 0.0000000000
79379  38.569  40.464  9.998 0.0000000000
79378  39.509  40.489  10.263 0.0000000000
78043  43.821  39.273  10.458 0.0000000000
79360  43.890  40.997  10.518 0.0000000000
79951  43.752  41.548  11.512 0.0000000000
80494  43.835  42.388  11.665 0.0000000000
81142  43.516  43.370  10.081 0.0000000000
81127  44.828  42.827  11.154 0.0000000000
81154  45.378  43.143  10.580 0.0000000000
80513  44.241  42.950  9.460 0.0000000000
79973  44.346  41.361  9.110 0.0000000000
79376  45.383  40.811  9.649 0.0000000000
79389  46.023  40.399  8.947 0.0000000000
78784  46.476  39.657  8.732 0.0000000000
76564  46.511  36.516  12.407 0.0000000000
97984  45.984  36.910  11.445 0.0000000000
97989  45.573  36.579  11.642 0.0000000000
75109  38.744  33.781  13.573 0.0000000000
75122  38.498  33.952  13.097 0.0000000000
73862  38.402  32.685  13.076 0.0000000000
73175  41.533  30.701  11.328 0.0000000000
73191  41.044  30.786  9.581 0.0000000000
71828  42.445  29.697  8.248 0.0000000000
70565  42.480  27.624  9.996 0.0000000000
71227  44.369  28.219  9.609 0.0000000000
75153  34.589  34.108  8.614 0.0000000000
75844  35.561  34.914  10.100 0.0000000000
75142  35.640  34.085  10.269 0.0000000000
73880  37.036  32.182  10.620 0.0000000000
97971  42.021  37.085  6.361 0.0000000000
77389  40.598  37.093  6.942 0.0000000000
75157  36.662  34.553  7.024 0.0000000000
68118  37.849  23.895  11.127 0.0000000000
68133  38.237  24.265  10.528 0.0000000000
68098  39.717  22.121  12.891 0.0000000000
76555  44.181  36.509  13.866 0.0000000000
75771  41.923  35.808  16.541 0.0000000000
75770  43.148  36.132  16.608 0.0000000000
75072  40.314  33.702  16.942 0.0000000000
73812  39.854  32.674  16.987 0.0000000000
73767  40.804  32.322  20.880 0.0000000000
73057  41.462  31.840  21.736 0.0000000000
72392  42.515  31.064  22.014 0.0000000000
71119  43.472  29.385  20.599 0.0000000000
71130  42.189  29.232  19.614 0.0000000000
71129  42.746  28.897  20.150 0.0000000000
71118  44.007  28.986  20.490 0.0000000000
71137  42.751  28.521  18.934 0.0000000000
70496  42.077  27.669  17.411 0.0000000000
70520  40.315  27.736  15.755 0.0000000000
70522  38.655  27.756  15.307 0.0000000000
70524  37.138  27.920  14.719 0.0000000000
69837  37.344  27.665  15.430 0.0000000000
69855  35.217  26.682  13.338 0.0000000000
81849  39.392  44.297  7.433 0.0000000000
78038  40.150  38.206  11.266 0.0000000000
78037  41.200  38.489  11.282 0.0000000000
78036  42.381  38.576  10.896 0.0000000000
78026  42.992  38.490  11.380 0.0000000000
78035  43.562  38.212  10.514 0.0000000000
98004  44.641  38.446  10.355 0.0000000000
78754  45.848  38.431  10.466 0.0000000000
78771  46.693  39.299  10.187 0.0000000000
78753  46.273  37.955  10.542 0.0000000000
97995  47.396  37.072  12.254 0.0000000000
76552  46.342  37.324  14.387 0.0000000000
76563  46.877  36.998  13.046 0.0000000000
73157  39.557  32.245  14.416 0.0000000000
72499  41.538  30.555  12.821 0.0000000000
68690  41.609  24.681  8.845 0.0000000000
69212  42.272  25.515  9.159 0.0000000000
68689  42.463  24.909  8.712 0.0000000000
73242  35.882  31.380  6.166 0.0000000000
73886  34.377  32.668  8.603 0.0000000000
73221  34.366  31.985  8.431 0.0000000000
73220  35.125  31.340  8.201 0.0000000000
72561  36.320  31.038  7.104 0.0000000000
72574  37.193  30.338  6.491 0.0000000000
72573  38.091  30.342  6.861 0.0000000000
71871  38.603  29.768  7.513 0.0000000000
71870  39.350  29.270  7.305 0.0000000000
79420  42.395  39.886  5.795 0.0000000000
78111  42.168  38.433  5.966 0.0000000000
77944  43.573  38.584  17.837 0.0000000000
77229  43.164  37.394  18.414 0.0000000000
77207  42.815  36.664  19.067 0.0000000000
75701  42.654  35.488  20.769 0.0000000000
75686  42.405  35.581  21.916 0.0000000000
77189  40.797  37.735  20.950 0.0000000000
76433  41.346  36.341  22.115 0.0000000000
75009  40.917  34.024  21.373 0.0000000000
74394  40.711  33.781  20.200 0.0000000000
74411  40.008  33.526  18.351 0.0000000000
73768  39.659  32.194  20.266 0.0000000000
73073  40.422  31.917  20.680 0.0000000000
73096  40.336  31.562  19.940 0.0000000000
79412  36.752  41.053  7.698 0.0000000000
79381  36.563  40.284  9.625 0.0000000000
79367  36.818  40.332  10.485 0.0000000000
79380  37.618  40.467  9.764 0.0000000000
78762  37.848  39.678  10.917 0.0000000000
78039  38.954  37.948  11.210 0.0000000000
78028  38.310  37.604  11.857 0.0000000000
77346  39.758  37.409  11.402 0.0000000000
78012  41.005  38.248  15.027 0.0000000000
78011  41.994  38.380  14.920 0.0000000000
77997  42.796  39.032  15.701 0.0000000000
78654  43.323  39.385  17.341 0.0000000000
71807  41.950  29.463  13.025 0.0000000000
71204  41.838  29.216  12.514 0.0000000000
70567  40.729  27.541  10.554 0.0000000000
68686  39.149  24.599  9.661 0.0000000000
68139  39.282  23.893  9.403 0.0000000000
68692  39.709  24.530  9.185 0.0000000000
68691  40.610  24.552  9.189 0.0000000000
76598  40.019  36.705  10.729 0.0000000000
75833  39.303  36.345  11.359 0.0000000000
75821  39.963  35.974  11.524 0.0000000000
75120  39.942  34.764  12.728 0.0000000000
75108  39.215  34.035  13.723 0.0000000000
76557  41.904  36.058  14.586 0.0000000000
75791  40.613  35.174  14.766 0.0000000000
73840  39.547  32.807  14.585 0.0000000000
75730  44.295  35.381  19.799 0.0000000000
75045  43.746  34.794  19.652 0.0000000000
75047  41.322  33.868  19.354 0.0000000000
75061  41.370  34.206  18.724 0.0000000000
73766  41.768  32.469  20.969 0.0000000000
73785  41.823  32.482  20.093 0.0000000000
72390  44.785  31.200  21.555 0.0000000000
73093  43.406  31.458  20.433 0.0000000000
73107  42.003  31.287  18.674 0.0000000000
97670  44.210  30.000  16.787 0.0000000000
71799  42.149  29.155  13.536 0.0000000000
71800  41.502  29.211  13.372 0.0000000000
71809  40.069  29.504  12.662 0.0000000000
71205  39.438  28.922  12.373 0.0000000000
69195  37.780  25.672  11.053 0.0000000000
70535  39.406  27.895  14.847 0.0000000000
70545  38.441  28.059  13.591 0.0000000000
70551  36.703  27.715  12.367 0.0000000000
69866  37.306  26.459  11.160 0.0000000000
81877  41.645  45.202  5.760 0.0000000000
81189  39.528  43.349  7.486 0.0000000000
79349  40.290  39.957  11.217 0.0000000000
79362  41.626  40.927  10.784 0.0000000000
80542  39.697  42.431  7.802 0.0000000000
81158  42.071  43.392  8.643 0.0000000000
80529  41.583  42.520  8.206 0.0000000000
80540  41.487  42.338  7.058 0.0000000000
79993  41.567  41.343  7.265 0.0000000000
79409  42.282  40.158  8.131 0.0000000000
79391  43.989  40.750  8.535 0.0000000000
78787  43.533  39.896  8.566 0.0000000000
78799  42.773  39.409  8.196 0.0000000000
97988  44.299  38.689  7.629 0.0000000000
78782  47.428  38.992  10.059 0.0000000000
78068  47.546  38.653  9.498 0.0000000000
78069  46.512  38.658  8.431 0.0000000000
97982  42.462  38.170  8.854 0.0000000000
78055  41.971  38.062  9.448 0.0000000000
97999  42.214  37.437  10.151 0.0000000000
77369  41.456  37.624  9.817 0.0000000000
77354  40.989  37.290  10.270 0.0000000000
76584  38.226  36.167  11.425 0.0000000000
75823  37.261  35.200  11.832 0.0000000000
75133  37.233  34.018  11.740 0.0000000000
75123  37.723  34.037  12.390 0.0000000000
74488  36.972  33.315  11.699 0.0000000000
73873  36.738  32.756  11.554 0.0000000000
73876  37.129  32.313  11.324 0.0000000000
73178  38.544  31.841  13.022 0.0000000000
73187  38.453  31.869  11.904 0.0000000000
73198  40.677  30.471  9.421 0.0000000000
72514  40.354  30.196  9.001 0.0000000000
97686  43.164  29.356  11.052 0.0000000000
97691  43.345  29.215  10.949 0.0000000000
97692  44.227  29.615  9.917 0.0000000000
69887  42.994  26.501  9.017 0.0000000000
70577  44.075  27.122  9.387 0.0000000000
70575  45.320  27.617  8.786 0.0000000000
71224  45.379  27.958  9.462 0.0000000000
97701  45.695  28.783  10.074 0.0000000000
97703  46.646  30.573  10.954 0.0000000000
97696  46.315  31.272  10.334 0.0000000000
73241  44.100  31.473  8.380 0.0000000000
73255  44.158  31.492  7.712 0.0000000000
72537  43.381  30.817  7.568 0.0000000000
67318  43.586  22.178  14.957 0.0000000000
67338  43.503  22.270  14.022 0.0000000000
67337  44.277  22.149  14.070 0.0000000000
67352  43.389  22.575  13.608 0.0000000000
67351  43.864  22.469  13.412 0.0000000000
68033  43.205  22.478  14.470 0.0000000000
69191  35.989  25.768  12.030 0.0000000000
69192  35.295  25.546  12.347 0.0000000000
69819  39.546  27.463  16.620 0.0000000000
69821  38.255  27.464  15.863 0.0000000000
69849  35.626  26.860  14.226 0.0000000000
69854  35.951  26.984  12.915 0.0000000000
69867  36.381  26.351  11.294 0.0000000000
70464  41.527  27.961  18.396 0.0000000000
70465  40.924  27.854  18.073 0.0000000000
70477  42.153  27.892  18.247 0.0000000000
70500  38.935  27.801  15.967 0.0000000000
70552  36.150  27.508  12.543 0.0000000000
70576  44.571  27.275  8.707 0.0000000000
71104  45.683  29.039  20.716 0.0000000000
71105  45.173  28.798  21.146 0.0000000000
71126  45.405  28.552  18.885 0.0000000000
71127  44.750  28.523  19.446 0.0000000000
71128  43.807  28.548  19.829 0.0000000000
71135  44.439  28.530  18.595 0.0000000000
71138  41.750  28.678  18.899 0.0000000000
71144  43.203  28.535  17.895 0.0000000000
71145  41.447  29.074  18.230 0.0000000000
71173  40.456  27.989  15.234 0.0000000000
71197  42.322  29.023  13.796 0.0000000000
71201  38.988  28.570  13.835 0.0000000000
71225  44.912  27.761  9.004 0.0000000000
71690  45.274  30.271  21.804 0.0000000000
71691  44.992  30.400  22.356 0.0000000000
71692  44.559  30.863  22.412 0.0000000000
71704  47.067  29.873  20.102 0.0000000000
71707  44.101  30.575  21.675 0.0000000000
71708  43.176  30.570  21.771 0.0000000000
71721  46.491  29.414  18.588 0.0000000000
71722  47.206  29.146  19.121 0.0000000000
71723  46.364  29.389  20.027 0.0000000000
71724  44.681  28.901  21.108 0.0000000000
71725  44.088  29.561  21.070 0.0000000000
71726  43.043  30.341  20.820 0.0000000000
71733  46.502  29.034  18.553 0.0000000000
71735  41.878  29.744  19.435 0.0000000000
71813  39.844  29.429  12.099 0.0000000000
72363  45.174  31.495  23.261 0.0000000000
72364  44.622  31.664  23.236 0.0000000000
72365  44.147  31.854  23.262 0.0000000000
72375  45.361  31.014  22.642 0.0000000000
72377  43.872  31.487  22.485 0.0000000000
72378  42.903  31.624  22.465 0.0000000000
72389  45.177  30.644  21.520 0.0000000000
72391  43.340  30.785  22.140 0.0000000000
72393  41.870  31.477  21.847 0.0000000000
72408  45.173  29.539  18.246 0.0000000000
72411  44.406  30.887  20.818 0.0000000000
72412  43.826  31.224  20.617 0.0000000000
72413  42.101  30.574  21.106 0.0000000000
72428  45.228  30.494  19.084 0.0000000000
72430  43.622  30.763  19.997 0.0000000000
72431  42.285  30.402  20.515 0.0000000000
72432  41.647  30.780  20.234 0.0000000000
72433  41.045  31.439  20.069 0.0000000000
72437  43.893  30.487  18.737 0.0000000000
72438  43.454  30.988  19.051 0.0000000000
72439  43.012  31.257  18.718 0.0000000000
72453  43.402  30.614  18.356 0.0000000000
72454  43.032  30.914  18.473 0.0000000000
72572  44.110  31.498  7.486 0.0000000000
73025  44.952  32.002  23.404 0.0000000000
73026  44.378  32.075  23.388 0.0000000000
73027  43.791  32.091  23.201 0.0000000000
73040  45.340  31.871  23.075 0.0000000000
73041  45.242  32.028  22.801 0.0000000000
73042  43.169  32.012  22.569 0.0000000000
73043  42.307  31.876  22.429 0.0000000000
73044  41.752  32.037  22.238 0.0000000000
73054  44.813  31.669  22.206 0.0000000000
73055  44.326  31.992  21.794 0.0000000000
73056  41.901  31.675  22.154 0.0000000000
73058  40.882  32.020  21.329 0.0000000000
73069  44.458  31.509  21.545 0.0000000000
73070  43.810  31.704  21.176 0.0000000000
73071  43.259  32.023  20.740 0.0000000000
73092  44.265  30.396  18.851 0.0000000000
73094  42.853  31.714  20.174 0.0000000000
73105  43.215  31.308  19.758 0.0000000000
73205  34.223  32.136  9.058 0.0000000000
73218  46.907  31.374  8.874 0.0000000000
73238  45.935  31.388  7.870 0.0000000000
73239  45.472  31.456  7.957 0.0000000000
73240  44.688  31.521  7.994 0.0000000000
73254  44.386  31.480  7.812 0.0000000000
73712  45.041  32.240  23.181 0.0000000000
73713  44.524  32.272  23.206 0.0000000000
73714  44.106  32.245  23.244 0.0000000000
73730  45.211  32.246  23.000 0.0000000000
73731  44.698  32.302  22.729 0.0000000000
73732  43.673  32.281  22.707 0.0000000000
73734  41.995  32.190  22.323 0.0000000000
73750  44.445  32.167  22.196 0.0000000000
73751  43.750  32.369  21.835 0.0000000000
73753  41.723  32.296  21.810 0.0000000000
73754  41.207  32.156  21.482 0.0000000000
73765  42.724  32.398  20.836 0.0000000000
73784  42.199  31.915  19.763 0.0000000000
73797  42.081  31.366  19.067 0.0000000000
73821  39.907  32.603  16.741 0.0000000000
73841  38.822  32.857  14.438 0.0000000000
74356  44.019  34.555  22.479 0.0000000000
74357  43.778  34.489  22.486 0.0000000000
74358  43.239  34.383  22.457 0.0000000000
74379  43.730  34.026  22.446 0.0000000000
74381  41.579  33.832  21.326 0.0000000000
74382  40.860  33.677  20.987 0.0000000000
74390  44.413  34.086  22.012 0.0000000000
74391  43.629  33.617  21.697 0.0000000000
74392  42.361  33.634  21.166 0.0000000000
74393  41.345  33.556  20.749 0.0000000000
74408  41.861  33.549  20.463 0.0000000000
74432  39.634  32.902  16.961 0.0000000000
74442  39.601  32.972  16.724 0.0000000000
74463  38.545  33.094  14.184 0.0000000000
74982  44.014  34.823  22.423 0.0000000000
74983  43.252  34.862  22.433 0.0000000000
74984  42.586  34.818  22.106 0.0000000000
74985  42.045  34.976  21.537 0.0000000000
75005  45.195  35.074  21.251 0.0000000000
75006  44.625  34.783  21.627 0.0000000000
75007  42.332  34.556  21.739 0.0000000000
75008  41.771  34.569  21.422 0.0000000000
75024  45.329  34.863  21.014 0.0000000000
75025  44.631  34.327  20.953 0.0000000000
75026  43.201  34.061  20.723 0.0000000000
75028  41.167  34.579  21.019 0.0000000000
75044  45.085  34.672  20.056 0.0000000000
75048  40.107  34.093  19.440 0.0000000000
75684  44.209  35.272  21.937 0.0000000000
75685  43.163  35.205  22.173 0.0000000000
75687  41.923  35.656  22.130 0.0000000000
75698  45.308  35.183  20.968 0.0000000000
75699  44.759  35.322  21.205 0.0000000000
75700  43.431  35.279  21.275 0.0000000000
75702  41.723  35.559  21.686 0.0000000000
75713  45.383  35.127  20.721 0.0000000000
75714  45.089  35.359  20.546 0.0000000000
75716  43.140  35.466  20.530 0.0000000000
75717  41.509  35.503  21.144 0.0000000000
75718  41.079  35.361  20.563 0.0000000000
75728  45.394  34.878  20.718 0.0000000000
75729  45.372  35.062  20.366 0.0000000000
75743  42.962  35.478  18.467 0.0000000000
75803  41.724  36.205  12.101 0.0000000000
75819  40.850  35.918  11.438 0.0000000000
75832  39.660  36.473  11.094 0.0000000000
76421  42.383  35.754  22.038 0.0000000000
76422  42.225  36.422  22.453 0.0000000000
76423  41.655  36.663  22.766 0.0000000000
76424  41.276  37.453  22.519 0.0000000000
76431  42.688  35.265  21.672 0.0000000000
76432  42.217  36.027  21.460 0.0000000000
76434  40.960  37.207  22.444 0.0000000000
76450  43.433  36.154  19.835 0.0000000000
76451  42.756  36.185  20.287 0.0000000000
76452  41.422  36.101  21.575 0.0000000000
76453  40.784  36.666  21.256 0.0000000000
76454  40.354  37.118  20.575 0.0000000000
76469  43.651  36.304  19.359 0.0000000000
76470  42.988  36.501  19.584 0.0000000000
76489  39.836  36.873  18.561 0.0000000000
76522  45.029  37.560  15.986 0.0000000000
76540  46.451  37.624  15.026 0.0000000000
76570  47.255  36.726  12.411 0.0000000000
76580  41.391  36.319  11.408 0.0000000000
76583  38.831  36.344  11.394 0.0000000000
76597  40.710  36.747  10.684 0.0000000000
76599  38.978  36.712  10.752 0.0000000000
76628  40.146  36.612  7.051 0.0000000000
76646  40.442  36.305  6.597 0.0000000000
77159  42.073  37.145  22.771 0.0000000000
77160  41.441  37.726  22.355 0.0000000000
77161  41.080  38.017  22.448 0.0000000000
77173  42.217  37.313  22.204 0.0000000000
77175  40.576  37.966  22.016 0.0000000000
77187  42.190  37.327  21.172 0.0000000000
77188  41.489  38.037  21.086 0.0000000000
77211  39.679  37.185  19.420 0.0000000000
77230  42.570  37.969  18.873 0.0000000000
77231  41.311  37.723  18.955 0.0000000000
77266  44.082  36.862  15.612 0.0000000000
77267  43.760  37.062  15.595 0.0000000000
77285  46.350  37.900  14.838 0.0000000000
77286  46.204  37.892  15.346 0.0000000000
77287  44.234  37.042  15.407 0.0000000000
77288  43.994  37.120  15.395 0.0000000000
77289  41.448  37.554  15.732 0.0000000000
77301  46.201  37.381  13.822 0.0000000000
77302  45.536  37.538  14.066 0.0000000000
77304  44.161  37.567  14.075 0.0000000000
77318  45.821  37.469  13.489 0.0000000000
77332  43.561  37.858  11.882 0.0000000000
77343  42.135  38.471  11.566 0.0000000000
77345  40.699  37.582  11.400 0.0000000000
77880  41.230  38.640  22.334 0.0000000000
77881  41.145  38.413  22.413 0.0000000000
77891  41.220  38.998  21.904 0.0000000000
77892  40.879  38.741  22.351 0.0000000000
77907  40.962  38.692  21.385 0.0000000000
77908  40.671  38.751  21.762 0.0000000000
77925  42.341  38.130  19.114 0.0000000000
77926  42.094  37.921  19.493 0.0000000000
77958  44.559  38.602  16.646 0.0000000000
77959  44.205  38.569  17.271 0.0000000000
77977  45.455  38.676  16.028 0.0000000000
77978  45.145  38.627  16.309 0.0000000000
77993  46.177  38.212  14.867 0.0000000000
77994  45.609  38.418  15.404 0.0000000000
78007  45.952  38.072  14.594 0.0000000000
78009  44.071  38.140  14.573 0.0000000000
78027  42.400  38.495  11.505 0.0000000000
78054  42.428  37.737  9.479 0.0000000000
78632  43.373  39.179  17.900 0.0000000000
78633  43.011  39.387  18.030 0.0000000000
78676  45.225  38.925  16.318 0.0000000000
78677  44.756  39.069  16.585 0.0000000000
78678  44.128  39.409  16.666 0.0000000000
78701  44.089  39.438  15.961 0.0000000000
78702  43.485  39.370  15.859 0.0000000000
78734  38.242  38.274  11.862 0.0000000000
78755  45.411  39.339  10.385 0.0000000000
78758  43.111  40.251  9.894 0.0000000000
78770  46.905  38.577  10.484 0.0000000000
78783  47.111  39.378  9.329 0.0000000000
78806  42.705  39.499  7.012 0.0000000000
78807  41.852  39.678  7.038 0.0000000000
79352  37.317  39.945  11.258 0.0000000000
79928  44.144  42.163  12.186 0.0000000000
79929  43.727  42.222  12.313 0.0000000000
79930  43.514  42.223  12.331 0.0000000000
79940  45.744  41.856  11.355 0.0000000000
79942  43.732  41.886  12.335 0.0000000000
79943  43.343  42.136  12.332 0.0000000000
79948  46.409  41.890  10.620 0.0000000000
79949  45.730  41.447  10.520 0.0000000000
79950  44.818  41.500  11.013 0.0000000000
79952  42.872  41.670  11.559 0.0000000000
79959  46.473  42.027  10.468 0.0000000000
79961  45.111  41.792  9.516 0.0000000000
79962  44.110  42.024  9.427 0.0000000000
79992  42.054  41.755  7.747 0.0000000000
80479  43.995  42.385  12.119 0.0000000000
80480  43.613  42.377  12.161 0.0000000000
80481  43.406  42.367  12.186 0.0000000000
80491  46.168  42.244  11.172 0.0000000000
80492  45.446  42.383  11.293 0.0000000000
80493  44.572  42.296  11.387 0.0000000000
80495  43.192  42.384  12.060 0.0000000000
80500  46.332  42.248  10.681 0.0000000000
80501  45.849  42.624  10.845 0.0000000000
80502  44.666  42.633  10.939 0.0000000000
80503  44.328  42.502  10.772 0.0000000000
80504  43.478  42.375  10.853 0.0000000000
80511  46.337  42.229  10.341 0.0000000000
80512  45.719  42.667  10.103 0.0000000000
80527  43.256  43.009  8.665 0.0000000000
81126  45.091  42.794  11.206 0.0000000000
81139  45.434  42.969  11.047 0.0000000000
81140  44.754  43.162  10.716 0.0000000000
81141  44.070  43.543  10.352 0.0000000000
81155  44.417  43.490  10.133 0.0000000000
81157  42.713  43.738  9.343 0.0000000000
81172  43.937  43.848  9.463 0.0000000000
81173  43.405  44.084  8.953 0.0000000000
81808  44.215  43.866  10.221 0.0000000000
81809  44.154  44.419  10.376 0.0000000000
81818  44.270  44.303  10.189 0.0000000000
81819  44.326  44.704  10.202 0.0000000000
83767  41.821  48.551  8.938 0.0000000000
83768  40.929  48.477  9.152 0.0000000000
83777  42.151  48.205  8.205 0.0000000000
83788  42.092  48.254  7.560 0.0000000000
83790  40.364  47.369  7.510 0.0000000000
84340  41.751  48.853  8.725 0.0000000000
84341  41.473  49.032  8.897 0.0000000000
84342  40.857  49.146  8.911 0.0000000000
84353  42.052  48.958  8.443 0.0000000000
84354  41.717  49.053  8.596 0.0000000000
84355  40.419  48.649  8.147 0.0000000000
84363  42.415  48.925  7.789 0.0000000000
84916  41.466  49.176  8.698 0.0000000000
84917  41.255  49.299  8.745 0.0000000000
84931  41.990  49.184  8.333 0.0000000000
84932  41.677  49.236  8.432 0.0000000000
84933  41.163  49.397  8.321 0.0000000000
84944  42.117  49.268  8.136 0.0000000000
84945  41.788  49.430  7.797 0.0000000000
84946  41.064  49.122  7.617 0.0000000000
97658  45.485  28.911  18.166 0.0000000000
97659  45.581  28.712  18.552 0.0000000000
97662  44.999  28.548  18.300 0.0000000000
97663  43.585  28.856  17.353 0.0000000000
97666  44.420  30.058  17.360 0.0000000000
97669  44.563  30.343  18.812 0.0000000000
97673  44.139  30.380  18.430 0.0000000000
97674  44.100  29.785  16.804 0.0000000000
97678  43.578  30.592  17.769 0.0000000000
97684  43.756  29.904  16.626 0.0000000000
97685  42.787  30.744  17.925 0.0000000000
97694  46.263  29.122  10.515 0.0000000000
97700  46.604  28.856  10.380 0.0000000000
97702  46.754  29.265  10.615 0.0000000000
97705  46.739  31.544  9.415 0.0000000000
97706  45.405  31.688  9.139 0.0000000000
97707  44.108  28.646  10.098 0.0000000000
97710  46.539  28.411  9.708 0.0000000000
97711  45.325  31.646  8.383 0.0000000000
97712  44.894  31.783  8.441 0.0000000000
97713  47.482  29.859  10.921 0.0000000000
97976  42.247  38.472  8.175 0.0000000000
97977  44.319  38.920  7.714 0.0000000000
97978  41.731  38.493  8.005 0.0000000000
97981  45.561  39.294  8.454 0.0000000000
97986  46.850  37.461  11.265 0.0000000000
97991  46.707  37.391  10.970 0.0000000000
97992  45.853  37.252  10.854 0.0000000000
97997  41.775  36.437  11.416 0.0000000000
98152  40.222  47.297  6.911 0.0000000000
98155  40.198  47.510  6.925 0.0000000000
