#!ascii label  , from subject output2 vox2ras=TkReg
904
39950  17.811  -6.685  33.114 0.0000000000
49603  32.950  2.398  21.258 0.0000000000
44277  26.576  -3.729  30.782 0.0000000000
36644  3.242  -9.151  37.090 0.0000000000
95315  15.312  -2.529  39.975 0.0000000000
47669  25.801  0.965  26.262 0.0000000000
38763  8.591  -7.862  34.033 0.0000000000
34830  6.317  -11.669  36.022 0.0000000000
40981  12.568  -5.413  33.076 0.0000000000
50552  36.678  1.774  20.952 0.0000000000
44223  19.845  -2.607  34.088 0.0000000000
45312  23.298  -2.949  32.290 0.0000000000
39908  23.678  -6.112  34.840 0.0000000000
53566  34.578  6.347  19.219 0.0000000000
51567  37.452  5.294  18.772 0.0000000000
50541  30.116  3.733  22.608 0.0000000000
46651  34.000  -0.977  23.904 0.0000000000
45519  28.985  -1.808  23.410 0.0000000000
44307  29.773  -2.846  28.329 0.0000000000
37590  16.343  -8.671  38.371 0.0000000000
32880  1.322  -13.379  38.556 0.0000000000
33833  -2.410  -12.279  38.160 0.0000000000
35633  -5.363  -10.315  41.802 0.0000000000
40901  15.275  -3.305  36.625 0.0000000000
95236  14.175  -6.070  37.596 0.0000000000
46488  24.749  -1.252  31.209 0.0000000000
44217  27.091  -2.871  34.800 0.0000000000
54628  39.502  7.294  17.311 0.0000000000
50554  34.981  2.120  20.586 0.0000000000
49563  34.672  1.177  22.539 0.0000000000
42053  19.879  -4.898  33.044 0.0000000000
42051  22.154  -5.017  33.099 0.0000000000
39947  21.396  -6.770  33.344 0.0000000000
52562  32.997  5.200  21.008 0.0000000000
53546  34.319  6.655  21.699 0.0000000000
51542  34.048  4.243  19.847 0.0000000000
49622  35.711  2.804  19.015 0.0000000000
94412  -5.029  -16.589  40.356 0.0000000000
47731  29.440  0.636  22.965 0.0000000000
48683  28.244  1.420  23.509 0.0000000000
95678  24.798  -2.309  28.766 0.0000000000
44331  26.508  -2.889  26.075 0.0000000000
44295  28.707  -3.268  29.445 0.0000000000
45357  29.201  -2.343  32.645 0.0000000000
35753  4.813  -10.658  36.034 0.0000000000
33852  5.586  -12.879  36.971 0.0000000000
34777  3.985  -12.366  37.245 0.0000000000
33807  3.224  -13.500  39.050 0.0000000000
34809  2.138  -11.430  37.134 0.0000000000
35715  -1.332  -10.506  38.326 0.0000000000
34727  -3.794  -11.134  39.725 0.0000000000
95297  15.204  -3.098  38.855 0.0000000000
38685  15.195  -5.455  37.938 0.0000000000
95299  15.019  -4.915  38.114 0.0000000000
36709  11.938  -9.940  33.870 0.0000000000
37709  13.728  -8.489  34.326 0.0000000000
45300  24.692  -3.361  35.244 0.0000000000
44220  24.726  -2.917  33.622 0.0000000000
48667  28.035  1.382  25.519 0.0000000000
47637  26.754  0.555  29.075 0.0000000000
46542  26.078  -1.126  30.545 0.0000000000
35784  9.255  -10.531  34.126 0.0000000000
34828  8.499  -11.833  36.016 0.0000000000
36691  7.693  -9.641  35.024 0.0000000000
37642  5.485  -8.127  35.099 0.0000000000
37644  4.133  -8.103  36.362 0.0000000000
44226  13.956  -2.403  35.525 0.0000000000
43120  11.189  -3.233  35.278 0.0000000000
38791  9.842  -6.769  33.037 0.0000000000
46521  18.699  -0.705  31.787 0.0000000000
46464  22.589  -0.998  31.488 0.0000000000
44240  22.295  -2.947  31.423 0.0000000000
43135  24.518  -4.414  33.899 0.0000000000
54613  37.182  7.321  18.503 0.0000000000
52575  36.369  5.584  19.197 0.0000000000
49620  38.006  2.769  19.203 0.0000000000
49585  31.197  2.531  21.696 0.0000000000
48717  33.316  1.008  22.126 0.0000000000
47747  31.500  0.790  22.014 0.0000000000
45539  31.332  -1.429  23.118 0.0000000000
45480  31.849  -2.096  25.502 0.0000000000
46634  27.331  -0.686  24.094 0.0000000000
44328  30.136  -2.841  25.945 0.0000000000
36687  16.828  -9.694  34.975 0.0000000000
37655  20.251  -8.802  35.639 0.0000000000
52518  31.220  5.504  22.862 0.0000000000
36629  1.173  -8.871  37.926 0.0000000000
34780  0.161  -11.420  38.061 0.0000000000
33831  -0.271  -12.393  38.179 0.0000000000
31837  -1.009  -15.508  40.766 0.0000000000
31878  -2.582  -14.091  38.423 0.0000000000
94425  -4.904  -13.215  39.178 0.0000000000
94442  -6.150  -12.847  41.207 0.0000000000
32802  -7.600  -12.918  42.629 0.0000000000
39929  15.599  -6.397  33.504 0.0000000000
37638  14.216  -8.350  36.232 0.0000000000
38662  14.655  -7.849  38.870 0.0000000000
95261  13.921  -4.780  35.003 0.0000000000
45389  26.019  -3.328  31.128 0.0000000000
45332  23.604  -2.627  31.621 0.0000000000
44250  25.304  -2.982  32.219 0.0000000000
45359  26.866  -2.779  32.192 0.0000000000
40899  21.796  -6.677  37.220 0.0000000000
53593  40.712  6.482  16.921 0.0000000000
53596  38.205  6.901  17.510 0.0000000000
52583  39.715  5.491  18.067 0.0000000000
50555  33.891  2.253  20.536 0.0000000000
50518  34.736  1.433  21.919 0.0000000000
49582  33.986  1.720  22.261 0.0000000000
42054  18.850  -4.856  33.166 0.0000000000
40972  20.688  -6.083  32.603 0.0000000000
39948  20.288  -7.433  33.224 0.0000000000
50556  33.134  3.090  20.667 0.0000000000
51543  33.360  4.489  20.311 0.0000000000
50571  33.540  3.761  20.222 0.0000000000
50570  34.085  2.995  19.711 0.0000000000
94469  -5.532  -17.011  40.573 0.0000000000
49550  29.000  2.463  24.197 0.0000000000
49542  29.086  2.654  25.473 0.0000000000
43171  26.126  -2.832  29.812 0.0000000000
95666  26.657  -3.424  28.369 0.0000000000
43182  26.934  -3.778  29.866 0.0000000000
44264  28.692  -2.865  31.043 0.0000000000
44265  27.644  -3.243  31.098 0.0000000000
35732  3.696  -10.355  37.042 0.0000000000
34807  4.189  -11.508  36.606 0.0000000000
34808  3.263  -11.636  37.140 0.0000000000
33853  2.577  -12.395  37.286 0.0000000000
35733  2.778  -10.302  37.056 0.0000000000
95276  15.236  -4.931  38.324 0.0000000000
44185  14.404  -2.785  37.501 0.0000000000
35766  11.743  -11.226  35.536 0.0000000000
47537  22.216  1.251  33.093 0.0000000000
45283  24.762  -2.917  36.286 0.0000000000
46563  26.113  -0.381  29.662 0.0000000000
47616  26.123  0.357  30.293 0.0000000000
37688  8.788  -8.589  33.981 0.0000000000
36690  8.073  -10.082  34.596 0.0000000000
37664  8.044  -9.083  34.459 0.0000000000
37666  6.545  -8.178  35.066 0.0000000000
38728  5.247  -7.232  35.831 0.0000000000
37643  4.994  -8.238  36.015 0.0000000000
44187  12.400  -2.299  35.926 0.0000000000
39914  9.059  -6.086  34.597 0.0000000000
40930  9.888  -5.281  34.163 0.0000000000
38762  9.016  -7.368  33.746 0.0000000000
36727  9.713  -8.809  33.044 0.0000000000
45336  20.382  -1.923  31.913 0.0000000000
44242  19.593  -3.012  32.127 0.0000000000
40970  22.979  -5.898  33.398 0.0000000000
42050  23.104  -4.882  33.215 0.0000000000
42016  24.396  -5.193  34.665 0.0000000000
43124  24.516  -4.366  35.314 0.0000000000
41998  23.562  -4.981  36.003 0.0000000000
53557  34.282  6.672  20.320 0.0000000000
53572  36.379  6.685  19.153 0.0000000000
53573  35.451  6.225  19.156 0.0000000000
49614  36.127  2.191  19.419 0.0000000000
49621  36.754  2.730  19.101 0.0000000000
49613  37.222  2.071  19.930 0.0000000000
49586  30.442  2.864  22.146 0.0000000000
48719  31.405  1.692  22.065 0.0000000000
48720  30.574  2.031  22.103 0.0000000000
46632  29.388  -0.696  23.053 0.0000000000
46655  30.174  -0.210  23.060 0.0000000000
45518  30.366  -1.752  23.309 0.0000000000
45498  31.864  -2.070  24.631 0.0000000000
44365  30.874  -2.509  24.172 0.0000000000
47668  27.137  0.965  25.968 0.0000000000
47688  27.286  0.959  24.831 0.0000000000
47710  26.022  0.077  24.845 0.0000000000
44317  28.617  -3.468  27.089 0.0000000000
44330  27.749  -2.984  26.061 0.0000000000
44316  29.813  -2.826  26.994 0.0000000000
44315  30.852  -2.768  26.845 0.0000000000
37636  17.018  -9.584  36.183 0.0000000000
37635  18.476  -8.805  36.375 0.0000000000
51496  30.152  4.288  23.531 0.0000000000
51513  30.214  4.456  22.793 0.0000000000
50558  31.195  4.051  21.359 0.0000000000
34829  7.323  -11.743  35.971 0.0000000000
33869  6.960  -12.728  36.293 0.0000000000
32879  1.880  -13.522  38.747 0.0000000000
33808  2.271  -13.632  39.350 0.0000000000
32844  1.790  -13.610  39.801 0.0000000000
32864  0.886  -13.729  39.121 0.0000000000
37597  0.560  -8.536  38.938 0.0000000000
35713  0.443  -10.338  38.070 0.0000000000
36631  -0.203  -9.505  38.339 0.0000000000
34782  -2.106  -11.243  38.461 0.0000000000
34781  -0.950  -11.352  38.079 0.0000000000
33832  -1.426  -12.304  38.201 0.0000000000
31858  -0.394  -14.605  39.061 0.0000000000
31877  -1.250  -14.193  38.447 0.0000000000
31859  -1.665  -15.164  39.505 0.0000000000
35650  -4.154  -10.716  41.156 0.0000000000
94424  -3.836  -12.572  39.087 0.0000000000
94468  -4.901  -12.169  39.786 0.0000000000
94451  -5.867  -13.502  40.009 0.0000000000
42003  15.884  -3.631  36.450 0.0000000000
40924  16.358  -4.511  35.166 0.0000000000
39912  15.104  -4.460  35.171 0.0000000000
37683  14.482  -7.694  34.411 0.0000000000
38724  14.742  -6.594  35.442 0.0000000000
95245  14.820  -6.151  38.482 0.0000000000
38684  14.501  -6.767  38.632 0.0000000000
39853  14.583  -6.871  39.069 0.0000000000
42022  13.530  -3.492  34.001 0.0000000000
42021  14.704  -3.566  34.828 0.0000000000
40950  13.579  -4.470  33.157 0.0000000000
38761  13.867  -7.928  34.871 0.0000000000
47727  33.766  -0.098  23.056 0.0000000000
47726  34.887  -0.238  23.511 0.0000000000
46650  34.826  -0.799  23.896 0.0000000000
46487  25.423  -0.289  31.150 0.0000000000
46513  26.058  -0.904  30.946 0.0000000000
46515  25.202  -2.340  31.217 0.0000000000
46445  22.891  -2.118  32.027 0.0000000000
46463  23.137  -1.582  32.014 0.0000000000
46444  23.281  -2.772  32.117 0.0000000000
44219  25.452  -3.001  34.070 0.0000000000
44237  25.023  -2.875  32.890 0.0000000000
44236  25.847  -2.872  33.208 0.0000000000
45360  25.944  -2.957  32.117 0.0000000000
45330  26.830  -2.787  33.037 0.0000000000
45329  27.687  -2.628  33.287 0.0000000000
39899  21.245  -6.839  36.783 0.0000000000
54641  39.875  7.117  16.671 0.0000000000
53571  37.166  6.235  18.881 0.0000000000
53582  37.448  6.690  18.193 0.0000000000
52585  38.267  5.821  18.375 0.0000000000
52584  39.250  5.826  18.207 0.0000000000
51564  39.832  4.956  18.398 0.0000000000
39915  8.427  -6.604  35.109 0.0000000000
38725  7.838  -7.047  35.475 0.0000000000
50553  35.778  1.576  20.602 0.0000000000
50515  36.894  1.287  22.910 0.0000000000
50516  36.226  1.264  22.597 0.0000000000
43125  19.802  -3.220  34.345 0.0000000000
43136  20.409  -4.056  32.897 0.0000000000
42052  20.942  -4.725  33.008 0.0000000000
40971  21.924  -5.989  32.601 0.0000000000
39926  22.808  -6.573  34.193 0.0000000000
52542  34.030  5.857  22.466 0.0000000000
52561  33.862  5.916  21.250 0.0000000000
52571  34.118  5.463  19.958 0.0000000000
51557  34.485  4.492  19.087 0.0000000000
52577  34.753  5.430  19.091 0.0000000000
50583  34.408  3.472  19.112 0.0000000000
49615  35.211  2.273  19.210 0.0000000000
29373  -3.819  -17.507  40.665 0.0000000000
50519  29.437  3.600  23.334 0.0000000000
49564  30.023  2.614  22.935 0.0000000000
48703  29.234  1.933  23.149 0.0000000000
47707  28.477  0.190  23.152 0.0000000000
46589  24.430  -0.486  26.903 0.0000000000
45499  25.122  -1.605  25.480 0.0000000000
43218  26.090  -3.002  27.113 0.0000000000
95679  27.172  -3.795  27.768 0.0000000000
44294  29.841  -2.937  29.478 0.0000000000
44275  29.434  -2.862  30.366 0.0000000000
45386  29.592  -2.669  31.722 0.0000000000
37537  15.970  -8.563  39.635 0.0000000000
35752  5.574  -10.745  35.256 0.0000000000
33870  5.998  -12.747  36.258 0.0000000000
34832  4.738  -11.655  36.175 0.0000000000
34776  4.577  -12.359  37.191 0.0000000000
33827  4.601  -12.786  38.114 0.0000000000
33854  2.210  -12.191  37.510 0.0000000000
33829  2.131  -12.774  38.184 0.0000000000
35689  -0.845  -9.885  38.785 0.0000000000
35670  -1.813  -10.154  40.638 0.0000000000
34749  -2.114  -11.124  39.992 0.0000000000
33809  -2.949  -12.024  38.891 0.0000000000
34726  -2.984  -11.041  40.316 0.0000000000
34705  -3.185  -10.975  41.166 0.0000000000
35632  -4.277  -10.060  41.972 0.0000000000
95275  15.335  -3.071  37.997 0.0000000000
95258  15.545  -4.433  37.118 0.0000000000
95298  14.881  -3.644  38.335 0.0000000000
38789  12.087  -7.408  33.128 0.0000000000
38788  13.294  -7.755  33.163 0.0000000000
36708  12.936  -9.649  34.421 0.0000000000
45514  34.412  -1.893  24.719 0.0000000000
47578  23.323  -0.104  31.505 0.0000000000
45311  23.860  -3.077  33.509 0.0000000000
45310  24.042  -2.876  32.941 0.0000000000
45299  24.660  -3.307  34.426 0.0000000000
44200  25.104  -3.038  34.953 0.0000000000
55482  39.465  8.169  18.435 0.0000000000
94471  -7.389  -14.564  42.275 0.0000000000
48635  28.647  1.885  27.372 0.0000000000
47650  27.046  0.994  27.423 0.0000000000
46587  25.519  0.723  28.358 0.0000000000
46578  25.880  -0.123  28.921 0.0000000000
95660  25.263  -1.467  29.402 0.0000000000
45419  26.107  -2.142  29.998 0.0000000000
34847  10.164  -11.794  35.470 0.0000000000
34827  9.610  -11.878  36.227 0.0000000000
34848  9.302  -11.718  35.359 0.0000000000
35749  8.158  -11.063  35.394 0.0000000000
35751  6.714  -10.725  35.143 0.0000000000
37665  7.483  -8.576  35.000 0.0000000000
36692  6.953  -9.452  35.018 0.0000000000
36666  6.008  -9.426  34.988 0.0000000000
36667  5.089  -9.398  35.381 0.0000000000
36668  4.432  -9.289  36.111 0.0000000000
37619  3.681  -8.090  37.036 0.0000000000
44186  13.038  -2.215  37.029 0.0000000000
43129  12.621  -2.646  34.671 0.0000000000
42040  12.102  -4.097  33.775 0.0000000000
40913  10.215  -4.182  35.265 0.0000000000
40952  10.336  -4.950  33.213 0.0000000000
40982  11.335  -5.329  33.037 0.0000000000
37712  11.216  -8.222  33.000 0.0000000000
36710  10.810  -9.938  33.515 0.0000000000
47557  19.905  0.863  33.125 0.0000000000
47556  22.071  -0.122  32.225 0.0000000000
45365  20.953  -1.152  30.789 0.0000000000
45335  21.623  -1.726  30.794 0.0000000000
44222  22.900  -3.068  32.170 0.0000000000
43156  21.998  -3.994  32.199 0.0000000000
44239  22.950  -3.652  32.249 0.0000000000
44221  23.745  -3.567  33.044 0.0000000000
44201  24.564  -3.681  34.476 0.0000000000
44181  24.587  -3.595  35.959 0.0000000000
54598  36.797  7.479  19.104 0.0000000000
51554  37.334  4.756  19.017 0.0000000000
50581  36.073  3.630  19.100 0.0000000000
50580  37.114  3.696  19.117 0.0000000000
49604  32.059  2.744  21.128 0.0000000000
49583  33.028  1.970  22.137 0.0000000000
48718  32.297  1.355  22.116 0.0000000000
47746  32.466  0.461  22.143 0.0000000000
47728  32.673  -0.017  23.002 0.0000000000
47730  30.568  0.358  22.329 0.0000000000
46653  32.000  -0.784  23.074 0.0000000000
45537  33.194  -1.775  23.471 0.0000000000
45497  32.626  -1.825  24.989 0.0000000000
45479  32.635  -1.769  26.007 0.0000000000
48684  28.013  1.184  24.581 0.0000000000
47708  27.843  0.303  24.060 0.0000000000
45520  27.949  -1.659  23.998 0.0000000000
44369  26.437  -2.489  24.309 0.0000000000
44368  27.445  -2.597  24.170 0.0000000000
44366  29.795  -2.471  24.127 0.0000000000
44327  31.173  -2.771  25.796 0.0000000000
37707  17.394  -8.779  33.252 0.0000000000
37705  19.374  -8.819  33.674 0.0000000000
38739  18.752  -8.950  34.743 0.0000000000
37611  19.749  -8.107  37.073 0.0000000000
52563  31.664  5.393  21.227 0.0000000000
50557  32.104  3.605  21.012 0.0000000000
37620  2.773  -8.009  37.018 0.0000000000
37622  1.195  -7.929  37.621 0.0000000000
36646  1.534  -8.933  37.316 0.0000000000
34810  1.514  -10.783  37.166 0.0000000000
34779  1.241  -11.468  37.625 0.0000000000
33830  0.865  -12.484  38.221 0.0000000000
35714  -0.487  -10.454  38.165 0.0000000000
32881  0.348  -13.432  38.403 0.0000000000
32865  0.337  -14.191  38.769 0.0000000000
31836  -0.359  -14.816  40.147 0.0000000000
30908  -2.617  -16.369  40.095 0.0000000000
31879  -3.319  -13.273  39.013 0.0000000000
31860  -3.785  -14.731  39.341 0.0000000000
94413  -3.419  -16.101  39.871 0.0000000000
94414  -4.683  -15.829  40.319 0.0000000000
94485  -5.644  -15.197  41.023 0.0000000000
94492  -6.575  -14.280  41.411 0.0000000000
94450  -6.504  -12.357  42.023 0.0000000000
94440  -7.182  -12.954  42.208 0.0000000000
40944  17.823  -5.108  33.515 0.0000000000
40923  17.044  -4.791  35.036 0.0000000000
39951  16.869  -6.393  33.152 0.0000000000
37708  16.127  -8.376  33.209 0.0000000000
37659  15.000  -8.789  35.368 0.0000000000
37614  15.854  -8.757  37.351 0.0000000000
37616  14.143  -7.183  37.092 0.0000000000
37591  14.635  -8.479  38.438 0.0000000000
37567  15.605  -8.425  38.974 0.0000000000
44205  14.690  -3.025  36.255 0.0000000000
95300  14.857  -4.228  36.921 0.0000000000
95252  15.000  -4.052  36.071 0.0000000000
40979  13.951  -6.035  34.205 0.0000000000
95260  13.888  -5.921  36.115 0.0000000000
48716  33.995  1.189  22.754 0.0000000000
47598  26.105  -0.173  30.797 0.0000000000
45388  26.768  -3.069  31.373 0.0000000000
47555  22.469  -0.222  32.750 0.0000000000
46490  23.342  -1.006  31.715 0.0000000000
45363  23.572  -1.801  31.309 0.0000000000
44238  24.318  -3.002  32.357 0.0000000000
44252  24.144  -2.787  31.633 0.0000000000
45361  25.011  -2.646  31.408 0.0000000000
45390  25.392  -3.001  31.130 0.0000000000
45358  27.951  -2.530  32.488 0.0000000000
38755  20.643  -8.542  33.991 0.0000000000
39911  21.643  -7.431  35.573 0.0000000000
39897  22.769  -6.667  36.003 0.0000000000
40885  22.894  -5.518  38.146 0.0000000000
41999  23.266  -5.296  37.115 0.0000000000
53608  41.284  6.700  16.588 0.0000000000
54611  38.348  7.578  17.937 0.0000000000
54629  38.686  7.211  17.550 0.0000000000
51565  38.740  4.996  18.403 0.0000000000
53580  39.179  6.326  17.881 0.0000000000
53595  39.329  6.701  17.379 0.0000000000
53594  40.078  6.452  17.017 0.0000000000
51573  40.841  4.888  17.571 0.0000000000
49602  33.656  2.144  21.560 0.0000000000
50539  34.470  2.017  21.435 0.0000000000
40974  18.367  -5.704  33.117 0.0000000000
40973  19.541  -6.011  33.188 0.0000000000
39949  18.932  -7.008  33.164 0.0000000000
94484  -6.930  -16.830  41.421 0.0000000000
44278  25.534  -3.367  30.147 0.0000000000
43170  26.329  -3.967  29.802 0.0000000000
43169  27.071  -3.777  30.180 0.0000000000
34825  11.362  -11.766  36.159 0.0000000000
47538  21.483  0.677  33.095 0.0000000000
38743  8.091  -7.667  34.441 0.0000000000
38742  8.749  -6.998  34.585 0.0000000000
45313  20.116  -2.036  33.047 0.0000000000
40943  23.350  -6.264  33.981 0.0000000000
40969  23.580  -5.463  33.554 0.0000000000
40942  23.742  -5.790  34.193 0.0000000000
40922  23.852  -5.614  35.113 0.0000000000
53556  35.102  6.918  20.960 0.0000000000
53565  35.206  6.825  19.745 0.0000000000
53574  35.016  5.941  19.008 0.0000000000
50567  36.251  2.052  20.145 0.0000000000
49600  37.746  1.801  21.371 0.0000000000
94402  -2.510  -17.473  41.270 0.0000000000
46631  30.317  -0.914  23.132 0.0000000000
47689  26.197  0.868  25.085 0.0000000000
47690  25.222  0.390  25.405 0.0000000000
37613  17.407  -8.728  37.426 0.0000000000
37589  17.737  -8.709  38.597 0.0000000000
50540  30.943  3.470  22.035 0.0000000000
32863  1.575  -13.631  39.268 0.0000000000
32845  1.186  -13.596  40.096 0.0000000000
36614  0.201  -8.993  38.913 0.0000000000
32883  -1.909  -13.220  38.121 0.0000000000
32884  -2.836  -12.833  38.538 0.0000000000
94460  -4.625  -11.397  39.739 0.0000000000
35651  -4.941  -12.074  40.447 0.0000000000
40900  15.544  -3.305  36.814 0.0000000000
41967  16.215  -3.256  37.840 0.0000000000
41986  15.899  -3.083  37.115 0.0000000000
40912  15.645  -3.828  35.724 0.0000000000
39900  14.901  -4.171  35.321 0.0000000000
39913  14.520  -5.838  35.119 0.0000000000
95251  14.677  -4.891  36.017 0.0000000000
95240  14.368  -6.745  38.565 0.0000000000
42039  12.623  -4.104  33.759 0.0000000000
47577  23.905  0.124  31.120 0.0000000000
47576  24.738  0.596  31.224 0.0000000000
46514  25.533  -1.949  31.101 0.0000000000
44218  26.230  -2.896  34.475 0.0000000000
44235  26.631  -2.843  33.758 0.0000000000
45331  26.319  -2.879  33.015 0.0000000000
44234  27.396  -2.766  34.013 0.0000000000
54609  39.977  7.627  17.894 0.0000000000
54627  40.234  7.532  17.028 0.0000000000
52586  37.557  5.795  18.648 0.0000000000
51566  37.864  5.086  18.465 0.0000000000
39901  9.042  -6.085  35.696 0.0000000000
39902  8.266  -6.256  36.053 0.0000000000
50537  36.073  1.312  21.577 0.0000000000
50538  35.251  1.553  21.344 0.0000000000
50517  35.408  1.254  22.172 0.0000000000
43138  19.831  -3.729  34.218 0.0000000000
42035  20.063  -4.202  33.570 0.0000000000
39946  22.244  -6.490  33.466 0.0000000000
39927  21.805  -6.723  34.376 0.0000000000
52572  33.556  4.936  20.155 0.0000000000
50569  34.619  2.179  19.699 0.0000000000
50568  35.499  2.143  19.914 0.0000000000
94443  -4.540  -16.953  40.346 0.0000000000
50520  29.098  3.338  24.008 0.0000000000
49565  29.115  2.858  23.388 0.0000000000
46588  25.160  -1.082  28.127 0.0000000000
45481  24.391  -1.542  26.611 0.0000000000
43219  25.196  -2.269  27.347 0.0000000000
95675  27.221  -3.512  29.182 0.0000000000
95667  26.900  -3.700  28.146 0.0000000000
44308  27.803  -3.750  28.383 0.0000000000
44263  29.471  -2.927  31.052 0.0000000000
50497  29.628  3.892  24.333 0.0000000000
34831  5.386  -11.804  36.050 0.0000000000
33828  3.432  -12.826  37.917 0.0000000000
34778  1.972  -11.953  37.667 0.0000000000
34750  -2.952  -11.396  39.179 0.0000000000
34725  -2.351  -10.979  41.179 0.0000000000
95292  15.738  -3.005  40.263 0.0000000000
95296  15.520  -3.035  39.224 0.0000000000
95295  15.643  -3.035  38.734 0.0000000000
37711  12.428  -8.519  33.015 0.0000000000
36724  12.591  -9.405  33.350 0.0000000000
44180  25.293  -3.019  35.936 0.0000000000
94486  -8.171  -14.772  41.644 0.0000000000
48636  28.024  1.318  27.222 0.0000000000
46577  26.462  0.893  28.571 0.0000000000
45444  26.009  -1.103  29.260 0.0000000000
35768  9.702  -10.956  34.981 0.0000000000
35770  7.898  -10.511  35.067 0.0000000000
35750  7.656  -10.937  35.583 0.0000000000
35771  7.362  -10.298  35.018 0.0000000000
38744  7.261  -7.593  35.044 0.0000000000
36643  4.027  -9.195  36.901 0.0000000000
45288  13.889  -1.629  37.571 0.0000000000
45270  13.384  -1.269  38.243 0.0000000000
43119  11.655  -2.730  35.536 0.0000000000
43130  11.689  -3.167  34.912 0.0000000000
42023  11.935  -3.680  34.123 0.0000000000
39934  9.663  -6.071  33.490 0.0000000000
40953  10.032  -5.523  33.589 0.0000000000
39933  10.070  -5.632  33.324 0.0000000000
39958  10.397  -6.016  33.068 0.0000000000
38790  10.842  -7.101  33.067 0.0000000000
36711  9.458  -9.665  33.269 0.0000000000
36726  10.429  -9.024  32.970 0.0000000000
35783  10.183  -10.588  34.118 0.0000000000
46467  19.570  -0.074  32.380 0.0000000000
46492  20.786  -0.129  31.113 0.0000000000
46519  19.992  -0.774  31.182 0.0000000000
44241  21.077  -2.667  31.421 0.0000000000
45334  22.437  -2.235  32.001 0.0000000000
42071  21.094  -4.325  32.450 0.0000000000
43157  21.146  -3.871  32.093 0.0000000000
42070  21.634  -4.476  32.505 0.0000000000
43146  23.596  -4.310  33.063 0.0000000000
43155  22.829  -4.237  32.381 0.0000000000
54590  37.145  8.005  19.821 0.0000000000
54591  36.570  7.403  20.110 0.0000000000
52574  37.125  5.728  19.133 0.0000000000
50582  35.156  3.607  19.069 0.0000000000
51556  35.374  4.536  18.987 0.0000000000
49584  32.123  2.104  21.758 0.0000000000
47729  31.687  0.050  22.633 0.0000000000
48702  30.090  1.447  22.540 0.0000000000
46654  30.983  -0.574  23.047 0.0000000000
45538  32.300  -1.680  23.221 0.0000000000
45516  32.500  -1.854  24.051 0.0000000000
48649  28.967  1.972  26.232 0.0000000000
47709  26.635  0.347  24.150 0.0000000000
46633  28.190  -0.772  23.359 0.0000000000
44347  25.880  -2.507  25.158 0.0000000000
45522  26.045  -1.575  24.739 0.0000000000
44329  28.984  -2.874  26.029 0.0000000000
44345  28.177  -2.906  24.993 0.0000000000
44367  28.609  -2.559  24.156 0.0000000000
44344  29.383  -2.832  25.005 0.0000000000
44343  30.487  -2.813  24.967 0.0000000000
36722  16.584  -9.211  33.488 0.0000000000
37681  17.894  -8.930  33.977 0.0000000000
36686  17.628  -9.706  34.762 0.0000000000
37612  18.874  -8.462  37.711 0.0000000000
52544  31.982  5.896  21.861 0.0000000000
52545  31.178  5.426  21.751 0.0000000000
49605  31.333  3.208  21.258 0.0000000000
34804  9.145  -11.798  37.031 0.0000000000
34805  8.828  -12.162  36.818 0.0000000000
33871  5.392  -12.605  36.367 0.0000000000
37596  1.080  -8.186  38.611 0.0000000000
35734  1.861  -10.086  37.053 0.0000000000
35712  1.152  -9.964  37.577 0.0000000000
32866  -2.946  -12.353  38.878 0.0000000000
94427  -3.597  -12.044  39.150 0.0000000000
94405  -4.340  -15.323  39.952 0.0000000000
94415  -4.482  -14.579  39.815 0.0000000000
94455  -5.855  -13.360  40.261 0.0000000000
35623  -5.976  -10.955  42.959 0.0000000000
32825  -7.154  -13.655  42.314 0.0000000000
31792  -7.815  -14.198  42.405 0.0000000000
42037  18.053  -4.554  34.081 0.0000000000
40946  15.928  -5.242  33.872 0.0000000000
40976  16.638  -5.491  33.248 0.0000000000
39952  16.161  -6.050  33.157 0.0000000000
38784  16.127  -7.061  33.119 0.0000000000
38758  15.167  -7.481  33.564 0.0000000000
37660  14.256  -8.158  35.158 0.0000000000
37637  15.448  -8.874  36.258 0.0000000000
38705  14.351  -5.834  37.015 0.0000000000
37592  14.244  -7.328  37.955 0.0000000000
37538  15.397  -8.141  39.226 0.0000000000
44206  14.204  -2.356  36.054 0.0000000000
43139  14.236  -2.509  35.562 0.0000000000
95301  14.878  -3.150  35.754 0.0000000000
38787  13.868  -8.035  33.854 0.0000000000
39955  13.797  -7.002  33.933 0.0000000000
39932  14.169  -6.859  36.470 0.0000000000
48701  33.818  0.609  22.609 0.0000000000
45333  23.351  -1.801  31.615 0.0000000000
44251  24.641  -2.932  31.832 0.0000000000
45328  28.944  -2.492  33.806 0.0000000000
37678  20.130  -8.779  34.774 0.0000000000
38737  20.750  -8.245  35.245 0.0000000000
40910  21.846  -6.673  36.783 0.0000000000
39898  21.981  -6.827  36.213 0.0000000000
40909  22.279  -6.523  36.784 0.0000000000
40897  22.786  -5.589  37.625 0.0000000000
41981  23.664  -4.701  37.357 0.0000000000
54640  40.707  7.204  16.633 0.0000000000
54626  41.100  7.593  17.102 0.0000000000
52605  41.330  6.065  17.042 0.0000000000
54597  37.534  7.646  18.989 0.0000000000
53597  37.737  7.108  17.688 0.0000000000
54630  38.044  7.275  17.609 0.0000000000
52595  39.410  6.189  17.766 0.0000000000
52594  39.854  5.836  17.608 0.0000000000
51526  33.084  4.085  21.008 0.0000000000
50498  29.109  3.432  24.949 0.0000000000
48666  28.448  1.943  24.910 0.0000000000
95671  25.325  -2.585  28.371 0.0000000000
95659  25.789  -2.781  29.167 0.0000000000
43183  26.560  -3.334  29.442 0.0000000000
44296  27.562  -3.739  29.596 0.0000000000
44276  27.885  -3.607  30.409 0.0000000000
45387  28.317  -2.808  31.754 0.0000000000
35731  4.089  -10.231  36.425 0.0000000000
35782  11.353  -10.766  34.305 0.0000000000
35781  12.471  -10.649  34.607 0.0000000000
47554  23.063  0.440  32.587 0.0000000000
45284  24.442  -3.160  36.455 0.0000000000
47627  26.463  0.803  29.629 0.0000000000
36712  8.605  -9.902  34.071 0.0000000000
38745  6.699  -7.362  35.115 0.0000000000
38727  6.179  -7.139  35.426 0.0000000000
40914  9.958  -5.041  35.826 0.0000000000
37713  9.978  -7.964  33.024 0.0000000000
37687  9.206  -8.507  33.155 0.0000000000
45367  19.298  -1.698  31.445 0.0000000000
42033  24.124  -5.149  33.570 0.0000000000
43114  24.411  -4.155  36.758 0.0000000000
53564  36.028  6.780  20.488 0.0000000000
47748  30.773  1.231  22.041 0.0000000000
45540  30.761  -1.248  23.029 0.0000000000
45517  31.514  -1.907  23.861 0.0000000000
44364  31.495  -2.446  24.331 0.0000000000
44342  31.444  -2.760  24.856 0.0000000000
48650  28.031  1.401  26.621 0.0000000000
46635  26.231  -0.631  24.212 0.0000000000
44306  30.504  -2.814  27.581 0.0000000000
37658  17.495  -9.691  35.278 0.0000000000
51477  31.012  4.823  23.945 0.0000000000
51495  30.560  4.823  23.046 0.0000000000
51512  30.715  4.594  22.210 0.0000000000
33849  8.518  -12.679  36.963 0.0000000000
33868  7.832  -12.638  36.309 0.0000000000
33850  7.634  -12.903  37.119 0.0000000000
33788  2.913  -13.598  40.075 0.0000000000
32846  0.426  -14.228  39.650 0.0000000000
36630  0.605  -9.179  38.301 0.0000000000
32882  -0.776  -13.291  38.268 0.0000000000
31876  -0.292  -14.056  38.422 0.0000000000
34706  -3.763  -11.157  40.615 0.0000000000
94447  -4.114  -11.278  39.527 0.0000000000
94462  -4.447  -11.678  39.294 0.0000000000
94467  -5.060  -12.721  39.253 0.0000000000
94458  -5.232  -13.248  39.249 0.0000000000
94441  -5.790  -13.063  40.031 0.0000000000
40925  15.436  -4.865  35.084 0.0000000000
40948  15.083  -6.090  34.674 0.0000000000
38759  14.568  -7.108  34.277 0.0000000000
38760  14.329  -7.085  35.066 0.0000000000
37661  14.182  -7.275  35.160 0.0000000000
37639  14.090  -7.282  36.088 0.0000000000
95248  14.952  -5.828  38.235 0.0000000000
39872  15.228  -6.980  38.685 0.0000000000
38663  14.447  -7.706  38.894 0.0000000000
43128  13.784  -2.869  35.020 0.0000000000
43140  14.065  -2.615  35.360 0.0000000000
40927  14.392  -4.317  34.053 0.0000000000
37662  13.486  -8.780  35.686 0.0000000000
38741  13.781  -8.179  35.938 0.0000000000
47745  33.269  0.257  22.358 0.0000000000
46462  23.518  -2.790  32.019 0.0000000000
38723  20.027  -7.789  37.016 0.0000000000
38722  20.739  -7.902  36.438 0.0000000000
38702  20.621  -7.419  37.447 0.0000000000
39885  21.294  -6.666  37.899 0.0000000000
53609  40.360  6.804  16.619 0.0000000000
53583  36.801  7.129  18.604 0.0000000000
51574  40.064  5.355  17.996 0.0000000000
50536  37.022  1.316  22.090 0.0000000000
43137  20.088  -3.580  33.428 0.0000000000
43148  20.097  -3.657  32.315 0.0000000000
42034  20.304  -4.205  33.218 0.0000000000
39909  23.032  -6.692  34.798 0.0000000000
49624  34.417  2.876  19.119 0.0000000000
49623  34.897  2.865  19.025 0.0000000000
29372  -3.349  -17.711  40.706 0.0000000000
47670  25.028  0.205  26.515 0.0000000000
46602  25.039  -0.601  26.027 0.0000000000
44332  25.169  -2.589  26.183 0.0000000000
95672  25.670  -2.768  27.700 0.0000000000
43217  27.192  -3.776  27.030 0.0000000000
44274  30.252  -2.780  29.938 0.0000000000
45418  29.749  -2.778  30.989 0.0000000000
37566  16.791  -8.609  39.209 0.0000000000
37536  17.057  -8.501  39.999 0.0000000000
34806  5.048  -12.162  36.745 0.0000000000
34775  5.087  -12.718  37.407 0.0000000000
35690  -1.639  -10.145  39.272 0.0000000000
34783  -2.780  -11.808  38.469 0.0000000000
33834  -2.862  -12.290  38.507 0.0000000000
34704  -2.899  -10.487  41.201 0.0000000000
34680  -4.676  -10.032  42.144 0.0000000000
41968  15.814  -3.181  38.177 0.0000000000
39956  13.019  -6.592  33.036 0.0000000000
37710  13.322  -8.756  33.669 0.0000000000
35780  12.845  -10.205  34.988 0.0000000000
37663  13.492  -9.278  35.152 0.0000000000
46630  34.320  -1.650  24.170 0.0000000000
46489  23.881  -1.049  31.337 0.0000000000
54610  39.105  7.587  17.921 0.0000000000
50579  38.105  3.850  19.242 0.0000000000
51553  38.306  4.424  18.804 0.0000000000
47651  25.183  0.642  27.395 0.0000000000
47652  24.941  -0.145  27.240 0.0000000000
95676  25.674  -0.992  28.867 0.0000000000
45420  25.118  -2.479  29.474 0.0000000000
34826  10.587  -11.894  36.306 0.0000000000
35769  8.651  -10.894  34.895 0.0000000000
45287  14.192  -1.483  38.521 0.0000000000
44207  13.303  -2.294  35.526 0.0000000000
40951  11.806  -4.270  33.329 0.0000000000
42024  11.166  -3.595  34.925 0.0000000000
40929  10.625  -4.126  34.378 0.0000000000
40928  11.440  -4.062  33.934 0.0000000000
39957  11.698  -6.293  33.087 0.0000000000
36725  11.595  -9.267  33.073 0.0000000000
35767  10.693  -11.133  35.058 0.0000000000
46447  20.494  0.038  33.047 0.0000000000
46465  21.365  -0.125  31.750 0.0000000000
45366  20.374  -1.521  30.929 0.0000000000
44243  19.990  -3.615  31.950 0.0000000000
44255  20.581  -3.431  31.557 0.0000000000
44254  21.629  -3.474  31.538 0.0000000000
42069  22.394  -4.564  32.604 0.0000000000
44253  22.347  -3.616  31.935 0.0000000000
52576  35.519  5.423  19.073 0.0000000000
51555  36.306  4.593  19.146 0.0000000000
46652  33.071  -1.044  23.013 0.0000000000
45515  33.549  -1.869  24.301 0.0000000000
45496  33.560  -1.867  25.337 0.0000000000
46617  25.552  -0.621  25.060 0.0000000000
45521  26.864  -1.639  24.116 0.0000000000
44346  26.982  -2.847  25.018 0.0000000000
45466  31.720  -2.172  26.578 0.0000000000
38782  18.184  -7.885  33.158 0.0000000000
38781  19.274  -8.190  33.194 0.0000000000
37706  18.498  -8.698  33.454 0.0000000000
37679  19.403  -8.926  34.480 0.0000000000
37656  19.348  -8.761  35.417 0.0000000000
37634  19.857  -8.600  36.552 0.0000000000
51527  31.984  4.577  21.025 0.0000000000
51528  31.169  4.952  21.386 0.0000000000
37621  1.872  -7.945  37.155 0.0000000000
36645  2.333  -9.048  37.123 0.0000000000
36615  -0.372  -9.141  39.253 0.0000000000
94399  -3.130  -17.338  40.345 0.0000000000
30160  -4.087  -16.393  40.424 0.0000000000
30161  -4.744  -16.285  40.448 0.0000000000
94416  -4.619  -14.881  40.341 0.0000000000
94470  -5.301  -16.134  40.686 0.0000000000
47559  18.557  0.444  32.730 0.0000000000
42055  18.231  -4.943  33.297 0.0000000000
40945  17.146  -4.968  34.218 0.0000000000
40975  17.407  -5.598  33.142 0.0000000000
38783  17.084  -7.565  33.141 0.0000000000
36723  16.104  -8.899  33.735 0.0000000000
37682  15.273  -8.622  34.186 0.0000000000
36688  16.022  -8.860  34.963 0.0000000000
36664  15.712  -8.827  35.558 0.0000000000
37615  14.346  -8.487  37.329 0.0000000000
95277  14.452  -2.854  35.501 0.0000000000
40980  13.728  -5.787  33.458 0.0000000000
40949  13.913  -5.079  34.162 0.0000000000
48700  34.604  0.673  23.051 0.0000000000
46629  35.167  -1.421  24.153 0.0000000000
47597  26.724  0.946  30.869 0.0000000000
46443  23.674  -3.007  32.596 0.0000000000
45362  24.164  -2.292  31.168 0.0000000000
38780  20.037  -8.615  33.367 0.0000000000
39928  21.149  -7.546  34.263 0.0000000000
39910  22.254  -6.626  35.230 0.0000000000
39896  22.990  -5.694  35.772 0.0000000000
39884  21.807  -6.161  38.153 0.0000000000
40898  22.200  -6.200  37.574 0.0000000000
40908  22.938  -5.937  36.822 0.0000000000
40907  23.675  -5.930  35.805 0.0000000000
54612  37.686  7.409  18.089 0.0000000000
55483  38.766  7.947  18.395 0.0000000000
53581  38.620  6.415  17.949 0.0000000000
53610  39.853  6.759  16.765 0.0000000000
52593  40.679  5.981  17.388 0.0000000000
29356  -3.597  -17.838  41.199 0.0000000000
34845  11.426  -11.729  35.735 0.0000000000
34846  11.051  -11.814  35.620 0.0000000000
35652  -5.381  -12.738  39.380 0.0000000000
36663  16.258  -9.154  35.596 0.0000000000
36705  17.998  -9.424  34.419 0.0000000000
36706  17.283  -9.647  33.972 0.0000000000
36707  16.326  -9.297  34.148 0.0000000000
37633  20.530  -8.546  36.023 0.0000000000
37657  18.372  -9.447  35.174 0.0000000000
37680  18.658  -8.932  34.317 0.0000000000
37684  14.404  -7.189  34.816 0.0000000000
37685  13.730  -8.639  35.045 0.0000000000
37686  13.476  -8.963  34.490 0.0000000000
37704  19.992  -8.906  33.971 0.0000000000
38738  18.947  -8.833  34.911 0.0000000000
38740  14.048  -6.815  35.095 0.0000000000
38756  18.993  -8.824  34.646 0.0000000000
38757  18.794  -8.881  34.508 0.0000000000
38785  14.532  -7.118  34.786 0.0000000000
38786  14.049  -6.812  34.994 0.0000000000
39925  23.426  -6.376  34.427 0.0000000000
39930  15.264  -7.010  33.804 0.0000000000
39931  14.063  -5.978  34.600 0.0000000000
39953  14.880  -6.611  34.529 0.0000000000
39954  14.619  -6.166  34.576 0.0000000000
39959  9.875  -6.248  33.093 0.0000000000
39968  15.102  -6.284  34.657 0.0000000000
39969  15.008  -6.010  34.559 0.0000000000
40926  14.997  -5.415  34.792 0.0000000000
40947  15.995  -5.858  35.073 0.0000000000
40977  15.423  -6.204  34.372 0.0000000000
40978  15.204  -5.980  34.570 0.0000000000
41001  15.192  -6.103  34.453 0.0000000000
41002  15.148  -5.990  34.236 0.0000000000
41985  16.117  -3.914  37.171 0.0000000000
42056  15.406  -5.946  34.266 0.0000000000
42057  15.739  -6.020  33.898 0.0000000000
42072  15.147  -5.802  33.966 0.0000000000
42073  15.327  -5.931  34.384 0.0000000000
43147  20.685  -4.012  32.477 0.0000000000
43149  19.873  -3.587  32.125 0.0000000000
43158  20.391  -3.664  31.986 0.0000000000
43159  20.066  -3.636  31.948 0.0000000000
43181  27.325  -3.780  30.078 0.0000000000
44208  12.472  -2.403  35.363 0.0000000000
44227  13.794  -2.483  35.298 0.0000000000
44256  20.016  -3.489  31.751 0.0000000000
44257  19.836  -3.634  31.791 0.0000000000
45364  21.110  -0.133  31.149 0.0000000000
45391  21.409  -0.205  30.476 0.0000000000
45392  21.019  -0.239  30.739 0.0000000000
45393  21.125  -1.074  30.295 0.0000000000
45394  20.471  -1.238  30.497 0.0000000000
45395  19.690  -1.183  31.202 0.0000000000
45396  18.882  -1.091  31.432 0.0000000000
45421  21.724  -0.217  30.207 0.0000000000
45422  21.231  -0.531  30.383 0.0000000000
45423  20.733  -1.062  30.230 0.0000000000
46446  21.028  0.093  33.205 0.0000000000
46466  20.186  -0.003  32.361 0.0000000000
46491  20.950  0.010  30.946 0.0000000000
46493  20.097  -0.205  31.606 0.0000000000
46494  19.410  -0.225  31.948 0.0000000000
46495  19.201  -0.358  32.516 0.0000000000
46516  21.584  -0.048  30.606 0.0000000000
46517  21.173  -0.273  30.508 0.0000000000
46518  20.618  -0.302  30.788 0.0000000000
46520  19.117  -0.640  31.515 0.0000000000
46543  21.642  -0.119  30.349 0.0000000000
46544  21.487  -0.290  30.347 0.0000000000
46564  20.950  -0.812  30.156 0.0000000000
47579  19.132  0.240  32.407 0.0000000000
47580  18.976  -0.035  32.269 0.0000000000
49616  34.561  2.500  19.185 0.0000000000
52564  31.238  5.341  21.387 0.0000000000
94403  -4.655  -16.543  40.389 0.0000000000
94404  -3.263  -16.614  40.110 0.0000000000
94423  -4.486  -16.719  40.409 0.0000000000
94426  -4.032  -11.798  39.130 0.0000000000
94444  -4.854  -16.933  40.255 0.0000000000
94452  -5.085  -13.239  38.956 0.0000000000
94453  -5.257  -12.909  39.234 0.0000000000
94454  -4.788  -17.532  40.598 0.0000000000
94456  -5.617  -13.932  39.594 0.0000000000
94457  -5.411  -13.130  39.354 0.0000000000
94459  -5.024  -13.050  39.185 0.0000000000
94461  -4.782  -12.042  39.435 0.0000000000
94477  -4.782  -11.748  39.689 0.0000000000
95655  26.550  -2.981  29.299 0.0000000000
95656  26.327  -2.926  29.260 0.0000000000
95657  26.156  -2.940  29.077 0.0000000000
95658  26.921  -3.247  28.738 0.0000000000
95661  26.447  -2.988  28.992 0.0000000000
95662  25.228  -2.858  28.830 0.0000000000
95663  26.820  -2.992  28.751 0.0000000000
95664  26.589  -2.979  28.720 0.0000000000
95665  24.913  -2.806  28.992 0.0000000000
95668  26.564  -3.084  28.577 0.0000000000
95669  27.054  -3.651  29.563 0.0000000000
95670  25.494  -2.864  28.728 0.0000000000
95673  26.252  -3.155  28.026 0.0000000000
95674  26.687  -3.677  27.582 0.0000000000
95677  25.967  -2.969  28.646 0.0000000000
95810  20.397  -1.124  30.149 0.0000000000
