#!ascii label  , from subject output2 vox2ras=TkReg
853
65696  42.992  20.512  19.704 0.0000000000
97225  50.006  19.076  15.368 0.0000000000
65796  42.512  20.867  8.558 0.0000000000
59954  44.951  14.448  7.580 0.0000000000
63442  40.688  18.229  14.728 0.0000000000
67365  42.292  22.153  12.630 0.0000000000
97190  49.982  16.908  9.112 0.0000000000
67434  42.594  22.546  6.879 0.0000000000
68012  49.885  23.836  16.391 0.0000000000
64976  46.515  19.537  17.880 0.0000000000
63473  45.506  17.855  13.853 0.0000000000
69251  45.163  25.456  6.211 0.0000000000
68198  46.368  23.616  3.385 0.0000000000
68129  47.797  23.136  10.839 0.0000000000
63519  46.398  18.084  8.638 0.0000000000
69254  42.134  25.319  6.467 0.0000000000
65693  46.875  20.344  19.920 0.0000000000
64962  44.146  19.522  18.928 0.0000000000
63457  43.329  17.510  14.344 0.0000000000
67413  41.730  23.078  8.508 0.0000000000
69898  43.998  26.395  7.935 0.0000000000
67423  43.445  23.042  7.232 0.0000000000
67433  44.852  23.376  5.654 0.0000000000
65817  44.372  21.130  6.360 0.0000000000
67297  47.740  21.981  16.220 0.0000000000
68089  49.412  24.039  13.015 0.0000000000
65746  46.624  21.204  13.087 0.0000000000
60898  49.983  14.857  7.649 0.0000000000
66635  51.447  20.021  8.064 0.0000000000
63532  46.961  17.053  7.597 0.0000000000
97166  44.603  18.134  7.558 0.0000000000
97157  44.959  16.584  7.670 0.0000000000
61762  42.596  15.752  9.031 0.0000000000
64966  40.112  19.370  18.675 0.0000000000
64981  41.474  19.120  17.568 0.0000000000
65770  42.166  20.414  11.115 0.0000000000
63469  50.889  17.478  13.999 0.0000000000
65014  50.392  19.190  12.858 0.0000000000
62613  51.316  15.950  12.590 0.0000000000
60871  49.611  14.648  10.443 0.0000000000
67298  46.444  22.563  16.121 0.0000000000
67965  48.415  23.530  19.139 0.0000000000
65707  48.314  20.811  18.272 0.0000000000
97227  48.221  19.298  16.500 0.0000000000
64197  43.682  18.505  16.472 0.0000000000
64210  45.921  18.512  15.971 0.0000000000
97234  47.805  18.889  14.097 0.0000000000
63482  47.471  17.207  12.670 0.0000000000
64952  39.731  19.335  19.688 0.0000000000
71863  46.931  29.354  7.751 0.0000000000
70630  44.202  27.268  6.673 0.0000000000
69265  44.183  25.039  5.501 0.0000000000
66678  44.531  21.886  4.959 0.0000000000
65113  43.119  19.242  2.941 0.0000000000
68052  46.468  22.366  13.538 0.0000000000
68116  45.935  22.549  12.172 0.0000000000
65025  44.555  19.681  11.229 0.0000000000
66612  50.153  21.683  10.369 0.0000000000
65784  47.797  20.867  9.506 0.0000000000
65042  44.549  18.950  9.665 0.0000000000
97158  44.482  19.147  5.968 0.0000000000
97148  44.503  18.537  4.245 0.0000000000
69929  41.601  26.102  6.776 0.0000000000
70632  41.968  27.038  6.580 0.0000000000
64939  44.734  19.932  20.192 0.0000000000
65710  43.493  20.112  19.143 0.0000000000
66640  42.466  21.786  8.204 0.0000000000
67424  43.069  23.398  7.773 0.0000000000
67411  43.006  22.217  7.546 0.0000000000
66651  43.835  22.029  7.148 0.0000000000
65795  43.469  20.549  7.777 0.0000000000
65726  48.924  19.488  15.890 0.0000000000
66564  47.317  21.546  14.510 0.0000000000
97235  48.509  19.293  14.670 0.0000000000
60887  47.371  15.729  7.672 0.0000000000
61771  48.754  15.811  7.571 0.0000000000
97145  45.691  16.352  7.536 0.0000000000
60900  45.044  15.342  7.594 0.0000000000
61772  44.187  15.060  8.352 0.0000000000
64176  39.992  18.734  18.177 0.0000000000
66616  41.191  21.186  10.322 0.0000000000
66590  41.861  21.411  12.144 0.0000000000
62596  50.611  16.377  13.197 0.0000000000
62594  51.298  16.256  13.353 0.0000000000
61692  52.050  15.276  13.247 0.0000000000
60844  49.764  14.622  11.306 0.0000000000
60857  48.021  14.799  10.584 0.0000000000
61746  48.885  15.061  9.519 0.0000000000
64946  46.471  19.665  19.488 0.0000000000
65692  47.795  20.485  19.658 0.0000000000
64958  47.443  19.892  18.554 0.0000000000
65718  47.957  20.312  17.569 0.0000000000
64988  47.360  19.792  16.745 0.0000000000
64199  41.616  18.476  16.443 0.0000000000
64187  42.831  18.658  17.200 0.0000000000
63427  42.085  17.835  16.195 0.0000000000
63474  44.203  17.490  13.465 0.0000000000
63438  44.013  17.860  15.374 0.0000000000
63455  45.051  18.050  14.514 0.0000000000
64231  47.046  18.482  15.242 0.0000000000
64248  46.418  18.437  14.223 0.0000000000
63471  48.217  17.804  13.389 0.0000000000
63483  46.261  17.271  12.733 0.0000000000
61709  46.723  15.542  12.176 0.0000000000
69233  45.550  26.074  7.120 0.0000000000
70587  45.943  27.737  8.148 0.0000000000
69924  46.331  27.198  6.887 0.0000000000
70608  45.301  28.057  7.405 0.0000000000
69926  44.931  26.376  6.470 0.0000000000
69927  43.904  26.204  6.490 0.0000000000
69264  44.847  24.947  5.484 0.0000000000
67441  45.357  23.675  4.904 0.0000000000
67442  44.841  23.535  4.740 0.0000000000
67451  45.247  22.930  4.320 0.0000000000
65839  44.455  20.834  3.683 0.0000000000
65849  44.703  20.683  2.641 0.0000000000
68013  48.623  24.120  16.912 0.0000000000
68032  46.941  23.271  15.400 0.0000000000
68652  48.539  24.002  15.114 0.0000000000
68113  48.173  23.349  11.439 0.0000000000
68091  47.881  23.853  12.551 0.0000000000
68131  46.854  22.658  11.358 0.0000000000
66604  45.493  21.478  11.682 0.0000000000
66615  46.713  21.794  10.733 0.0000000000
64261  50.007  18.992  11.483 0.0000000000
65021  49.401  19.576  11.744 0.0000000000
65039  49.948  19.451  10.099 0.0000000000
64279  48.035  18.830  8.543 0.0000000000
65792  49.675  20.625  8.475 0.0000000000
65030  47.332  18.788  9.792 0.0000000000
64268  45.708  18.770  10.302 0.0000000000
64281  45.545  18.500  9.190 0.0000000000
65059  44.076  19.332  7.654 0.0000000000
97165  44.613  18.479  7.588 0.0000000000
64283  44.161  18.234  7.384 0.0000000000
97150  44.595  18.824  5.663 0.0000000000
68096  41.679  22.927  12.772 0.0000000000
69237  41.453  25.418  6.667 0.0000000000
68721  41.957  24.386  6.447 0.0000000000
65667  47.093  20.982  21.375 0.0000000000
65680  45.810  20.439  20.656 0.0000000000
64947  45.566  19.527  19.677 0.0000000000
64977  45.151  19.471  17.853 0.0000000000
63441  41.399  17.872  15.250 0.0000000000
68696  43.124  24.639  8.350 0.0000000000
68706  44.349  24.619  7.234 0.0000000000
68705  44.801  24.832  6.614 0.0000000000
68733  45.086  24.555  5.487 0.0000000000
67422  44.281  22.978  6.423 0.0000000000
66659  44.594  22.401  6.058 0.0000000000
66667  46.013  22.568  4.585 0.0000000000
67312  49.511  23.093  16.136 0.0000000000
68047  50.421  24.018  14.628 0.0000000000
67333  48.904  22.930  14.494 0.0000000000
67347  48.574  23.118  13.439 0.0000000000
67379  48.175  22.294  11.548 0.0000000000
62629  51.616  15.749  8.861 0.0000000000
97188  51.596  19.249  9.143 0.0000000000
61787  53.069  16.461  6.500 0.0000000000
97191  49.355  17.241  8.637 0.0000000000
63518  47.084  18.007  8.275 0.0000000000
97153  45.934  17.636  8.105 0.0000000000
97156  45.858  17.641  7.224 0.0000000000
97152  44.898  17.379  7.715 0.0000000000
63533  44.503  16.697  8.059 0.0000000000
60891  42.628  14.423  8.965 0.0000000000
64950  41.494  20.422  18.925 0.0000000000
64964  42.227  19.784  18.337 0.0000000000
64965  41.111  19.591  18.162 0.0000000000
64189  40.880  18.862  17.418 0.0000000000
64216  39.360  18.786  15.191 0.0000000000
67396  40.992  22.420  9.278 0.0000000000
65787  41.592  20.788  9.381 0.0000000000
65786  42.306  20.255  9.456 0.0000000000
64230  50.274  18.542  15.219 0.0000000000
65000  50.401  19.195  14.716 0.0000000000
64246  51.405  18.495  14.289 0.0000000000
63479  51.586  17.902  13.013 0.0000000000
62615  50.030  16.606  11.446 0.0000000000
61727  51.976  14.476  11.479 0.0000000000
61717  50.522  15.316  11.196 0.0000000000
61744  50.424  15.188  9.924 0.0000000000
61757  50.540  14.843  8.939 0.0000000000
60872  48.097  15.475  8.985 0.0000000000
60888  45.973  15.115  8.419 0.0000000000
59946  45.245  13.837  7.688 0.0000000000
68004  48.295  23.753  17.912 0.0000000000
68606  49.243  24.088  18.214 0.0000000000
66457  48.352  22.047  20.176 0.0000000000
66473  48.491  21.773  19.347 0.0000000000
67280  48.733  22.329  17.858 0.0000000000
66505  48.338  21.346  17.695 0.0000000000
66527  47.683  21.122  17.048 0.0000000000
97228  48.711  19.121  16.424 0.0000000000
64979  42.992  19.338  17.781 0.0000000000
64978  43.926  19.452  17.934 0.0000000000
64185  44.383  19.229  17.452 0.0000000000
64213  42.999  18.100  15.564 0.0000000000
64212  43.528  18.232  15.666 0.0000000000
64195  46.085  19.118  16.602 0.0000000000
64209  47.357  18.772  16.335 0.0000000000
97220  48.398  18.705  16.293 0.0000000000
97216  48.988  18.496  15.523 0.0000000000
97214  49.686  17.790  14.864 0.0000000000
97230  49.348  17.542  13.179 0.0000000000
62606  49.258  16.267  12.080 0.0000000000
62608  46.930  16.432  12.013 0.0000000000
62616  47.410  16.127  11.817 0.0000000000
65698  40.958  20.456  19.955 0.0000000000
64159  39.007  18.491  20.159 0.0000000000
97709  47.403  28.927  10.378 0.0000000000
71865  44.505  30.411  7.630 0.0000000000
69928  42.801  26.050  6.995 0.0000000000
69253  43.507  25.326  5.755 0.0000000000
68181  43.875  23.606  5.451 0.0000000000
68734  44.676  24.428  5.176 0.0000000000
67443  44.363  23.056  5.159 0.0000000000
67444  43.739  23.021  5.983 0.0000000000
68073  44.431  23.140  12.998 0.0000000000
68666  48.366  24.435  13.282 0.0000000000
68092  46.642  23.253  12.397 0.0000000000
67364  43.352  22.281  12.597 0.0000000000
66588  43.908  21.418  12.519 0.0000000000
65768  44.006  20.241  11.674 0.0000000000
65035  43.300  19.519  10.466 0.0000000000
65016  49.168  19.380  13.278 0.0000000000
65763  48.528  20.512  11.682 0.0000000000
66613  49.291  22.206  10.412 0.0000000000
66621  51.586  20.512  9.277 0.0000000000
68128  50.266  23.232  9.258 0.0000000000
67395  48.060  22.352  9.810 0.0000000000
65775  46.826  20.720  10.402 0.0000000000
65033  45.069  19.138  10.552 0.0000000000
65043  43.881  19.493  9.462 0.0000000000
65050  43.613  19.723  8.250 0.0000000000
65085  45.077  20.822  5.467 0.0000000000
66682  48.210  21.104  4.287 0.0000000000
97155  44.381  18.768  6.584 0.0000000000
97143  44.943  19.165  5.447 0.0000000000
66710  46.689  20.709  0.760 0.0000000000
64345  44.813  19.258  2.560 0.0000000000
62631  42.162  16.452  9.564 0.0000000000
70612  41.233  27.565  7.106 0.0000000000
65695  44.027  20.243  19.682 0.0000000000
65711  42.591  20.434  18.940 0.0000000000
66639  43.309  21.458  7.730 0.0000000000
65735  47.690  19.814  15.063 0.0000000000
97232  49.457  19.389  14.786 0.0000000000
67366  41.270  21.904  12.653 0.0000000000
66591  40.916  21.285  12.016 0.0000000000
61694  50.494  15.778  12.997 0.0000000000
62595  51.078  16.367  13.478 0.0000000000
61693  51.035  15.194  13.438 0.0000000000
59929  47.285  14.107  10.712 0.0000000000
60858  46.830  14.641  10.442 0.0000000000
64960  45.946  19.500  18.802 0.0000000000
64959  46.916  19.522  18.688 0.0000000000
64975  47.390  19.838  17.874 0.0000000000
64214  41.294  18.606  15.796 0.0000000000
63428  41.762  18.050  15.865 0.0000000000
64249  45.797  18.332  14.217 0.0000000000
63472  46.929  17.907  13.481 0.0000000000
69250  45.545  26.120  6.832 0.0000000000
69910  45.933  26.494  7.101 0.0000000000
69925  46.042  26.793  6.647 0.0000000000
67450  45.727  24.185  4.049 0.0000000000
67459  45.475  22.977  3.394 0.0000000000
66683  45.216  21.705  3.573 0.0000000000
67469  45.713  22.727  2.698 0.0000000000
68628  49.118  24.378  16.956 0.0000000000
68642  48.528  23.957  15.750 0.0000000000
68627  49.723  24.350  16.199 0.0000000000
67388  46.849  22.457  11.116 0.0000000000
67387  47.670  22.428  10.338 0.0000000000
63493  49.558  18.593  10.736 0.0000000000
97185  50.058  18.890  9.557 0.0000000000
64272  47.247  18.337  9.393 0.0000000000
64273  46.579  18.398  9.657 0.0000000000
64280  46.112  18.425  9.086 0.0000000000
64282  44.917  18.563  8.900 0.0000000000
97162  45.569  18.294  8.542 0.0000000000
63521  43.533  17.439  8.334 0.0000000000
64284  43.151  17.970  6.586 0.0000000000
69912  41.284  25.667  6.920 0.0000000000
69236  41.627  25.648  6.677 0.0000000000
65668  46.284  20.870  21.386 0.0000000000
64948  44.660  19.700  19.708 0.0000000000
64961  45.078  19.510  19.028 0.0000000000
68149  41.706  23.935  8.271 0.0000000000
68697  42.286  24.395  8.363 0.0000000000
68148  42.780  23.717  8.210 0.0000000000
68159  43.606  23.844  7.691 0.0000000000
68158  44.482  23.911  6.804 0.0000000000
65806  44.289  21.476  6.440 0.0000000000
66650  44.248  21.918  6.460 0.0000000000
65816  44.564  21.559  6.104 0.0000000000
66658  44.897  22.107  5.666 0.0000000000
65825  44.987  21.057  5.704 0.0000000000
67296  48.547  22.139  16.934 0.0000000000
67313  48.809  22.514  15.683 0.0000000000
65745  47.296  20.945  13.721 0.0000000000
67334  47.721  22.450  14.061 0.0000000000
66574  46.644  21.975  13.688 0.0000000000
67348  47.672  22.466  12.950 0.0000000000
67361  47.427  21.893  12.160 0.0000000000
60883  51.590  14.446  8.227 0.0000000000
60881  53.058  15.591  8.106 0.0000000000
60896  52.479  15.124  7.172 0.0000000000
63531  47.998  16.342  7.824 0.0000000000
62655  48.783  16.396  7.821 0.0000000000
62642  49.301  16.695  8.276 0.0000000000
63517  48.294  17.216  8.461 0.0000000000
97146  46.230  16.848  7.170 0.0000000000
97161  44.673  17.252  7.864 0.0000000000
63520  43.963  16.322  8.483 0.0000000000
60890  43.529  14.406  8.466 0.0000000000
61760  43.759  14.958  8.465 0.0000000000
64175  40.496  19.139  18.085 0.0000000000
64190  39.819  18.636  17.280 0.0000000000
64201  39.604  18.891  16.225 0.0000000000
64200  40.641  18.738  16.413 0.0000000000
66624  41.098  21.570  9.494 0.0000000000
65778  41.816  20.536  10.343 0.0000000000
63454  50.436  17.961  15.026 0.0000000000
62604  51.552  15.939  13.074 0.0000000000
63478  51.766  17.366  13.377 0.0000000000
63488  51.689  17.090  12.558 0.0000000000
63489  50.829  17.773  12.431 0.0000000000
62614  50.906  16.181  12.064 0.0000000000
59902  52.388  13.565  12.746 0.0000000000
59928  51.397  13.773  11.222 0.0000000000
60856  49.214  14.573  10.632 0.0000000000
60855  49.728  14.869  10.659 0.0000000000
61729  49.645  15.601  10.863 0.0000000000
60870  49.919  14.704  10.316 0.0000000000
61745  49.665  14.609  9.909 0.0000000000
60873  46.947  15.451  9.497 0.0000000000
67966  47.828  23.867  19.226 0.0000000000
67986  47.314  23.599  18.563 0.0000000000
68602  48.136  24.341  18.917 0.0000000000
68620  48.626  24.145  18.220 0.0000000000
68600  48.681  23.942  18.597 0.0000000000
65678  47.492  20.699  20.542 0.0000000000
66458  47.691  21.494  20.735 0.0000000000
65691  48.405  20.898  19.151 0.0000000000
67262  48.656  22.539  18.572 0.0000000000
66487  48.481  21.586  18.510 0.0000000000
65719  47.846  19.793  17.340 0.0000000000
65727  48.218  19.698  16.716 0.0000000000
64980  42.071  19.229  17.657 0.0000000000
64186  43.782  18.845  17.370 0.0000000000
63440  42.503  17.703  15.435 0.0000000000
63439  43.467  17.718  15.252 0.0000000000
64211  44.566  18.355  15.535 0.0000000000
64196  44.826  19.084  16.699 0.0000000000
97219  48.813  18.695  16.257 0.0000000000
63481  48.624  17.086  12.588 0.0000000000
63480  49.498  16.938  12.528 0.0000000000
62609  45.892  16.372  12.446 0.0000000000
61718  47.223  15.728  11.518 0.0000000000
61708  47.712  15.490  12.388 0.0000000000
64940  40.273  19.710  20.333 0.0000000000
64164  39.327  18.885  19.038 0.0000000000
70586  47.312  27.950  8.242 0.0000000000
71239  46.720  28.120  8.870 0.0000000000
71843  48.099  29.675  8.972 0.0000000000
72533  47.602  31.031  9.359 0.0000000000
71844  47.335  30.042  8.502 0.0000000000
72557  44.848  31.167  7.764 0.0000000000
71864  45.631  29.585  8.027 0.0000000000
70609  44.362  28.157  7.397 0.0000000000
70610  43.317  28.063  7.420 0.0000000000
70631  43.085  27.160  6.639 0.0000000000
69266  43.879  24.921  5.466 0.0000000000
68720  42.758  24.667  5.673 0.0000000000
68735  43.831  24.438  5.433 0.0000000000
68179  45.171  24.007  5.054 0.0000000000
67452  44.679  22.644  4.648 0.0000000000
68180  44.464  23.880  4.924 0.0000000000
66669  43.707  21.655  5.649 0.0000000000
65840  43.670  20.135  3.583 0.0000000000
67299  45.998  22.275  15.829 0.0000000000
68051  46.876  23.124  14.248 0.0000000000
67336  45.414  22.147  14.006 0.0000000000
68072  45.625  23.142  13.121 0.0000000000
68067  50.363  24.011  13.939 0.0000000000
68650  49.702  24.434  14.290 0.0000000000
68665  48.924  24.413  12.875 0.0000000000
68093  45.401  22.699  12.522 0.0000000000
67363  44.416  22.234  12.536 0.0000000000
67362  45.173  22.087  12.412 0.0000000000
65767  44.888  20.654  11.560 0.0000000000
65757  44.667  21.100  11.872 0.0000000000
65026  43.772  19.639  11.179 0.0000000000
97233  50.909  19.305  13.747 0.0000000000
65015  49.888  19.489  12.497 0.0000000000
65762  49.463  20.537  11.096 0.0000000000
66600  49.667  21.130  10.700 0.0000000000
66601  49.079  21.511  10.896 0.0000000000
66620  52.771  18.594  8.035 0.0000000000
97193  51.714  19.950  9.500 0.0000000000
67391  51.636  20.560  8.589 0.0000000000
65793  48.650  20.940  8.725 0.0000000000
67408  50.430  22.341  8.628 0.0000000000
66638  48.829  22.153  8.787 0.0000000000
67393  49.661  23.093  9.420 0.0000000000
66622  48.314  21.833  9.282 0.0000000000
66614  47.323  21.688  10.264 0.0000000000
65774  47.480  21.330  10.015 0.0000000000
65060  43.904  19.892  6.382 0.0000000000
65823  45.988  21.297  4.596 0.0000000000
97163  46.313  19.999  4.919 0.0000000000
97154  44.321  18.486  7.337 0.0000000000
97144  45.625  18.990  4.696 0.0000000000
97147  46.934  19.574  2.897 0.0000000000
65125  45.934  19.453  1.873 0.0000000000
65126  45.401  19.539  1.408 0.0000000000
97149  44.880  18.925  2.250 0.0000000000
63540  42.879  18.425  5.282 0.0000000000
63551  43.065  17.723  4.186 0.0000000000
70633  40.806  26.814  6.679 0.0000000000
65694  44.510  20.066  20.019 0.0000000000
65709  43.919  19.845  19.336 0.0000000000
66641  41.686  22.127  8.632 0.0000000000
67412  42.515  22.766  7.924 0.0000000000
65807  44.004  21.023  6.598 0.0000000000
66547  47.528  20.956  15.607 0.0000000000
65740  47.487  20.619  14.578 0.0000000000
65017  47.567  19.782  13.964 0.0000000000
60899  48.915  15.151  7.578 0.0000000000
61770  49.850  15.465  7.519 0.0000000000
62656  44.411  15.585  8.161 0.0000000000
60901  44.576  14.671  7.888 0.0000000000
60889  44.111  14.579  8.390 0.0000000000
66617  40.215  21.196  10.144 0.0000000000
66607  41.533  20.976  11.278 0.0000000000
66606  42.287  20.837  11.719 0.0000000000
63470  50.292  17.478  13.868 0.0000000000
60845  48.780  14.173  11.372 0.0000000000
61731  49.018  14.530  10.190 0.0000000000
60874  46.161  14.591  9.808 0.0000000000
67949  48.007  23.343  19.653 0.0000000000
64945  47.295  19.934  19.217 0.0000000000
65708  47.795  20.398  18.678 0.0000000000
64974  47.593  20.143  18.184 0.0000000000
64188  41.906  18.647  17.164 0.0000000000
64198  42.624  18.311  16.240 0.0000000000
63456  44.399  17.732  14.705 0.0000000000
64233  44.840  18.217  14.824 0.0000000000
64232  45.598  18.400  14.760 0.0000000000
61710  45.635  15.422  12.478 0.0000000000
60835  46.460  14.629  12.857 0.0000000000
69219  44.348  26.026  7.574 0.0000000000
70588  45.167  27.131  8.259 0.0000000000
69896  45.479  26.881  7.579 0.0000000000
70607  46.368  27.790  7.574 0.0000000000
71258  47.204  28.445  7.545 0.0000000000
71259  46.044  28.496  7.441 0.0000000000
70628  45.774  27.656  7.244 0.0000000000
70629  45.238  27.412  6.737 0.0000000000
69252  44.504  25.481  5.909 0.0000000000
67432  45.083  23.109  5.551 0.0000000000
66677  44.808  21.604  4.341 0.0000000000
65831  44.598  20.954  4.264 0.0000000000
65111  44.315  19.794  2.746 0.0000000000
68015  46.956  23.298  16.398 0.0000000000
67315  46.397  22.543  15.202 0.0000000000
68031  47.987  23.460  15.751 0.0000000000
68050  47.803  23.621  14.659 0.0000000000
68090  48.866  23.806  12.343 0.0000000000
68664  49.270  24.216  12.866 0.0000000000
68114  47.355  23.298  11.658 0.0000000000
68115  46.497  22.702  11.769 0.0000000000
67381  45.711  22.263  12.000 0.0000000000
67380  46.236  22.070  11.410 0.0000000000
66603  46.262  21.402  11.303 0.0000000000
64260  50.537  18.715  12.209 0.0000000000
65020  50.209  19.349  12.119 0.0000000000
64264  49.611  19.196  11.098 0.0000000000
65029  49.726  19.581  10.621 0.0000000000
65772  50.423  20.764  10.153 0.0000000000
65046  49.866  19.549  8.496 0.0000000000
65791  50.518  20.091  8.450 0.0000000000
65047  48.935  19.758  8.595 0.0000000000
65048  48.117  19.989  8.527 0.0000000000
65794  47.957  20.402  8.867 0.0000000000
65785  47.073  20.356  9.739 0.0000000000
64266  47.036  18.555  9.984 0.0000000000
64274  45.921  18.516  9.744 0.0000000000
64275  45.226  18.547  9.810 0.0000000000
65049  44.362  19.201  8.557 0.0000000000
68095  42.770  23.027  12.751 0.0000000000
69930  40.500  25.799  6.813 0.0000000000
68171  42.944  23.710  6.064 0.0000000000
65679  46.624  20.465  20.774 0.0000000000
64938  45.227  19.815  20.314 0.0000000000
64937  46.114  19.848  20.282 0.0000000000
63459  41.177  17.422  14.595 0.0000000000
63458  42.329  17.152  14.287 0.0000000000
63475  43.271  16.930  13.307 0.0000000000
63484  45.063  17.232  12.693 0.0000000000
69221  42.945  25.555  8.509 0.0000000000
69220  43.710  25.555  7.710 0.0000000000
68160  43.182  23.625  7.949 0.0000000000
68695  43.702  24.636  7.724 0.0000000000
69235  44.184  25.087  7.420 0.0000000000
69234  44.929  25.581  7.215 0.0000000000
68719  45.021  24.527  6.128 0.0000000000
68170  44.587  23.908  5.982 0.0000000000
67440  45.756  23.487  4.645 0.0000000000
67449  46.497  23.538  4.330 0.0000000000
67295  49.443  22.991  17.216 0.0000000000
68011  50.195  24.252  15.930 0.0000000000
67332  49.587  23.173  15.183 0.0000000000
68049  49.361  23.550  13.748 0.0000000000
67314  47.740  22.241  15.188 0.0000000000
68069  49.198  23.668  13.034 0.0000000000
67359  48.490  23.118  12.470 0.0000000000
67378  48.380  22.591  11.313 0.0000000000
97175  51.394  17.170  8.549 0.0000000000
97182  53.402  17.422  7.810 0.0000000000
97195  52.173  18.617  7.509 0.0000000000
61768  51.289  16.006  7.278 0.0000000000
97181  50.965  16.798  7.492 0.0000000000
97194  50.927  18.695  8.546 0.0000000000
64278  49.410  18.325  8.793 0.0000000000
97142  45.299  17.564  7.649 0.0000000000
97151  44.821  17.837  7.640 0.0000000000
97164  44.597  17.757  7.694 0.0000000000
62644  43.227  16.206  8.504 0.0000000000
62643  43.802  15.553  8.472 0.0000000000
61761  43.176  15.206  8.499 0.0000000000
64215  40.494  18.714  15.379 0.0000000000
65797  41.723  21.328  8.706 0.0000000000
65006  51.257  19.078  14.211 0.0000000000
64247  51.477  18.865  13.855 0.0000000000
64256  51.720  18.350  13.568 0.0000000000
64257  51.110  18.590  13.150 0.0000000000
63490  49.994  17.959  11.456 0.0000000000
62620  49.575  16.944  10.306 0.0000000000
60814  52.047  14.303  13.443 0.0000000000
61691  53.252  14.884  13.226 0.0000000000
61716  51.556  15.104  11.299 0.0000000000
97183  50.015  16.095  9.551 0.0000000000
62630  51.018  15.981  9.471 0.0000000000
61756  51.195  14.678  9.059 0.0000000000
60884  50.340  14.370  8.019 0.0000000000
61758  49.655  15.211  8.695 0.0000000000
60885  49.298  14.659  7.885 0.0000000000
60886  48.336  14.831  7.849 0.0000000000
58975  44.739  13.281  8.293 0.0000000000
67281  46.569  22.569  16.869 0.0000000000
68619  48.948  24.415  17.857 0.0000000000
68002  49.473  23.614  17.591 0.0000000000
67231  47.731  22.410  20.685 0.0000000000
67230  48.365  23.006  20.100 0.0000000000
65677  48.358  21.072  20.127 0.0000000000
67243  48.498  22.673  19.356 0.0000000000
67984  48.752  23.163  18.684 0.0000000000
67279  49.370  22.961  18.087 0.0000000000
66526  48.214  21.513  17.260 0.0000000000
65717  48.209  20.778  17.822 0.0000000000
66506  48.092  20.848  17.559 0.0000000000
64963  43.221  19.806  18.488 0.0000000000
64990  45.525  19.437  16.983 0.0000000000
64989  46.204  19.557  17.069 0.0000000000
64194  46.738  19.362  16.623 0.0000000000
97229  48.015  19.021  16.513 0.0000000000
97218  48.546  18.903  16.457 0.0000000000
97221  49.088  18.827  16.246 0.0000000000
97222  49.461  18.750  15.715 0.0000000000
97223  49.746  18.460  15.459 0.0000000000
97217  50.035  18.169  15.425 0.0000000000
97215  50.185  17.734  15.057 0.0000000000
97231  49.330  18.582  13.969 0.0000000000
97224  50.056  17.048  12.780 0.0000000000
62605  50.003  16.429  12.542 0.0000000000
61719  46.713  16.007  11.542 0.0000000000
62607  47.995  16.252  12.460 0.0000000000
65697  41.983  20.527  19.790 0.0000000000
64951  40.502  19.980  19.225 0.0000000000
64165  38.219  18.713  19.306 0.0000000000
71847  42.716  30.222  7.098 0.0000000000
71260  44.817  29.072  7.480 0.0000000000
71261  43.315  29.633  6.887 0.0000000000
71241  42.573  29.819  6.957 0.0000000000
70611  42.293  27.794  7.303 0.0000000000
66670  43.057  21.885  6.543 0.0000000000
65832  44.461  20.564  4.790 0.0000000000
67316  45.605  22.185  15.216 0.0000000000
68074  43.268  23.106  13.281 0.0000000000
68094  43.915  22.950  12.661 0.0000000000
68640  49.689  24.441  15.239 0.0000000000
68658  48.374  24.372  14.141 0.0000000000
68070  47.615  24.056  13.602 0.0000000000
68071  46.878  23.377  13.144 0.0000000000
66589  42.851  21.145  12.473 0.0000000000
66587  44.790  21.509  12.205 0.0000000000
65759  43.619  20.642  12.235 0.0000000000
65769  42.978  20.110  11.565 0.0000000000
65777  42.495  19.968  10.429 0.0000000000
65044  42.923  19.601  9.420 0.0000000000
65755  47.469  20.518  12.579 0.0000000000
65022  48.756  19.670  12.177 0.0000000000
65754  48.376  19.881  12.364 0.0000000000
65764  47.771  20.984  11.722 0.0000000000
66602  48.157  21.716  11.449 0.0000000000
67386  48.747  22.342  10.352 0.0000000000
97186  51.146  19.829  9.526 0.0000000000
65782  50.752  20.331  9.720 0.0000000000
66611  50.707  21.117  9.742 0.0000000000
67407  51.119  21.338  8.560 0.0000000000
67392  51.305  22.066  8.896 0.0000000000
67384  50.813  21.975  9.584 0.0000000000
67385  50.162  22.988  10.073 0.0000000000
65765  46.500  21.126  10.977 0.0000000000
65766  45.991  20.640  11.197 0.0000000000
65032  46.006  19.644  10.491 0.0000000000
65023  45.792  20.165  10.783 0.0000000000
65024  45.401  19.907  11.066 0.0000000000
65034  44.201  19.427  10.439 0.0000000000
65051  42.841  20.070  8.640 0.0000000000
65073  44.460  20.908  6.153 0.0000000000
66666  46.799  21.858  3.854 0.0000000000
68203  48.622  22.799  2.995 0.0000000000
66689  49.129  21.160  2.598 0.0000000000
66692  46.844  21.766  1.815 0.0000000000
65855  45.430  20.360  1.404 0.0000000000
65118  44.708  19.797  2.350 0.0000000000
64340  44.001  19.135  2.770 0.0000000000
64338  44.423  18.849  3.111 0.0000000000
64320  43.523  18.397  3.456 0.0000000000
59955  44.806  14.147  7.681 0.0000000000
59947  44.344  13.864  8.259 0.0000000000
59883  53.414  14.106  13.061 0.0000000000
59884  53.274  13.955  13.200 0.0000000000
59885  52.720  13.748  13.339 0.0000000000
59886  51.976  13.713  13.275 0.0000000000
59900  53.440  13.988  12.848 0.0000000000
59901  53.147  13.664  12.818 0.0000000000
59912  53.415  13.923  12.422 0.0000000000
59913  53.005  13.603  12.089 0.0000000000
59914  51.885  13.676  11.796 0.0000000000
59927  51.625  13.865  11.323 0.0000000000
60812  53.414  14.364  13.085 0.0000000000
60813  52.926  14.379  13.421 0.0000000000
60829  53.409  14.312  12.618 0.0000000000
60830  53.315  14.525  12.515 0.0000000000
60840  53.416  14.155  12.353 0.0000000000
60841  53.283  14.297  12.139 0.0000000000
60842  52.577  14.113  11.569 0.0000000000
60843  51.128  14.193  10.662 0.0000000000
60853  51.812  14.058  11.369 0.0000000000
60854  51.512  13.982  11.049 0.0000000000
60868  51.905  14.985  8.550 0.0000000000
60869  51.523  14.755  8.720 0.0000000000
60882  52.533  15.122  8.018 0.0000000000
60895  53.147  15.605  7.568 0.0000000000
60897  51.056  14.843  7.564 0.0000000000
60905  53.209  15.644  6.977 0.0000000000
60906  53.101  15.569  6.681 0.0000000000
61690  53.437  14.707  13.059 0.0000000000
61702  53.440  14.541  12.893 0.0000000000
61703  53.370  14.764  12.805 0.0000000000
61704  52.911  15.304  12.846 0.0000000000
61714  53.144  14.754  12.473 0.0000000000
61715  52.469  15.039  12.050 0.0000000000
61728  51.588  14.315  11.115 0.0000000000
61730  49.307  14.545  10.284 0.0000000000
61742  51.791  15.310  8.695 0.0000000000
61743  51.433  15.107  9.110 0.0000000000
61753  53.125  16.934  7.430 0.0000000000
61754  53.323  16.603  8.102 0.0000000000
61755  52.343  15.685  8.470 0.0000000000
61759  48.790  14.927  8.418 0.0000000000
61767  53.488  16.069  7.259 0.0000000000
61769  50.535  15.204  7.529 0.0000000000
61778  53.440  16.042  6.550 0.0000000000
61779  52.734  15.805  6.417 0.0000000000
61786  53.211  16.426  6.773 0.0000000000
61788  52.352  16.501  6.472 0.0000000000
62617  47.083  16.335  11.253 0.0000000000
62654  49.707  16.199  7.630 0.0000000000
62677  52.971  16.697  7.137 0.0000000000
62678  52.676  17.382  7.367 0.0000000000
62679  52.074  16.648  7.125 0.0000000000
63503  46.910  17.724  9.030 0.0000000000
63504  46.667  18.066  9.246 0.0000000000
64265  47.168  18.496  9.751 0.0000000000
64267  46.414  18.727  10.252 0.0000000000
64330  44.063  18.688  2.892 0.0000000000
64339  44.459  19.098  2.956 0.0000000000
64341  43.303  18.952  2.745 0.0000000000
64346  44.589  19.436  2.796 0.0000000000
64949  44.182  19.792  19.425 0.0000000000
65028  50.304  19.826  10.166 0.0000000000
65031  46.966  19.528  9.959 0.0000000000
65040  47.470  19.636  9.110 0.0000000000
65041  47.215  20.131  9.455 0.0000000000
65112  43.652  19.555  2.949 0.0000000000
65117  44.852  19.564  1.711 0.0000000000
65123  47.677  20.282  1.460 0.0000000000
65124  47.011  19.951  1.481 0.0000000000
65756  46.839  21.253  12.657 0.0000000000
65758  44.340  20.863  12.120 0.0000000000
65773  49.959  20.623  10.538 0.0000000000
65776  46.107  20.313  10.679 0.0000000000
65783  48.431  21.478  9.093 0.0000000000
65815  45.128  21.872  5.685 0.0000000000
65822  47.174  21.045  4.431 0.0000000000
65824  45.224  21.787  5.475 0.0000000000
65846  48.180  21.401  1.398 0.0000000000
65847  48.087  21.497  1.022 0.0000000000
65848  45.305  20.849  2.114 0.0000000000
65850  43.973  20.299  2.930 0.0000000000
65854  48.246  21.245  0.887 0.0000000000
65856  44.892  20.239  1.882 0.0000000000
65861  48.120  20.641  0.876 0.0000000000
65862  47.509  20.521  0.864 0.0000000000
65863  46.732  20.317  1.011 0.0000000000
65864  45.979  20.068  0.793 0.0000000000
66528  46.105  22.105  16.247 0.0000000000
66575  46.747  21.856  12.764 0.0000000000
66584  47.543  21.507  11.941 0.0000000000
66585  47.184  21.508  12.409 0.0000000000
66586  45.307  21.825  12.127 0.0000000000
66605  44.905  21.234  11.769 0.0000000000
66623  47.790  21.988  9.680 0.0000000000
66636  50.508  21.151  8.484 0.0000000000
66637  49.623  21.817  8.527 0.0000000000
66665  47.731  21.567  4.350 0.0000000000
66668  45.441  22.899  5.287 0.0000000000
66674  48.204  21.868  4.282 0.0000000000
66675  47.524  22.242  4.038 0.0000000000
66676  46.886  22.756  4.362 0.0000000000
66681  48.494  20.569  3.335 0.0000000000
66690  48.512  21.592  2.154 0.0000000000
66691  47.873  21.831  1.480 0.0000000000
66693  45.913  21.554  2.085 0.0000000000
66694  45.456  21.748  2.749 0.0000000000
66699  48.107  21.151  0.608 0.0000000000
66700  47.868  21.316  0.694 0.0000000000
66701  47.098  21.380  0.798 0.0000000000
66702  46.332  20.891  1.222 0.0000000000
66707  48.312  20.983  0.731 0.0000000000
66708  47.946  20.948  0.498 0.0000000000
66709  47.321  20.888  0.547 0.0000000000
67261  49.104  23.038  18.431 0.0000000000
67335  46.293  22.204  14.409 0.0000000000
67349  47.286  22.081  12.421 0.0000000000
67360  47.846  22.371  12.020 0.0000000000
67394  48.726  22.394  9.487 0.0000000000
67409  49.620  22.834  8.809 0.0000000000
67410  49.120  22.515  8.985 0.0000000000
67447  48.041  22.469  3.976 0.0000000000
67448  47.355  23.010  4.191 0.0000000000
67456  49.011  21.339  3.463 0.0000000000
67457  48.703  21.952  3.677 0.0000000000
67458  45.898  23.633  3.248 0.0000000000
67464  49.355  21.188  3.122 0.0000000000
67465  49.397  21.971  2.914 0.0000000000
67466  48.424  22.475  2.350 0.0000000000
67467  47.426  22.499  2.437 0.0000000000
67468  46.373  22.796  2.657 0.0000000000
67964  48.863  23.671  18.568 0.0000000000
67983  49.258  23.456  18.308 0.0000000000
67985  47.952  24.176  18.671 0.0000000000
68003  48.782  24.310  17.452 0.0000000000
68014  47.939  23.467  16.803 0.0000000000
68028  50.330  24.123  15.451 0.0000000000
68029  50.157  23.655  15.346 0.0000000000
68030  48.463  23.864  16.238 0.0000000000
68048  50.016  23.552  14.338 0.0000000000
68068  49.842  23.914  13.531 0.0000000000
68127  50.593  22.727  9.291 0.0000000000
68130  47.196  22.745  11.160 0.0000000000
68135  50.442  22.915  8.927 0.0000000000
68136  50.036  23.339  8.904 0.0000000000
68145  50.124  23.090  8.715 0.0000000000
68146  49.889  23.181  8.768 0.0000000000
68147  43.379  24.149  8.115 0.0000000000
68187  47.669  22.891  3.700 0.0000000000
68188  47.108  23.387  3.865 0.0000000000
68189  46.444  23.973  3.821 0.0000000000
68190  46.087  24.409  3.509 0.0000000000
68195  48.369  22.663  3.489 0.0000000000
68196  47.835  23.170  3.364 0.0000000000
68197  47.032  23.254  3.574 0.0000000000
68202  48.905  22.380  3.252 0.0000000000
68204  47.819  23.240  2.817 0.0000000000
68205  46.951  22.803  3.252 0.0000000000
68601  48.364  24.142  18.863 0.0000000000
68607  48.749  24.099  18.421 0.0000000000
68608  48.377  24.083  18.585 0.0000000000
68618  49.391  24.112  17.209 0.0000000000
68626  50.118  24.345  15.538 0.0000000000
68639  50.165  24.314  14.846 0.0000000000
68641  48.959  24.400  15.907 0.0000000000
68649  50.191  24.279  14.080 0.0000000000
68651  49.078  24.448  14.704 0.0000000000
68655  50.083  24.125  13.711 0.0000000000
68656  49.584  24.209  13.480 0.0000000000
68657  49.040  24.441  13.726 0.0000000000
69895  45.746  27.088  7.333 0.0000000000
69897  44.887  26.403  7.888 0.0000000000
69909  46.224  26.994  7.074 0.0000000000
69911  45.435  26.247  7.355 0.0000000000
69940  46.392  27.076  6.687 0.0000000000
70574  46.097  27.667  9.162 0.0000000000
70589  44.717  26.905  8.274 0.0000000000
70606  47.435  28.157  7.794 0.0000000000
71238  47.485  28.843  9.133 0.0000000000
71240  42.617  30.193  6.437 0.0000000000
71257  48.039  28.584  8.130 0.0000000000
71274  46.122  27.754  7.550 0.0000000000
71275  45.916  28.031  7.393 0.0000000000
71825  48.222  29.417  10.048 0.0000000000
71826  46.053  30.407  8.127 0.0000000000
71827  45.805  30.375  8.161 0.0000000000
71845  46.233  30.220  8.327 0.0000000000
71846  45.484  30.373  8.163 0.0000000000
71862  48.034  29.320  7.785 0.0000000000
71866  43.471  30.749  6.966 0.0000000000
72511  45.924  30.505  7.953 0.0000000000
72512  45.687  30.538  7.909 0.0000000000
72534  46.733  30.916  8.375 0.0000000000
72535  46.075  30.704  7.796 0.0000000000
72536  45.391  30.758  7.791 0.0000000000
72555  46.208  31.208  7.863 0.0000000000
72556  45.703  31.161  7.703 0.0000000000
72558  44.006  31.488  7.299 0.0000000000
72571  44.315  31.387  7.592 0.0000000000
97159  48.184  20.880  1.781 0.0000000000
97160  44.792  17.604  7.725 0.0000000000
97172  53.034  17.253  7.413 0.0000000000
97173  53.202  18.188  7.603 0.0000000000
97174  53.264  18.558  7.302 0.0000000000
97176  53.002  18.661  7.431 0.0000000000
97177  53.034  18.343  7.512 0.0000000000
97178  53.162  18.725  7.256 0.0000000000
97179  52.976  18.746  7.371 0.0000000000
97180  52.760  18.538  7.622 0.0000000000
97184  50.492  16.911  8.476 0.0000000000
97187  51.492  17.319  7.531 0.0000000000
97189  52.861  18.760  7.606 0.0000000000
97192  50.533  19.683  9.800 0.0000000000
97196  50.273  19.484  9.856 0.0000000000
97226  48.832  18.881  16.420 0.0000000000
97656  46.137  27.587  6.922 0.0000000000
97657  46.249  27.200  6.959 0.0000000000
97704  47.693  31.170  10.670 0.0000000000
97714  48.171  30.358  10.040 0.0000000000
97715  47.441  31.928  10.118 0.0000000000
