#!ascii label  , from subject output2 vox2ras=TkReg
1168
32800  -1.184  -14.746  43.026 0.0000000000
45453  33.972  -1.751  28.528 0.0000000000
39779  14.859  -7.481  41.953 0.0000000000
44079  21.176  -3.462  44.447 0.0000000000
34802  11.131  -11.646  37.213 0.0000000000
33721  6.102  -12.484  43.698 0.0000000000
49578  40.698  3.101  22.837 0.0000000000
48582  42.372  1.498  31.482 0.0000000000
45264  24.544  -1.927  37.076 0.0000000000
50614  42.255  4.115  16.478 0.0000000000
39752  11.526  -6.020  43.768 0.0000000000
34660  2.071  -12.788  42.952 0.0000000000
50446  41.834  4.075  28.771 0.0000000000
48664  37.672  0.806  25.637 0.0000000000
46459  33.503  -0.627  33.684 0.0000000000
48550  37.269  1.639  33.946 0.0000000000
45327  30.013  -1.691  33.572 0.0000000000
40888  20.354  -6.753  39.369 0.0000000000
39746  18.776  -6.783  43.093 0.0000000000
95201  10.826  -9.726  42.010 0.0000000000
35573  7.890  -10.030  46.296 0.0000000000
34697  7.976  -11.704  40.710 0.0000000000
33806  4.057  -12.684  39.375 0.0000000000
37593  13.415  -8.703  38.152 0.0000000000
95774  46.459  6.379  24.750 0.0000000000
95761  44.468  4.228  27.660 0.0000000000
46556  38.288  -0.681  29.399 0.0000000000
45242  28.206  -2.168  38.512 0.0000000000
44129  23.748  -3.285  41.130 0.0000000000
51538  42.269  4.195  20.454 0.0000000000
52557  45.973  4.254  21.762 0.0000000000
50574  47.323  2.241  18.431 0.0000000000
39754  10.671  -6.983  44.000 0.0000000000
33745  0.218  -13.335  42.976 0.0000000000
34649  0.029  -12.526  44.657 0.0000000000
94430  -3.026  -13.603  44.969 0.0000000000
49561  36.601  1.245  23.590 0.0000000000
47505  33.532  -0.272  35.495 0.0000000000
48510  34.785  1.246  36.073 0.0000000000
28592  -5.588  -18.585  42.977 0.0000000000
45385  30.598  -2.024  31.537 0.0000000000
38615  15.663  -7.855  40.573 0.0000000000
38613  17.783  -7.506  41.387 0.0000000000
39748  16.470  -7.557  43.379 0.0000000000
35687  10.470  -10.956  39.665 0.0000000000
35647  9.294  -10.694  41.090 0.0000000000
34773  9.479  -12.249  38.061 0.0000000000
36642  12.588  -9.974  37.412 0.0000000000
37569  11.702  -8.952  39.443 0.0000000000
33703  7.473  -12.072  44.504 0.0000000000
50513  42.886  3.709  23.386 0.0000000000
56228  46.587  6.454  26.923 0.0000000000
95763  44.016  4.196  26.351 0.0000000000
51402  42.652  2.389  29.797 0.0000000000
95715  44.264  2.796  31.256 0.0000000000
45477  34.656  -1.881  26.675 0.0000000000
46616  36.352  -0.810  26.033 0.0000000000
46574  36.478  -0.539  28.788 0.0000000000
44179  25.791  -2.964  36.366 0.0000000000
44177  28.036  -3.317  36.350 0.0000000000
45262  26.711  -2.678  37.611 0.0000000000
41889  21.409  -5.446  42.690 0.0000000000
41926  22.261  -5.597  40.666 0.0000000000
44077  22.749  -3.520  43.843 0.0000000000
50551  39.429  3.187  20.868 0.0000000000
51552  39.207  4.369  18.927 0.0000000000
50549  42.175  3.337  21.650 0.0000000000
50548  42.986  5.129  22.224 0.0000000000
49641  45.326  2.583  17.566 0.0000000000
50592  44.164  3.295  18.370 0.0000000000
51534  46.171  3.503  20.022 0.0000000000
50578  43.565  3.481  19.235 0.0000000000
95243  13.165  -6.084  42.405 0.0000000000
40760  14.530  -6.675  44.281 0.0000000000
95262  13.051  -5.057  44.994 0.0000000000
33743  3.756  -12.723  43.160 0.0000000000
33705  5.574  -12.813  44.667 0.0000000000
34635  2.182  -12.038  45.653 0.0000000000
48729  38.725  2.094  22.308 0.0000000000
50481  40.592  3.414  25.199 0.0000000000
49547  38.716  2.387  24.361 0.0000000000
49530  38.652  2.241  26.423 0.0000000000
48620  39.347  1.202  28.250 0.0000000000
46509  33.660  -0.532  31.351 0.0000000000
46507  35.881  -0.464  31.481 0.0000000000
47548  35.174  0.483  33.779 0.0000000000
43114  24.411  -4.155  36.758 0.0000000000
46261  21.587  -1.117  44.326 0.0000000000
30884  -2.341  -16.068  41.834 0.0000000000
94417  -4.118  -15.938  45.560 0.0000000000
29320  -5.507  -18.364  45.196 0.0000000000
45442  31.958  -1.662  29.136 0.0000000000
46511  32.205  -1.549  31.181 0.0000000000
46442  31.758  -0.681  33.711 0.0000000000
46416  31.793  -1.037  36.576 0.0000000000
38704  18.907  -7.709  38.338 0.0000000000
39802  19.494  -6.547  41.491 0.0000000000
41872  19.567  -5.305  44.233 0.0000000000
41851  16.348  -7.017  45.466 0.0000000000
41849  18.693  -5.980  44.863 0.0000000000
95205  9.821  -7.901  44.469 0.0000000000
37432  9.129  -8.766  46.706 0.0000000000
36529  8.932  -9.713  44.297 0.0000000000
34658  8.496  -11.058  42.989 0.0000000000
33739  7.301  -12.321  42.485 0.0000000000
33824  7.462  -12.730  38.099 0.0000000000
33804  6.518  -12.709  39.326 0.0000000000
34721  4.851  -12.595  41.368 0.0000000000
34700  3.383  -12.819  41.675 0.0000000000
33768  1.769  -13.461  41.164 0.0000000000
32823  0.482  -14.100  40.911 0.0000000000
38616  14.580  -7.477  39.635 0.0000000000
39932  14.169  -6.859  36.470 0.0000000000
95238  13.829  -6.948  39.629 0.0000000000
38664  12.863  -7.469  40.245 0.0000000000
38617  10.937  -7.020  42.632 0.0000000000
95770  45.596  5.142  26.516 0.0000000000
95752  43.377  4.304  28.421 0.0000000000
47705  35.951  -0.203  24.736 0.0000000000
47647  38.623  -0.193  27.888 0.0000000000
48599  39.875  0.222  30.163 0.0000000000
47593  37.585  -0.196  31.671 0.0000000000
48583  39.765  0.957  32.513 0.0000000000
44215  28.787  -2.746  34.920 0.0000000000
44175  29.867  -2.652  36.167 0.0000000000
45239  30.491  -1.029  38.197 0.0000000000
41960  23.585  -4.714  38.506 0.0000000000
45247  23.735  -2.149  38.935 0.0000000000
46299  23.429  -1.221  43.628 0.0000000000
47452  23.931  -0.927  41.745 0.0000000000
45227  25.028  -1.886  39.774 0.0000000000
46340  26.828  -0.842  40.670 0.0000000000
47467  29.317  -0.793  39.990 0.0000000000
51562  41.937  4.210  18.910 0.0000000000
52570  43.804  5.267  20.905 0.0000000000
54536  46.955  5.632  23.240 0.0000000000
39730  11.359  -7.090  44.220 0.0000000000
33771  -0.037  -14.205  42.853 0.0000000000
33746  -0.721  -13.851  43.630 0.0000000000
32801  -1.712  -14.553  43.973 0.0000000000
46399  33.363  -0.567  37.064 0.0000000000
47494  33.754  0.067  37.304 0.0000000000
29342  -5.928  -17.652  41.410 0.0000000000
38590  15.220  -7.605  40.999 0.0000000000
38589  16.325  -7.591  41.539 0.0000000000
39749  15.517  -7.526  43.194 0.0000000000
34771  11.453  -11.613  38.009 0.0000000000
34743  10.544  -11.472  39.168 0.0000000000
34803  10.094  -11.774  37.230 0.0000000000
35765  12.803  -10.594  35.528 0.0000000000
35748  11.704  -11.159  36.685 0.0000000000
35710  11.501  -11.036  38.516 0.0000000000
33720  7.120  -12.402  43.535 0.0000000000
33704  6.895  -12.749  44.332 0.0000000000
50514  42.040  2.783  23.069 0.0000000000
50480  42.941  4.205  24.711 0.0000000000
50495  42.249  3.557  23.756 0.0000000000
48595  42.583  2.036  30.901 0.0000000000
50363  43.212  2.397  32.877 0.0000000000
45464  33.772  -1.796  27.483 0.0000000000
45462  35.639  -1.455  27.932 0.0000000000
45452  34.918  -1.397  28.733 0.0000000000
45284  24.442  -3.160  36.455 0.0000000000
46403  24.948  -2.253  36.883 0.0000000000
44162  26.250  -2.882  37.057 0.0000000000
45263  25.515  -2.640  37.365 0.0000000000
41870  21.130  -4.629  43.016 0.0000000000
41869  22.000  -4.722  42.957 0.0000000000
44078  21.787  -3.229  43.810 0.0000000000
49598  40.230  3.139  22.237 0.0000000000
50550  40.600  3.173  21.427 0.0000000000
50535  41.366  3.120  22.281 0.0000000000
50534  42.670  3.447  22.517 0.0000000000
50613  43.049  3.302  16.331 0.0000000000
50602  43.714  3.385  17.463 0.0000000000
50577  44.426  3.411  19.122 0.0000000000
50603  42.154  3.818  17.426 0.0000000000
39751  12.326  -6.162  43.556 0.0000000000
95263  12.701  -5.712  44.222 0.0000000000
40779  12.127  -5.630  44.796 0.0000000000
33744  3.146  -12.734  43.088 0.0000000000
33724  3.228  -12.659  43.789 0.0000000000
33709  1.672  -12.530  44.276 0.0000000000
94464  -0.240  -12.643  45.690 0.0000000000
94481  0.344  -12.534  45.626 0.0000000000
49601  37.561  1.473  21.727 0.0000000000
48697  38.504  1.842  23.030 0.0000000000
49560  37.853  1.492  23.237 0.0000000000
49549  36.873  1.359  24.536 0.0000000000
49548  37.445  2.189  24.452 0.0000000000
49531  37.885  1.484  26.075 0.0000000000
48630  39.458  1.505  27.763 0.0000000000
48631  38.737  1.094  27.449 0.0000000000
46482  33.949  -0.687  32.635 0.0000000000
46481  34.598  -0.270  32.385 0.0000000000
47549  34.558  0.017  34.012 0.0000000000
49612  38.587  2.411  20.325 0.0000000000
28573  -3.022  -17.761  43.386 0.0000000000
28590  -3.227  -18.315  42.592 0.0000000000
45456  30.704  -2.729  28.589 0.0000000000
45415  32.490  -1.434  30.029 0.0000000000
45416  31.547  -1.714  30.155 0.0000000000
45356  30.222  -1.641  32.411 0.0000000000
45355  31.365  -1.708  32.147 0.0000000000
45326  31.156  -1.514  33.150 0.0000000000
46428  31.867  -0.558  35.132 0.0000000000
45307  31.118  -1.650  34.324 0.0000000000
37589  17.737  -8.709  38.597 0.0000000000
39776  18.097  -7.443  42.302 0.0000000000
39803  18.590  -6.972  41.499 0.0000000000
39775  19.122  -6.807  42.275 0.0000000000
40820  19.847  -5.999  42.338 0.0000000000
40795  18.560  -6.446  43.986 0.0000000000
42985  14.466  -6.078  45.639 0.0000000000
41826  15.204  -6.537  45.157 0.0000000000
42984  15.468  -5.883  45.640 0.0000000000
41824  17.702  -6.107  45.720 0.0000000000
42983  19.400  -4.835  45.285 0.0000000000
95200  9.756  -9.421  43.764 0.0000000000
95202  9.845  -8.928  44.575 0.0000000000
34696  8.655  -10.988  41.205 0.0000000000
34673  8.675  -10.843  42.230 0.0000000000
34674  8.070  -11.563  42.058 0.0000000000
33764  7.347  -12.368  41.265 0.0000000000
33849  8.518  -12.679  36.963 0.0000000000
33827  4.601  -12.786  38.114 0.0000000000
33826  5.772  -12.783  38.153 0.0000000000
33805  5.293  -12.661  39.642 0.0000000000
33786  5.555  -12.548  40.952 0.0000000000
34747  4.860  -12.546  40.561 0.0000000000
34722  4.030  -12.557  40.738 0.0000000000
32822  1.045  -13.574  40.772 0.0000000000
38663  14.447  -7.706  38.894 0.0000000000
38642  14.266  -7.448  38.908 0.0000000000
37640  13.424  -8.717  36.515 0.0000000000
95259  13.758  -8.106  37.181 0.0000000000
95246  13.803  -7.722  38.635 0.0000000000
95241  13.205  -6.849  39.890 0.0000000000
38686  12.875  -7.783  38.970 0.0000000000
95213  11.580  -9.456  40.709 0.0000000000
95220  11.317  -8.488  42.121 0.0000000000
95203  10.305  -7.943  43.416 0.0000000000
36500  8.670  -9.356  46.410 0.0000000000
30109  -6.188  -16.223  46.802 0.0000000000
94428  -5.169  -14.275  46.172 0.0000000000
95793  46.871  7.061  24.955 0.0000000000
57037  45.745  5.187  26.865 0.0000000000
95771  46.845  5.527  26.928 0.0000000000
95769  44.706  4.664  27.115 0.0000000000
50465  39.979  3.377  26.422 0.0000000000
50456  42.083  3.695  27.053 0.0000000000
95791  42.064  4.532  28.933 0.0000000000
47589  44.402  2.004  30.484 0.0000000000
46573  37.538  -0.636  28.563 0.0000000000
46600  37.233  -0.743  26.836 0.0000000000
46572  38.328  -0.625  28.318 0.0000000000
48610  39.687  -0.088  29.319 0.0000000000
47612  39.611  -0.422  30.145 0.0000000000
47569  36.126  0.605  32.361 0.0000000000
47594  36.493  -0.001  31.773 0.0000000000
48568  37.533  1.425  32.804 0.0000000000
44234  27.396  -2.766  34.013 0.0000000000
45261  27.802  -2.623  37.690 0.0000000000
45295  28.725  -2.742  36.236 0.0000000000
45260  28.819  -2.571  37.775 0.0000000000
45258  30.772  -1.550  37.663 0.0000000000
45240  30.021  -1.360  38.553 0.0000000000
38681  20.508  -7.342  38.394 0.0000000000
39885  21.294  -6.666  37.899 0.0000000000
43070  23.496  -5.066  40.593 0.0000000000
41944  23.158  -5.646  39.473 0.0000000000
43084  23.734  -4.582  39.676 0.0000000000
43097  23.663  -3.818  38.875 0.0000000000
44142  24.017  -2.537  40.478 0.0000000000
47410  22.120  -0.899  43.712 0.0000000000
46320  24.509  -0.739  41.363 0.0000000000
46368  24.071  -1.188  40.203 0.0000000000
47450  25.101  -0.513  40.814 0.0000000000
45208  26.248  -1.661  40.620 0.0000000000
47448  26.504  0.028  40.658 0.0000000000
51539  40.876  4.029  20.050 0.0000000000
51550  41.467  4.231  19.493 0.0000000000
51549  42.737  4.073  19.688 0.0000000000
95789  45.900  6.236  23.249 0.0000000000
95805  44.309  5.335  22.325 0.0000000000
55418  48.834  6.394  23.500 0.0000000000
50590  45.841  2.525  18.244 0.0000000000
51522  46.525  4.262  20.677 0.0000000000
51510  48.386  4.556  21.322 0.0000000000
52510  48.367  4.998  22.274 0.0000000000
40821  10.836  -6.323  43.716 0.0000000000
95335  11.387  -5.798  45.035 0.0000000000
95336  10.826  -5.987  44.868 0.0000000000
34679  1.068  -12.977  42.457 0.0000000000
34648  0.736  -12.560  44.190 0.0000000000
33727  -0.198  -12.980  43.605 0.0000000000
33729  -1.106  -13.648  44.861 0.0000000000
94463  -2.571  -12.655  46.376 0.0000000000
49562  35.510  1.064  22.976 0.0000000000
48698  36.334  0.899  24.098 0.0000000000
46426  33.486  -0.115  34.771 0.0000000000
47532  34.472  0.310  34.631 0.0000000000
47504  33.723  0.140  36.120 0.0000000000
47503  34.394  0.764  36.557 0.0000000000
28607  -4.527  -18.693  41.990 0.0000000000
28629  -4.740  -18.184  41.385 0.0000000000
27823  -6.398  -18.748  42.506 0.0000000000
44274  30.252  -2.780  29.938 0.0000000000
37536  17.057  -8.501  39.999 0.0000000000
38614  16.784  -7.596  40.999 0.0000000000
38588  17.314  -7.534  41.788 0.0000000000
39747  17.746  -7.518  43.646 0.0000000000
35645  10.633  -10.217  41.217 0.0000000000
95199  9.705  -9.872  42.157 0.0000000000
35668  9.722  -10.959  40.432 0.0000000000
34718  9.665  -11.479  40.035 0.0000000000
34745  8.670  -12.168  38.912 0.0000000000
33828  3.432  -12.826  37.917 0.0000000000
36689  13.215  -9.904  35.377 0.0000000000
37618  12.707  -9.059  36.910 0.0000000000
37594  12.684  -8.873  38.340 0.0000000000
36627  12.314  -9.771  38.328 0.0000000000
36612  11.745  -9.990  39.730 0.0000000000
34634  7.553  -10.962  45.956 0.0000000000
95779  45.266  5.349  24.801 0.0000000000
55406  46.585  6.680  25.593 0.0000000000
95784  44.463  5.268  26.133 0.0000000000
95762  44.128  4.427  27.117 0.0000000000
51428  41.891  3.265  29.190 0.0000000000
95749  42.022  4.104  29.282 0.0000000000
95725  43.305  3.319  31.625 0.0000000000
47564  44.061  1.569  31.836 0.0000000000
45513  35.183  -1.913  25.013 0.0000000000
45494  35.462  -1.773  25.860 0.0000000000
46601  36.136  -0.717  27.216 0.0000000000
46557  37.111  -0.493  29.655 0.0000000000
49462  38.073  2.310  34.252 0.0000000000
44198  26.563  -2.887  35.729 0.0000000000
44197  27.490  -3.330  35.817 0.0000000000
45298  26.675  -2.858  36.314 0.0000000000
45243  27.244  -2.201  38.563 0.0000000000
40841  21.194  -5.760  41.207 0.0000000000
40862  21.235  -5.695  40.457 0.0000000000
41927  21.737  -5.739  41.204 0.0000000000
41906  22.784  -4.979  42.025 0.0000000000
44097  23.879  -3.512  43.130 0.0000000000
50579  38.105  3.850  19.242 0.0000000000
51553  38.306  4.424  18.804 0.0000000000
51541  38.781  4.172  19.487 0.0000000000
51540  39.646  4.154  19.835 0.0000000000
51525  42.841  4.908  21.213 0.0000000000
50563  42.435  4.063  21.236 0.0000000000
95798  43.145  5.167  23.356 0.0000000000
50612  44.399  3.416  16.444 0.0000000000
50591  44.981  2.627  18.293 0.0000000000
50575  46.293  2.990  18.869 0.0000000000
50562  47.024  2.508  19.296 0.0000000000
51546  45.489  3.592  19.627 0.0000000000
51547  44.749  4.008  19.684 0.0000000000
51535  45.188  4.326  20.417 0.0000000000
95237  14.036  -6.638  42.047 0.0000000000
95242  14.688  -6.860  43.533 0.0000000000
40761  13.974  -6.738  43.575 0.0000000000
41827  13.350  -6.368  44.585 0.0000000000
95255  13.328  -4.772  46.183 0.0000000000
33742  4.516  -12.694  43.000 0.0000000000
33722  5.031  -12.512  43.856 0.0000000000
33723  4.078  -12.588  43.889 0.0000000000
33694  3.511  -12.552  45.445 0.0000000000
33697  1.408  -12.692  45.057 0.0000000000
34623  1.584  -12.012  45.906 0.0000000000
49579  39.627  2.485  22.674 0.0000000000
50496  41.404  3.183  24.090 0.0000000000
49546  39.858  2.659  24.372 0.0000000000
49538  39.456  2.840  25.063 0.0000000000
49539  38.606  2.537  25.376 0.0000000000
50457  40.099  3.106  27.742 0.0000000000
49515  40.652  2.460  28.572 0.0000000000
49506  40.846  2.151  29.209 0.0000000000
49496  41.903  1.178  29.746 0.0000000000
46560  34.253  -0.888  29.739 0.0000000000
46559  35.043  -0.547  29.794 0.0000000000
46508  34.787  -0.351  31.642 0.0000000000
47570  35.279  0.559  32.650 0.0000000000
48551  36.406  0.403  34.068 0.0000000000
47531  35.149  0.578  34.737 0.0000000000
48531  35.741  0.865  34.806 0.0000000000
48530  36.581  1.260  34.907 0.0000000000
44164  23.682  -2.973  37.072 0.0000000000
44055  20.950  -2.964  44.910 0.0000000000
49620  38.006  2.769  19.203 0.0000000000
49599  39.134  2.547  21.648 0.0000000000
53607  42.459  6.698  16.192 0.0000000000
52604  42.030  5.944  16.388 0.0000000000
31814  -2.300  -15.344  42.541 0.0000000000
31791  -2.591  -15.551  43.805 0.0000000000
94389  -3.249  -16.803  44.013 0.0000000000
29312  -5.444  -17.552  45.712 0.0000000000
29314  -7.820  -17.541  45.998 0.0000000000
28575  -5.919  -18.602  44.221 0.0000000000
45465  32.619  -1.765  27.154 0.0000000000
45466  31.720  -2.172  26.578 0.0000000000
45454  32.833  -1.900  28.301 0.0000000000
46562  32.988  -1.232  29.771 0.0000000000
46510  32.735  -1.087  30.911 0.0000000000
46483  32.817  -0.757  32.046 0.0000000000
45384  31.517  -1.644  31.144 0.0000000000
46461  32.032  -1.123  32.665 0.0000000000
46460  32.759  -0.576  33.131 0.0000000000
46441  32.708  -0.304  34.155 0.0000000000
46415  33.103  -0.712  36.180 0.0000000000
46400  32.584  -0.590  37.346 0.0000000000
39887  19.264  -7.239  38.636 0.0000000000
37564  18.398  -7.940  39.664 0.0000000000
39852  19.030  -6.872  40.125 0.0000000000
39828  19.634  -6.423  40.621 0.0000000000
40842  20.369  -5.716  41.272 0.0000000000
41890  20.582  -5.537  42.947 0.0000000000
43024  20.318  -4.356  44.420 0.0000000000
40778  15.401  -6.938  44.399 0.0000000000
40777  16.171  -7.502  44.899 0.0000000000
40776  17.205  -7.375  45.021 0.0000000000
41801  16.734  -5.677  45.854 0.0000000000
41850  17.457  -6.599  45.465 0.0000000000
40775  17.940  -6.790  44.830 0.0000000000
43004  19.490  -4.748  44.693 0.0000000000
43003  19.804  -3.869  44.944 0.0000000000
95209  9.918  -8.215  45.183 0.0000000000
95204  9.722  -9.148  45.164 0.0000000000
36513  9.099  -9.591  45.415 0.0000000000
36514  8.126  -9.689  44.909 0.0000000000
35617  9.167  -10.333  43.147 0.0000000000
36546  8.238  -10.292  44.130 0.0000000000
35603  7.876  -10.368  44.446 0.0000000000
34659  7.756  -11.394  43.594 0.0000000000
33740  6.331  -12.483  42.721 0.0000000000
33848  8.950  -12.283  37.345 0.0000000000
33823  8.304  -12.670  37.967 0.0000000000
34746  8.108  -12.515  39.175 0.0000000000
33851  6.580  -12.797  37.303 0.0000000000
33825  6.760  -12.757  38.396 0.0000000000
33784  7.349  -12.473  40.118 0.0000000000
33785  6.424  -12.633  40.502 0.0000000000
33765  6.424  -12.554  41.654 0.0000000000
33766  5.483  -12.584  41.993 0.0000000000
34699  4.254  -12.762  42.024 0.0000000000
34676  3.531  -12.747  42.514 0.0000000000
34677  2.707  -12.633  42.463 0.0000000000
33787  3.519  -13.065  39.835 0.0000000000
34724  2.754  -13.691  40.737 0.0000000000
34702  1.586  -13.134  41.740 0.0000000000
34703  1.192  -13.353  41.929 0.0000000000
33770  0.743  -13.858  42.150 0.0000000000
32824  -0.116  -14.696  42.046 0.0000000000
31837  -1.009  -15.508  40.766 0.0000000000
30883  -1.567  -15.739  41.291 0.0000000000
37538  15.397  -8.141  39.226 0.0000000000
38591  14.279  -7.019  39.815 0.0000000000
95239  13.472  -6.856  41.061 0.0000000000
95244  12.934  -6.806  41.118 0.0000000000
38643  11.987  -6.851  41.935 0.0000000000
37541  12.514  -8.505  40.838 0.0000000000
39781  10.983  -6.424  43.313 0.0000000000
39782  10.677  -6.834  43.647 0.0000000000
95206  10.457  -7.652  44.332 0.0000000000
94429  -3.871  -14.963  45.422 0.0000000000
94408  -4.178  -13.555  46.478 0.0000000000
95802  47.153  6.296  27.084 0.0000000000
50464  41.694  3.434  26.023 0.0000000000
95768  43.700  3.892  26.517 0.0000000000
95751  43.432  4.156  27.938 0.0000000000
95729  43.418  4.193  29.851 0.0000000000
95722  43.304  3.839  28.986 0.0000000000
95727  43.411  3.295  28.101 0.0000000000
48699  35.746  0.487  23.516 0.0000000000
47704  36.688  0.272  24.937 0.0000000000
47687  36.346  -0.638  25.255 0.0000000000
46615  37.552  -0.469  26.052 0.0000000000
47667  37.917  0.461  26.611 0.0000000000
48621  39.296  0.290  28.379 0.0000000000
49508  40.098  0.532  29.685 0.0000000000
48597  41.437  0.699  30.883 0.0000000000
46558  36.025  -0.774  29.777 0.0000000000
47613  37.187  -0.640  31.288 0.0000000000
46505  38.417  -0.672  31.242 0.0000000000
48549  38.183  1.840  33.524 0.0000000000
48584  38.867  0.740  32.233 0.0000000000
46504  39.139  -0.638  31.249 0.0000000000
47611  39.695  -0.074  30.781 0.0000000000
48598  40.363  0.411  31.067 0.0000000000
45328  28.944  -2.492  33.806 0.0000000000
45309  29.402  -2.598  34.670 0.0000000000
44196  28.425  -3.251  35.838 0.0000000000
44214  29.561  -2.759  35.147 0.0000000000
45308  30.220  -2.596  34.766 0.0000000000
45293  30.934  -1.715  35.712 0.0000000000
45257  31.426  -1.403  37.234 0.0000000000
46381  31.328  -0.680  38.516 0.0000000000
41962  22.533  -5.607  39.165 0.0000000000
41981  23.664  -4.701  37.357 0.0000000000
44151  23.679  -2.830  38.562 0.0000000000
45246  23.825  -1.952  38.173 0.0000000000
45146  22.463  -2.553  43.682 0.0000000000
45169  23.315  -2.081  43.536 0.0000000000
45190  23.750  -2.082  42.498 0.0000000000
46322  23.751  -1.384  42.952 0.0000000000
45211  23.770  -1.865  41.117 0.0000000000
46369  23.820  -1.312  40.767 0.0000000000
45228  24.263  -1.802  39.405 0.0000000000
45245  24.794  -1.832  38.368 0.0000000000
45244  26.045  -1.783  38.782 0.0000000000
46386  26.934  -1.795  39.413 0.0000000000
46385  27.789  -1.598  39.069 0.0000000000
47447  27.538  0.074  40.807 0.0000000000
46339  27.954  -0.847  40.467 0.0000000000
46363  28.646  -1.029  39.511 0.0000000000
46383  29.956  -0.701  38.903 0.0000000000
52605  41.330  6.065  17.042 0.0000000000
51572  41.799  4.489  17.055 0.0000000000
50594  41.717  3.782  18.290 0.0000000000
51536  44.269  4.561  20.462 0.0000000000
52568  44.580  4.732  21.029 0.0000000000
51524  43.663  5.276  21.619 0.0000000000
52540  45.102  5.334  22.203 0.0000000000
53523  46.141  4.931  22.784 0.0000000000
54555  48.786  5.737  23.286 0.0000000000
95218  10.745  -7.916  44.521 0.0000000000
95230  11.265  -7.656  44.272 0.0000000000
47495  33.211  -0.348  37.522 0.0000000000
34772  10.703  -11.723  38.386 0.0000000000
95710  42.643  2.218  31.926 0.0000000000
50366  42.761  2.980  34.242 0.0000000000
49427  42.434  2.898  32.954 0.0000000000
45265  23.910  -2.307  36.786 0.0000000000
46404  24.660  -2.261  36.806 0.0000000000
43023  21.027  -3.992  43.663 0.0000000000
50628  42.267  4.438  16.101 0.0000000000
33725  2.468  -12.686  43.501 0.0000000000
33726  1.776  -12.658  43.482 0.0000000000
50552  36.678  1.774  20.952 0.0000000000
49580  37.666  1.358  22.174 0.0000000000
50536  37.022  1.316  22.090 0.0000000000
49541  36.983  1.149  24.922 0.0000000000
49540  37.569  1.633  25.369 0.0000000000
48646  38.693  1.531  26.745 0.0000000000
48647  38.330  1.061  26.383 0.0000000000
47572  34.209  -0.598  33.542 0.0000000000
94379  -3.012  -17.677  42.217 0.0000000000
44306  30.504  -2.814  27.581 0.0000000000
45443  30.756  -2.380  29.281 0.0000000000
42966  14.133  -5.758  46.225 0.0000000000
42965  15.132  -5.605  45.953 0.0000000000
95198  9.949  -9.653  42.800 0.0000000000
34748  4.560  -12.597  40.093 0.0000000000
37617  13.379  -8.743  37.527 0.0000000000
95253  13.723  -8.426  38.037 0.0000000000
95249  13.452  -8.405  38.534 0.0000000000
30110  -7.164  -16.819  46.932 0.0000000000
30842  -6.238  -15.948  47.183 0.0000000000
95806  47.830  6.892  24.516 0.0000000000
47625  39.164  -0.602  29.581 0.0000000000
48569  36.593  1.154  32.958 0.0000000000
47568  37.047  0.720  32.184 0.0000000000
44217  27.091  -2.871  34.800 0.0000000000
45259  29.955  -2.494  37.912 0.0000000000
45241  29.087  -1.836  38.642 0.0000000000
39869  20.895  -6.887  38.991 0.0000000000
43069  23.655  -4.157  40.760 0.0000000000
44141  24.227  -3.413  39.822 0.0000000000
47406  24.582  0.102  42.548 0.0000000000
47427  24.858  -0.072  41.262 0.0000000000
47449  25.595  -0.240  40.746 0.0000000000
47426  25.870  0.308  41.273 0.0000000000
51551  40.254  4.254  19.166 0.0000000000
56239  47.521  6.355  23.848 0.0000000000
50589  46.818  2.386  17.879 0.0000000000
50561  48.006  2.015  18.861 0.0000000000
52556  46.627  4.437  21.566 0.0000000000
51511  47.861  4.512  21.311 0.0000000000
52537  47.143  4.522  21.950 0.0000000000
52536  47.989  4.500  21.938 0.0000000000
52512  47.487  4.714  22.345 0.0000000000
40798  10.773  -6.355  44.170 0.0000000000
41873  10.808  -6.097  44.421 0.0000000000
40799  10.932  -6.450  44.419 0.0000000000
34662  0.590  -12.652  43.382 0.0000000000
33747  -1.721  -13.967  44.649 0.0000000000
33728  -0.552  -13.317  44.325 0.0000000000
94388  -1.911  -13.187  45.164 0.0000000000
94422  -1.586  -12.781  45.831 0.0000000000
94433  -2.763  -12.900  45.642 0.0000000000
46427  33.143  -0.294  35.053 0.0000000000
47518  33.621  0.231  35.122 0.0000000000
28608  -5.794  -18.485  41.861 0.0000000000
27824  -7.282  -19.023  42.182 0.0000000000
38640  16.272  -8.286  40.379 0.0000000000
39778  15.898  -7.575  42.293 0.0000000000
39777  16.997  -7.552  42.523 0.0000000000
35667  10.599  -10.592  40.602 0.0000000000
34744  9.871  -11.734  39.370 0.0000000000
34719  9.054  -11.707  40.270 0.0000000000
35747  12.344  -10.602  36.446 0.0000000000
36665  13.285  -10.054  36.385 0.0000000000
35686  11.221  -10.539  39.248 0.0000000000
36613  11.404  -10.516  39.843 0.0000000000
33691  7.507  -11.915  45.549 0.0000000000
51416  42.436  2.639  29.520 0.0000000000
51415  42.396  3.266  29.508 0.0000000000
51401  42.688  2.895  30.098 0.0000000000
48546  43.651  1.688  32.232 0.0000000000
45495  34.499  -1.967  25.657 0.0000000000
45451  35.555  -1.131  28.478 0.0000000000
46586  35.947  -0.693  28.145 0.0000000000
44199  25.747  -2.832  35.262 0.0000000000
44178  26.319  -2.973  36.526 0.0000000000
41908  21.481  -5.736  41.881 0.0000000000
43021  23.120  -4.604  43.444 0.0000000000
41868  22.541  -4.889  42.861 0.0000000000
43037  23.322  -4.660  42.416 0.0000000000
43020  23.753  -4.021  43.376 0.0000000000
50566  38.876  3.556  20.086 0.0000000000
50565  40.227  3.363  20.381 0.0000000000
50564  41.558  3.416  20.751 0.0000000000
95801  42.748  4.514  22.890 0.0000000000
50576  45.301  3.297  18.931 0.0000000000
51548  43.850  4.161  19.816 0.0000000000
95257  13.521  -6.419  42.501 0.0000000000
95250  13.539  -6.495  43.058 0.0000000000
95256  13.280  -5.167  45.485 0.0000000000
95254  13.627  -5.790  45.739 0.0000000000
33708  2.573  -12.460  44.473 0.0000000000
33707  3.417  -12.515  44.635 0.0000000000
33695  2.633  -12.486  45.339 0.0000000000
33683  2.833  -12.616  45.793 0.0000000000
33710  1.113  -12.591  44.597 0.0000000000
34637  0.712  -12.588  44.860 0.0000000000
48713  38.723  2.123  22.837 0.0000000000
50482  39.404  3.243  25.674 0.0000000000
50515  36.894  1.287  22.910 0.0000000000
49529  39.612  2.630  26.890 0.0000000000
50466  38.905  3.205  26.053 0.0000000000
50448  40.420  2.719  28.343 0.0000000000
49522  39.419  2.003  27.291 0.0000000000
49516  40.113  1.856  28.321 0.0000000000
49507  40.651  1.053  29.240 0.0000000000
46540  33.455  -0.459  30.273 0.0000000000
46539  34.446  -0.551  30.584 0.0000000000
47571  34.710  -0.131  33.032 0.0000000000
47596  34.786  0.273  32.192 0.0000000000
47547  35.969  0.509  33.132 0.0000000000
47517  34.587  0.732  35.505 0.0000000000
48509  35.622  1.255  35.724 0.0000000000
48508  36.898  1.877  35.854 0.0000000000
49431  37.046  2.331  36.217 0.0000000000
44181  24.587  -3.595  35.959 0.0000000000
48730  38.312  1.613  21.873 0.0000000000
30870  -2.456  -15.664  42.732 0.0000000000
94395  -2.469  -16.086  42.882 0.0000000000
94392  -4.275  -17.742  44.783 0.0000000000
94393  -3.737  -17.535  44.644 0.0000000000
29311  -4.965  -17.492  44.994 0.0000000000
29321  -6.622  -18.153  45.544 0.0000000000
28591  -3.902  -18.806  42.843 0.0000000000
45479  32.635  -1.769  26.007 0.0000000000
45455  31.447  -2.669  28.039 0.0000000000
44315  30.852  -2.768  26.845 0.0000000000
45441  33.159  -1.615  29.309 0.0000000000
45383  32.194  -1.672  30.711 0.0000000000
45417  30.659  -2.406  30.521 0.0000000000
37612  18.874  -8.462  37.711 0.0000000000
38703  19.765  -7.737  38.013 0.0000000000
38639  17.353  -7.798  40.552 0.0000000000
38661  17.842  -7.773  39.931 0.0000000000
39829  19.028  -6.848  40.862 0.0000000000
40794  19.693  -6.027  43.370 0.0000000000
41871  20.389  -4.961  43.606 0.0000000000
39726  15.309  -7.137  43.742 0.0000000000
41852  15.716  -7.160  45.143 0.0000000000
36501  8.228  -9.762  45.721 0.0000000000
35629  9.221  -10.499  41.852 0.0000000000
35618  8.305  -10.578  43.700 0.0000000000
34646  7.550  -11.045  44.934 0.0000000000
33850  7.634  -12.903  37.119 0.0000000000
33802  8.035  -12.647  38.692 0.0000000000
33870  5.998  -12.747  36.258 0.0000000000
33852  5.586  -12.879  36.971 0.0000000000
33767  4.932  -12.599  42.369 0.0000000000
34698  4.902  -12.594  41.958 0.0000000000
33807  3.224  -13.500  39.050 0.0000000000
33789  2.098  -13.589  40.448 0.0000000000
34701  2.493  -13.440  41.508 0.0000000000
31836  -0.359  -14.816  40.147 0.0000000000
95260  13.888  -5.921  36.115 0.0000000000
95236  14.175  -6.070  37.596 0.0000000000
37568  12.661  -8.358  39.576 0.0000000000
38592  10.639  -6.965  43.220 0.0000000000
95208  9.706  -9.313  45.622 0.0000000000
94381  -3.179  -15.783  44.947 0.0000000000
94401  -3.006  -15.046  44.660 0.0000000000
32724  -5.849  -14.779  47.419 0.0000000000
94409  -4.303  -13.928  46.699 0.0000000000
32735  -3.791  -13.224  46.524 0.0000000000
94387  -4.450  -14.237  46.815 0.0000000000
95773  45.787  5.870  25.324 0.0000000000
95764  42.900  4.018  26.902 0.0000000000
95782  43.126  4.088  27.081 0.0000000000
50427  43.352  3.717  30.530 0.0000000000
95738  43.103  4.603  29.705 0.0000000000
95723  43.634  3.547  30.442 0.0000000000
95728  44.479  3.063  30.346 0.0000000000
47590  43.529  2.638  29.099 0.0000000000
47726  34.887  -0.238  23.511 0.0000000000
47725  35.536  0.032  24.026 0.0000000000
48682  36.083  0.360  24.136 0.0000000000
46628  35.886  -1.309  25.078 0.0000000000
46599  37.738  -0.172  26.741 0.0000000000
46614  37.689  -0.003  26.305 0.0000000000
47648  38.287  0.219  27.156 0.0000000000
48632  38.658  0.857  26.871 0.0000000000
49498  40.305  0.194  30.133 0.0000000000
49497  41.000  0.066  29.877 0.0000000000
46538  35.463  -0.614  30.691 0.0000000000
47614  36.889  -0.527  31.508 0.0000000000
46536  37.726  -0.593  30.639 0.0000000000
49470  39.385  1.567  33.282 0.0000000000
48566  39.014  1.177  32.910 0.0000000000
47592  38.613  -0.046  31.695 0.0000000000
47591  39.426  0.109  31.525 0.0000000000
44233  28.151  -2.777  34.187 0.0000000000
45278  29.340  -2.612  36.745 0.0000000000
44195  29.232  -2.638  35.797 0.0000000000
44194  29.985  -2.787  35.612 0.0000000000
44174  30.247  -2.696  36.058 0.0000000000
45294  30.417  -2.490  35.755 0.0000000000
45277  30.439  -2.372  36.636 0.0000000000
46401  31.522  -0.858  37.647 0.0000000000
46402  30.830  -0.754  38.032 0.0000000000
40861  21.941  -5.642  40.106 0.0000000000
40875  21.751  -5.848  39.475 0.0000000000
41945  22.606  -5.743  39.897 0.0000000000
41943  23.525  -5.242  39.253 0.0000000000
41961  23.110  -5.468  38.686 0.0000000000
41982  23.308  -5.279  37.907 0.0000000000
45125  21.674  -1.772  44.687 0.0000000000
45147  21.612  -2.060  44.035 0.0000000000
46300  22.797  -1.406  43.711 0.0000000000
45168  23.776  -2.610  43.195 0.0000000000
45191  23.692  -1.812  43.170 0.0000000000
47451  24.201  -0.899  41.806 0.0000000000
47429  23.944  -0.858  42.390 0.0000000000
46345  23.775  -1.249  41.767 0.0000000000
46367  24.451  -1.642  40.116 0.0000000000
46365  26.646  -1.763  40.359 0.0000000000
46366  26.280  -1.862  40.166 0.0000000000
46364  27.509  -1.542  39.969 0.0000000000
47425  27.160  0.299  41.829 0.0000000000
47424  27.910  0.428  41.755 0.0000000000
47446  29.023  0.141  40.785 0.0000000000
45224  29.407  -1.205  39.025 0.0000000000
46362  29.591  -0.797  39.375 0.0000000000
53608  41.284  6.700  16.588 0.0000000000
51565  38.740  4.996  18.403 0.0000000000
51573  40.841  4.888  17.571 0.0000000000
51580  41.139  5.536  17.271 0.0000000000
50604  41.334  4.120  17.933 0.0000000000
51537  43.470  4.933  20.673 0.0000000000
52569  44.097  5.185  20.895 0.0000000000
52493  45.551  6.100  22.783 0.0000000000
52514  45.258  5.873  22.652 0.0000000000
95777  45.828  5.997  22.685 0.0000000000
95778  46.291  5.497  22.788 0.0000000000
95776  46.566  5.705  23.000 0.0000000000
53496  47.160  5.377  22.910 0.0000000000
54556  47.599  5.692  23.282 0.0000000000
50601  45.009  3.050  17.337 0.0000000000
50611  45.139  3.088  16.332 0.0000000000
50600  45.375  2.773  16.653 0.0000000000
51533  47.288  3.347  19.781 0.0000000000
94411  -2.501  -13.928  44.681 0.0000000000
46414  33.611  -0.400  36.680 0.0000000000
35711  10.895  -11.146  39.012 0.0000000000
35729  12.000  -10.605  37.217 0.0000000000
35709  12.056  -10.495  38.020 0.0000000000
35730  11.711  -11.151  37.623 0.0000000000
32768  7.433  -12.828  45.175 0.0000000000
49505  42.655  2.064  30.366 0.0000000000
95711  42.609  3.013  31.151 0.0000000000
49460  42.748  3.305  32.298 0.0000000000
48524  43.338  1.452  32.979 0.0000000000
45463  34.821  -1.846  27.744 0.0000000000
46575  35.465  -0.632  28.925 0.0000000000
46417  24.900  -2.655  36.706 0.0000000000
45282  25.184  -2.795  36.632 0.0000000000
44163  25.946  -2.975  36.847 0.0000000000
43022  21.971  -4.117  43.507 0.0000000000
50593  42.787  3.436  18.554 0.0000000000
34639  -0.149  -12.642  45.350 0.0000000000
34638  0.170  -12.563  45.226 0.0000000000
48731  37.804  1.470  21.754 0.0000000000
48714  38.260  1.523  22.496 0.0000000000
49523  38.779  1.790  27.013 0.0000000000
49600  37.746  1.801  21.371 0.0000000000
30138  -2.482  -17.273  42.378 0.0000000000
94380  -2.260  -16.994  43.096 0.0000000000
94382  -2.760  -17.637  42.647 0.0000000000
29326  -5.037  -18.193  44.467 0.0000000000
37588  18.637  -8.307  38.893 0.0000000000
38638  18.316  -7.286  40.582 0.0000000000
39745  19.478  -6.533  42.833 0.0000000000
41825  16.438  -6.055  45.554 0.0000000000
40759  18.631  -6.122  45.036 0.0000000000
41823  18.795  -5.627  45.142 0.0000000000
34775  5.087  -12.718  37.407 0.0000000000
32844  1.790  -13.610  39.801 0.0000000000
33790  1.455  -13.556  40.772 0.0000000000
32845  1.186  -13.596  40.096 0.0000000000
38741  13.781  -8.179  35.938 0.0000000000
95247  12.914  -7.083  39.236 0.0000000000
30114  -5.414  -16.116  45.968 0.0000000000
30108  -5.813  -15.431  46.465 0.0000000000
30841  -6.252  -15.344  46.882 0.0000000000
95794  47.123  6.233  27.057 0.0000000000
95756  42.914  4.774  28.532 0.0000000000
46500  44.327  1.979  31.261 0.0000000000
95720  44.470  2.734  30.981 0.0000000000
47706  35.280  -0.534  24.042 0.0000000000
46585  36.887  -0.619  27.820 0.0000000000
46584  37.936  -0.573  27.580 0.0000000000
46583  38.353  -0.559  27.886 0.0000000000
47634  39.006  -0.714  28.829 0.0000000000
45279  28.344  -2.745  36.719 0.0000000000
44176  28.281  -3.141  36.282 0.0000000000
43056  22.750  -5.157  40.902 0.0000000000
43086  23.185  -5.761  39.927 0.0000000000
44152  23.905  -2.466  39.470 0.0000000000
46282  21.687  -1.129  43.867 0.0000000000
47364  21.928  -0.628  44.553 0.0000000000
47388  22.245  -0.658  44.094 0.0000000000
47409  22.816  -0.950  43.829 0.0000000000
46321  24.321  -0.832  41.594 0.0000000000
46344  24.077  -0.927  41.202 0.0000000000
46343  24.736  -1.170  40.779 0.0000000000
45210  25.373  -1.690  40.541 0.0000000000
46342  25.454  -1.102  40.901 0.0000000000
46341  26.194  -1.058  40.728 0.0000000000
51563  40.967  4.344  18.536 0.0000000000
95786  47.439  6.163  23.648 0.0000000000
95796  48.092  6.077  23.533 0.0000000000
49632  45.610  2.466  17.671 0.0000000000
51521  47.472  4.250  20.677 0.0000000000
52555  49.237  4.664  21.006 0.0000000000
40797  10.858  -5.818  44.181 0.0000000000
40780  11.323  -6.378  44.695 0.0000000000
34661  1.412  -12.609  43.006 0.0000000000
34647  1.229  -12.541  43.658 0.0000000000
34663  -0.063  -12.542  44.044 0.0000000000
33711  -0.257  -12.790  44.451 0.0000000000
33712  -0.324  -13.259  44.922 0.0000000000
33698  -0.389  -12.889  45.481 0.0000000000
94480  -2.456  -12.729  46.685 0.0000000000
50516  36.226  1.264  22.597 0.0000000000
46440  33.458  -0.363  34.392 0.0000000000
47550  33.972  -0.585  34.128 0.0000000000
47533  33.958  -0.233  34.605 0.0000000000
28627  -3.492  -18.261  41.484 0.0000000000
28628  -3.935  -18.442  41.362 0.0000000000
28630  -5.310  -17.941  41.362 0.0000000000
27807  -6.626  -19.140  42.912 0.0000000000
38587  17.758  -7.510  41.855 0.0000000000
35646  10.083  -10.535  41.445 0.0000000000
35688  9.886  -11.227  39.849 0.0000000000
35669  9.145  -11.060  40.742 0.0000000000
34720  8.028  -12.057  39.666 0.0000000000
37641  12.908  -9.128  35.879 0.0000000000
37595  11.926  -9.278  38.649 0.0000000000
36628  11.676  -9.950  38.816 0.0000000000
95210  11.810  -10.012  40.215 0.0000000000
95207  11.013  -10.078  40.770 0.0000000000
95795  44.610  4.754  27.094 0.0000000000
50447  40.993  3.215  28.720 0.0000000000
51427  42.151  3.708  29.246 0.0000000000
51400  42.596  3.765  29.644 0.0000000000
95717  43.653  3.077  31.685 0.0000000000
50393  43.268  3.355  32.346 0.0000000000
95716  43.594  2.458  31.902 0.0000000000
46472  44.279  1.454  31.648 0.0000000000
45514  34.412  -1.893  24.719 0.0000000000
45476  35.612  -1.588  26.913 0.0000000000
49463  37.657  2.037  34.550 0.0000000000
44218  26.230  -2.896  34.475 0.0000000000
45297  27.014  -2.809  36.238 0.0000000000
45281  26.747  -2.837  36.754 0.0000000000
45280  27.458  -2.810  36.707 0.0000000000
40863  20.129  -5.795  40.097 0.0000000000
40876  20.817  -6.288  39.782 0.0000000000
41888  22.292  -5.482  42.564 0.0000000000
41907  22.526  -5.598  41.712 0.0000000000
43055  23.041  -4.685  41.447 0.0000000000
43054  23.663  -4.053  41.843 0.0000000000
44114  23.810  -3.218  42.319 0.0000000000
50626  43.734  3.782  15.457 0.0000000000
51523  45.825  4.373  20.847 0.0000000000
39750  14.743  -7.495  43.137 0.0000000000
40762  11.715  -5.660  44.996 0.0000000000
42967  12.881  -4.513  45.949 0.0000000000
41802  12.294  -5.184  45.848 0.0000000000
34826  10.587  -11.894  36.306 0.0000000000
33741  5.414  -12.591  42.944 0.0000000000
33706  4.366  -12.527  44.760 0.0000000000
33693  4.377  -12.508  45.723 0.0000000000
33696  1.993  -12.263  45.296 0.0000000000
34624  0.928  -12.618  45.514 0.0000000000
34636  2.005  -11.718  45.727 0.0000000000
49558  40.462  2.661  23.379 0.0000000000
49559  39.003  2.383  23.389 0.0000000000
50440  41.889  2.337  29.235 0.0000000000
50429  42.593  2.082  29.686 0.0000000000
49495  42.591  1.672  30.196 0.0000000000
49483  42.273  1.347  30.386 0.0000000000
49484  41.873  1.363  30.997 0.0000000000
45440  34.140  -1.583  29.377 0.0000000000
45439  34.553  -1.244  29.298 0.0000000000
47595  35.490  0.324  31.833 0.0000000000
47516  35.263  0.859  35.200 0.0000000000
48552  35.631  0.470  34.378 0.0000000000
48529  37.543  1.580  35.051 0.0000000000
48507  37.584  2.102  35.572 0.0000000000
44080  20.415  -3.630  44.853 0.0000000000
44054  21.564  -2.448  44.966 0.0000000000
51588  42.434  4.989  15.919 0.0000000000
31790  -2.133  -14.876  42.713 0.0000000000
94406  -4.030  -16.816  44.916 0.0000000000
30115  -6.775  -17.077  46.543 0.0000000000
28574  -4.507  -18.685  43.922 0.0000000000
29322  -7.564  -17.909  45.546 0.0000000000
28545  -8.415  -17.980  45.996 0.0000000000
45478  33.635  -1.741  26.388 0.0000000000
46561  33.455  -1.130  29.775 0.0000000000
46541  32.851  -0.826  30.004 0.0000000000
46484  32.225  -1.514  31.726 0.0000000000
37611  19.749  -8.107  37.073 0.0000000000
38682  20.029  -7.510  38.602 0.0000000000
39870  19.906  -6.972  39.035 0.0000000000
37565  17.848  -8.553  39.509 0.0000000000
38660  18.490  -7.278  39.728 0.0000000000
38683  18.720  -7.509  39.046 0.0000000000
39871  19.053  -6.854  39.283 0.0000000000
39851  19.659  -6.590  39.816 0.0000000000
41909  20.746  -5.738  42.260 0.0000000000
38564  15.577  -7.411  43.729 0.0000000000
39725  15.849  -7.479  44.068 0.0000000000
39724  16.811  -7.537  44.303 0.0000000000
39723  17.408  -7.422  44.412 0.0000000000
40796  17.844  -7.208  44.455 0.0000000000
42964  16.053  -5.651  45.896 0.0000000000
43025  19.723  -4.722  44.408 0.0000000000
37451  8.924  -8.880  46.040 0.0000000000
36545  8.534  -10.155  43.902 0.0000000000
36530  8.293  -10.033  44.356 0.0000000000
35588  7.591  -10.105  45.412 0.0000000000
33822  8.846  -12.555  37.717 0.0000000000
34774  8.867  -12.534  38.203 0.0000000000
33803  7.490  -12.663  39.106 0.0000000000
34675  4.044  -12.620  42.683 0.0000000000
34723  3.197  -13.661  40.813 0.0000000000
33788  2.913  -13.598  40.075 0.0000000000
34678  1.871  -12.663  42.265 0.0000000000
33769  1.170  -13.494  41.335 0.0000000000
31812  -0.464  -14.849  41.152 0.0000000000
31813  -1.486  -15.082  41.859 0.0000000000
30894  -1.741  -16.055  40.661 0.0000000000
30895  -2.103  -16.623  40.877 0.0000000000
37537  15.970  -8.563  39.635 0.0000000000
38641  15.202  -7.851  39.495 0.0000000000
39780  11.669  -6.663  43.200 0.0000000000
39804  11.372  -6.787  42.784 0.0000000000
39783  10.516  -7.214  43.691 0.0000000000
94410  -2.609  -14.477  44.591 0.0000000000
94448  -3.936  -13.927  45.574 0.0000000000
94420  -3.568  -13.272  46.004 0.0000000000
94431  -3.515  -12.865  46.506 0.0000000000
94449  -3.162  -12.769  46.700 0.0000000000
95772  43.823  4.281  26.872 0.0000000000
95766  42.557  5.088  28.841 0.0000000000
95730  43.350  4.246  28.997 0.0000000000
95726  43.620  3.996  29.426 0.0000000000
95745  43.386  4.046  28.381 0.0000000000
48681  36.726  0.593  24.499 0.0000000000
48665  37.094  0.734  25.116 0.0000000000
47686  37.154  -0.169  25.244 0.0000000000
47685  37.799  0.237  25.953 0.0000000000
49517  39.654  0.954  29.034 0.0000000000
46576  34.804  -0.840  29.251 0.0000000000
46506  36.471  -0.503  31.443 0.0000000000
46537  36.598  -0.581  30.829 0.0000000000
46535  38.865  -0.659  30.420 0.0000000000
47567  38.007  0.718  32.154 0.0000000000
48548  38.814  1.516  33.451 0.0000000000
48567  38.379  1.320  32.805 0.0000000000
46534  39.386  -0.494  30.741 0.0000000000
48504  42.012  1.365  33.497 0.0000000000
45357  29.201  -2.343  32.645 0.0000000000
44216  27.938  -3.476  34.816 0.0000000000
45276  31.192  -1.733  36.802 0.0000000000
39849  21.338  -6.554  39.380 0.0000000000
39868  21.652  -6.392  38.746 0.0000000000
40886  22.188  -5.586  38.397 0.0000000000
43108  23.697  -3.794  37.831 0.0000000000
46301  21.986  -1.376  43.612 0.0000000000
45145  23.369  -2.893  43.684 0.0000000000
45144  23.759  -3.117  43.383 0.0000000000
45189  23.849  -2.691  42.674 0.0000000000
44115  23.807  -2.623  42.285 0.0000000000
47408  23.658  -0.815  43.493 0.0000000000
47407  23.914  -0.242  42.950 0.0000000000
44130  23.769  -2.573  41.626 0.0000000000
45229  23.850  -1.822  39.772 0.0000000000
45226  25.878  -1.841  40.042 0.0000000000
46387  26.363  -1.851  39.765 0.0000000000
46384  28.429  -1.635  38.919 0.0000000000
45223  29.680  -0.930  38.916 0.0000000000
46361  30.360  -0.689  39.397 0.0000000000
46382  30.536  -0.709  38.674 0.0000000000
51579  41.675  5.017  16.644 0.0000000000
52558  45.222  4.658  21.572 0.0000000000
52560  44.003  5.329  21.241 0.0000000000
52541  44.651  5.387  22.141 0.0000000000
52559  44.547  5.148  21.514 0.0000000000
52539  45.732  4.879  22.686 0.0000000000
53540  46.589  4.601  22.508 0.0000000000
53520  47.187  5.175  22.688 0.0000000000
53519  48.277  5.267  22.626 0.0000000000
95803  48.568  6.055  23.509 0.0000000000
55431  49.918  6.296  22.744 0.0000000000
28546  -8.399  -18.154  46.386 0.0000000000
28605  -3.355  -18.254  41.664 0.0000000000
29313  -6.631  -17.544  46.114 0.0000000000
29319  -4.809  -17.795  44.705 0.0000000000
29333  -2.357  -17.304  42.929 0.0000000000
29357  -4.170  -17.861  41.101 0.0000000000
30105  -6.949  -16.886  47.461 0.0000000000
30839  -6.706  -15.803  47.742 0.0000000000
30840  -6.404  -16.265  47.371 0.0000000000
30885  -2.368  -16.621  42.654 0.0000000000
31742  -6.094  -14.815  47.203 0.0000000000
32736  -5.321  -14.498  47.082 0.0000000000
33684  1.813  -11.937  45.697 0.0000000000
33685  1.613  -12.336  45.602 0.0000000000
34622  2.296  -12.127  45.944 0.0000000000
34650  -0.143  -12.730  45.100 0.0000000000
38539  15.672  -7.423  43.905 0.0000000000
38540  15.489  -7.255  43.894 0.0000000000
38565  15.341  -7.356  43.552 0.0000000000
39753  10.686  -6.619  43.927 0.0000000000
39850  21.280  -6.731  39.382 0.0000000000
39886  19.722  -7.446  38.640 0.0000000000
40818  22.739  -5.173  42.317 0.0000000000
40819  22.601  -5.353  42.419 0.0000000000
40822  10.711  -6.363  43.928 0.0000000000
40839  22.713  -5.394  42.171 0.0000000000
40840  22.547  -5.557  42.268 0.0000000000
40877  20.144  -6.457  39.709 0.0000000000
40887  20.742  -6.673  39.500 0.0000000000
41887  22.758  -4.969  42.572 0.0000000000
41946  20.571  -6.500  39.692 0.0000000000
41947  20.387  -6.376  39.767 0.0000000000
41963  20.512  -6.660  39.538 0.0000000000
41964  20.266  -6.654  39.658 0.0000000000
42963  16.514  -5.590  45.952 0.0000000000
43036  23.730  -4.077  42.802 0.0000000000
43071  23.089  -5.629  40.386 0.0000000000
43085  23.550  -5.455  39.908 0.0000000000
44076  23.546  -3.622  43.623 0.0000000000
45167  23.940  -3.017  42.972 0.0000000000
45170  22.348  -1.838  43.626 0.0000000000
45209  25.890  -1.652  40.649 0.0000000000
45225  26.191  -1.804  40.395 0.0000000000
45296  28.444  -2.961  36.256 0.0000000000
46323  23.503  -1.591  43.494 0.0000000000
46418  24.740  -2.491  36.757 0.0000000000
46503  39.497  -0.410  31.118 0.0000000000
47389  21.767  -0.742  44.128 0.0000000000
47519  33.441  -0.098  35.169 0.0000000000
47543  44.020  1.240  32.348 0.0000000000
48501  44.008  0.956  32.828 0.0000000000
48503  42.895  1.266  33.548 0.0000000000
48525  42.856  1.863  32.997 0.0000000000
48547  43.512  1.539  32.613 0.0000000000
48565  43.645  1.942  31.886 0.0000000000
48596  42.370  1.553  30.771 0.0000000000
48696  38.677  2.153  23.106 0.0000000000
48715  37.894  1.370  22.034 0.0000000000
49425  42.880  2.283  33.572 0.0000000000
49426  42.835  2.183  33.346 0.0000000000
49442  43.020  1.881  32.758 0.0000000000
49443  42.772  1.977  32.948 0.0000000000
49444  42.820  3.403  32.970 0.0000000000
49445  42.611  3.159  32.787 0.0000000000
49458  43.454  2.276  32.257 0.0000000000
49459  43.254  2.081  32.506 0.0000000000
49581  37.651  1.385  21.934 0.0000000000
50345  42.973  2.371  33.874 0.0000000000
50346  42.880  2.803  34.177 0.0000000000
50347  42.691  2.556  34.701 0.0000000000
50364  43.197  2.763  33.449 0.0000000000
50365  42.982  3.303  33.561 0.0000000000
50378  43.529  2.882  32.355 0.0000000000
50379  43.426  2.657  32.806 0.0000000000
50380  43.368  3.274  33.110 0.0000000000
50381  43.027  3.576  33.003 0.0000000000
50394  43.039  3.500  32.279 0.0000000000
50410  43.217  3.353  31.847 0.0000000000
50411  43.048  3.351  31.667 0.0000000000
50428  42.671  2.214  30.094 0.0000000000
51319  43.061  2.981  33.857 0.0000000000
51320  43.142  2.932  34.403 0.0000000000
51321  43.265  2.830  34.830 0.0000000000
51335  42.924  3.374  34.143 0.0000000000
51336  42.892  3.183  34.336 0.0000000000
51337  42.795  3.108  35.070 0.0000000000
51349  43.009  3.489  33.801 0.0000000000
51350  43.007  3.804  33.672 0.0000000000
51509  48.639  4.628  21.356 0.0000000000
52511  48.061  4.827  22.385 0.0000000000
52513  45.451  5.726  22.627 0.0000000000
52538  46.345  4.346  22.394 0.0000000000
53495  47.518  5.495  23.086 0.0000000000
53521  46.993  4.809  22.429 0.0000000000
53522  46.569  4.946  22.707 0.0000000000
53541  46.215  4.630  22.769 0.0000000000
53542  45.991  4.726  22.817 0.0000000000
94383  -2.339  -16.523  43.020 0.0000000000
94384  -4.088  -18.212  44.668 0.0000000000
94390  -2.221  -17.045  42.772 0.0000000000
94396  -3.192  -15.370  44.704 0.0000000000
94397  -2.562  -16.599  43.407 0.0000000000
94400  -4.419  -17.427  44.805 0.0000000000
94419  -3.941  -13.031  46.586 0.0000000000
94421  -4.216  -13.148  46.852 0.0000000000
94432  -3.131  -12.783  45.890 0.0000000000
94435  -2.932  -12.661  46.166 0.0000000000
95712  42.637  2.431  30.479 0.0000000000
95713  42.810  2.516  30.186 0.0000000000
95714  43.875  2.239  31.594 0.0000000000
95718  44.281  3.627  31.001 0.0000000000
95719  44.479  3.060  30.945 0.0000000000
95721  43.436  3.174  32.433 0.0000000000
95724  43.758  3.532  31.245 0.0000000000
95731  43.761  4.190  29.980 0.0000000000
95733  44.024  4.488  29.857 0.0000000000
95734  43.523  4.523  29.797 0.0000000000
95735  43.969  4.603  29.628 0.0000000000
95736  43.399  5.049  29.212 0.0000000000
95739  43.033  5.018  29.254 0.0000000000
95740  43.506  5.039  29.528 0.0000000000
95742  43.236  4.948  29.439 0.0000000000
95743  42.996  4.769  29.351 0.0000000000
95744  42.634  5.062  29.169 0.0000000000
95747  42.779  4.935  29.288 0.0000000000
95748  42.783  4.517  29.402 0.0000000000
95750  42.885  4.040  30.078 0.0000000000
95753  42.787  4.034  30.047 0.0000000000
95755  42.408  4.845  28.894 0.0000000000
95767  43.164  5.372  28.999 0.0000000000
95775  46.139  6.064  22.839 0.0000000000
95781  42.780  5.344  28.892 0.0000000000
95783  43.837  4.281  26.507 0.0000000000
95807  49.547  6.074  22.924 0.0000000000
