#!ascii label  , from subject output2 vox2ras=TkReg
831
41951  9.629  -4.500  39.502 0.0000000000
49219  12.641  2.581  47.394 0.0000000000
50470  29.478  3.295  26.688 0.0000000000
47538  21.483  0.677  33.095 0.0000000000
49305  15.436  2.562  41.418 0.0000000000
55442  38.411  8.691  21.207 0.0000000000
49501  30.097  2.042  30.562 0.0000000000
47597  26.724  0.946  30.869 0.0000000000
38708  6.030  -7.020  36.634 0.0000000000
49283  9.725  1.851  42.500 0.0000000000
47347  13.626  -0.129  44.922 0.0000000000
95311  11.231  -2.154  38.091 0.0000000000
52515  34.064  5.906  23.065 0.0000000000
45128  8.088  -1.760  43.719 0.0000000000
40845  6.785  -5.431  42.009 0.0000000000
52452  33.236  5.468  27.375 0.0000000000
37545  3.371  -6.395  40.613 0.0000000000
37575  -0.316  -8.592  39.847 0.0000000000
49454  24.535  2.570  34.475 0.0000000000
48476  17.527  1.753  37.163 0.0000000000
45266  19.218  -1.987  37.962 0.0000000000
46283  16.954  -0.448  43.330 0.0000000000
49473  29.303  2.802  32.438 0.0000000000
48602  28.634  1.912  30.334 0.0000000000
48570  27.906  1.991  32.181 0.0000000000
50396  31.326  3.576  32.474 0.0000000000
39888  9.090  -5.921  36.684 0.0000000000
38726  7.067  -7.101  35.579 0.0000000000
39875  7.357  -6.263  38.348 0.0000000000
47433  9.987  -1.235  41.137 0.0000000000
48407  11.065  -0.015  41.155 0.0000000000
41970  10.260  -3.709  37.986 0.0000000000
40914  9.958  -5.041  35.826 0.0000000000
50520  29.098  3.338  24.008 0.0000000000
50450  32.102  3.676  28.423 0.0000000000
50467  31.722  4.171  26.637 0.0000000000
51477  31.012  4.823  23.945 0.0000000000
39731  5.280  -6.180  43.905 0.0000000000
37498  5.074  -6.431  41.647 0.0000000000
37482  3.793  -6.367  42.867 0.0000000000
37469  -1.347  -7.164  43.748 0.0000000000
38596  0.084  -7.059  42.034 0.0000000000
37525  -1.780  -7.898  40.755 0.0000000000
34725  -2.351  -10.979  41.179 0.0000000000
35631  -3.648  -9.450  41.995 0.0000000000
50284  17.941  3.741  38.691 0.0000000000
49337  16.253  2.682  39.253 0.0000000000
46405  17.172  -0.424  37.146 0.0000000000
47468  17.316  0.003  40.063 0.0000000000
95288  14.365  -0.718  42.262 0.0000000000
45108  15.449  -0.387  43.983 0.0000000000
95289  15.992  -1.857  42.540 0.0000000000
43058  16.873  -2.401  40.260 0.0000000000
48537  22.295  1.854  34.022 0.0000000000
48573  24.118  1.007  32.059 0.0000000000
47554  23.063  0.440  32.587 0.0000000000
56290  40.667  9.411  19.158 0.0000000000
55465  38.775  8.553  19.039 0.0000000000
48622  30.691  1.997  27.767 0.0000000000
48624  28.662  1.864  28.458 0.0000000000
50431  31.842  3.614  30.514 0.0000000000
48297  11.470  2.607  46.036 0.0000000000
47310  13.001  0.854  46.338 0.0000000000
95334  11.931  1.731  43.318 0.0000000000
95332  12.971  0.842  42.005 0.0000000000
45270  13.384  -1.269  38.243 0.0000000000
54519  35.792  7.481  25.875 0.0000000000
53525  36.195  6.938  23.710 0.0000000000
54574  36.361  7.220  21.941 0.0000000000
54591  36.570  7.403  20.110 0.0000000000
43060  9.560  -3.031  41.697 0.0000000000
40865  8.265  -5.257  40.762 0.0000000000
41874  8.350  -4.100  43.848 0.0000000000
47391  9.124  0.454  42.680 0.0000000000
53478  33.574  6.548  25.264 0.0000000000
39856  6.492  -6.329  39.677 0.0000000000
38667  4.872  -7.148  39.356 0.0000000000
38712  2.449  -7.171  37.397 0.0000000000
37503  2.181  -6.411  42.347 0.0000000000
38671  1.459  -7.282  39.546 0.0000000000
94439  -6.765  -11.715  43.490 0.0000000000
47520  27.061  1.458  34.815 0.0000000000
48494  20.854  1.903  35.978 0.0000000000
49389  19.621  2.462  37.500 0.0000000000
48519  18.195  2.016  34.637 0.0000000000
45316  17.347  -1.140  34.275 0.0000000000
44203  18.941  -2.861  35.313 0.0000000000
42018  18.429  -4.043  35.195 0.0000000000
47306  15.199  0.883  45.891 0.0000000000
47367  16.123  1.193  44.043 0.0000000000
48381  16.487  1.324  42.384 0.0000000000
46324  18.443  -1.341  40.537 0.0000000000
41965  17.538  -3.259  37.420 0.0000000000
47553  26.008  2.007  32.824 0.0000000000
46487  25.423  -0.289  31.150 0.0000000000
49466  28.465  3.150  33.266 0.0000000000
49474  28.461  2.642  32.311 0.0000000000
49467  27.879  2.740  33.349 0.0000000000
49464  29.987  3.176  33.335 0.0000000000
39873  9.057  -6.025  37.718 0.0000000000
39889  8.307  -6.217  37.082 0.0000000000
40890  8.381  -5.684  38.878 0.0000000000
41930  10.249  -3.827  40.122 0.0000000000
43093  10.401  -2.788  39.913 0.0000000000
41971  9.482  -4.354  38.317 0.0000000000
40902  9.112  -5.027  37.381 0.0000000000
50484  29.222  3.523  26.091 0.0000000000
50459  31.106  3.468  27.755 0.0000000000
50458  31.996  3.685  27.022 0.0000000000
50469  30.213  3.678  26.823 0.0000000000
51461  30.489  4.659  26.048 0.0000000000
37486  -2.128  -7.117  43.246 0.0000000000
37504  -1.737  -7.340  42.032 0.0000000000
36561  -2.226  -8.275  41.993 0.0000000000
35670  -1.813  -10.154  40.638 0.0000000000
35648  -2.731  -9.574  41.294 0.0000000000
34704  -2.899  -10.487  41.201 0.0000000000
50255  16.676  3.747  39.377 0.0000000000
48438  15.791  2.341  39.860 0.0000000000
47484  16.222  1.014  38.783 0.0000000000
48423  16.070  1.091  40.597 0.0000000000
49218  13.474  2.882  46.941 0.0000000000
95305  14.690  -1.276  41.510 0.0000000000
95285  15.516  -1.661  42.454 0.0000000000
95274  15.430  -2.376  41.383 0.0000000000
95273  15.789  -3.006  40.517 0.0000000000
48538  21.405  1.856  33.835 0.0000000000
47536  22.715  1.661  33.188 0.0000000000
55433  38.249  8.652  22.401 0.0000000000
55432  39.249  8.854  21.810 0.0000000000
55441  39.277  8.913  20.668 0.0000000000
55451  39.360  8.901  19.717 0.0000000000
55452  38.515  8.778  20.091 0.0000000000
48611  30.636  1.967  28.694 0.0000000000
48623  29.815  1.920  28.009 0.0000000000
48612  29.687  2.021  29.047 0.0000000000
48603  27.661  1.942  30.600 0.0000000000
48614  27.840  1.951  29.792 0.0000000000
47615  27.031  1.258  30.118 0.0000000000
49485  31.042  2.818  31.762 0.0000000000
49500  30.853  2.508  30.504 0.0000000000
49510  31.270  2.260  29.376 0.0000000000
38707  6.924  -6.970  36.498 0.0000000000
38729  4.590  -7.340  36.233 0.0000000000
95333  11.069  2.629  44.191 0.0000000000
48296  11.812  1.855  45.459 0.0000000000
95329  10.726  1.853  42.994 0.0000000000
95280  11.320  -1.510  39.567 0.0000000000
95308  12.361  0.670  41.013 0.0000000000
95316  12.133  -1.355  38.612 0.0000000000
45269  13.388  -0.394  39.879 0.0000000000
42005  11.246  -2.948  36.304 0.0000000000
45337  19.109  -2.051  32.555 0.0000000000
53501  34.394  6.761  24.335 0.0000000000
53475  36.538  7.037  25.387 0.0000000000
53526  35.220  6.864  23.421 0.0000000000
53556  35.102  6.918  20.960 0.0000000000
53555  35.950  6.809  21.583 0.0000000000
54583  36.443  7.339  21.242 0.0000000000
44082  8.914  -2.089  43.034 0.0000000000
43040  9.216  -3.167  42.914 0.0000000000
43027  8.823  -3.437  43.763 0.0000000000
46286  9.077  -0.709  43.044 0.0000000000
95283  9.140  -1.544  42.636 0.0000000000
53455  34.421  6.941  26.412 0.0000000000
52463  33.231  5.773  26.056 0.0000000000
52496  31.812  5.586  24.316 0.0000000000
40844  7.425  -5.477  41.690 0.0000000000
39831  7.330  -5.988  40.357 0.0000000000
39832  6.502  -6.190  40.728 0.0000000000
37544  4.149  -6.629  40.574 0.0000000000
37543  4.718  -7.068  40.307 0.0000000000
37571  4.029  -7.010  39.977 0.0000000000
38691  3.208  -7.117  38.313 0.0000000000
38669  3.204  -6.539  39.563 0.0000000000
39759  1.312  -6.244  43.185 0.0000000000
37548  0.002  -7.988  40.288 0.0000000000
39837  0.648  -6.574  41.208 0.0000000000
38672  0.671  -7.465  40.013 0.0000000000
37596  1.080  -8.186  38.611 0.0000000000
48492  22.254  2.370  35.954 0.0000000000
49391  17.504  2.562  37.871 0.0000000000
49359  19.165  2.926  38.137 0.0000000000
49390  18.497  2.460  37.591 0.0000000000
48496  18.475  1.956  35.845 0.0000000000
48497  17.455  1.623  35.578 0.0000000000
47540  17.068  0.746  33.971 0.0000000000
47523  17.066  0.818  35.106 0.0000000000
45250  17.740  -1.743  38.112 0.0000000000
45285  17.788  -1.694  36.170 0.0000000000
44167  18.588  -2.662  36.956 0.0000000000
43116  19.078  -3.130  36.166 0.0000000000
43110  18.913  -3.152  37.000 0.0000000000
46231  13.614  0.404  45.594 0.0000000000
47308  14.401  0.774  46.240 0.0000000000
46230  14.021  -0.042  45.350 0.0000000000
46263  16.073  -0.401  43.820 0.0000000000
46244  15.777  0.708  44.226 0.0000000000
47366  16.555  0.657  43.595 0.0000000000
48333  16.341  1.180  43.530 0.0000000000
47411  17.305  0.068  42.494 0.0000000000
47431  17.102  0.224  41.428 0.0000000000
46325  17.859  -0.970  41.161 0.0000000000
43103  16.285  -3.019  38.607 0.0000000000
43089  17.270  -3.061  39.089 0.0000000000
48533  26.128  2.161  34.376 0.0000000000
47535  26.461  1.879  33.769 0.0000000000
48555  25.689  1.929  33.540 0.0000000000
47577  23.905  0.124  31.120 0.0000000000
47576  24.738  0.596  31.224 0.0000000000
56305  41.069  9.121  18.510 0.0000000000
49486  30.000  2.570  31.467 0.0000000000
48601  29.532  2.018  30.005 0.0000000000
49487  28.949  2.628  31.537 0.0000000000
48586  28.488  1.993  31.117 0.0000000000
48587  27.650  1.973  31.353 0.0000000000
50397  30.715  3.345  32.735 0.0000000000
49472  30.290  2.941  32.672 0.0000000000
39902  8.266  -6.256  36.053 0.0000000000
39890  7.534  -6.461  37.355 0.0000000000
38687  6.886  -7.065  37.609 0.0000000000
48409  9.751  0.293  41.190 0.0000000000
49292  10.739  1.774  41.571 0.0000000000
95331  10.389  -1.140  40.904 0.0000000000
43076  10.836  -1.806  39.595 0.0000000000
41949  10.644  -2.554  38.873 0.0000000000
41988  10.323  -3.661  36.898 0.0000000000
41989  9.630  -4.200  37.116 0.0000000000
39901  9.042  -6.085  35.696 0.0000000000
52543  33.077  5.914  22.103 0.0000000000
44039  8.087  -2.256  44.679 0.0000000000
51431  32.711  4.196  28.220 0.0000000000
51437  32.590  4.470  27.508 0.0000000000
52464  32.629  5.238  26.718 0.0000000000
51459  31.960  5.097  25.553 0.0000000000
51460  31.376  4.913  25.327 0.0000000000
51478  30.410  4.468  24.781 0.0000000000
39755  5.668  -5.694  43.406 0.0000000000
38618  5.760  -6.103  41.356 0.0000000000
38593  5.387  -6.001  42.385 0.0000000000
37499  4.516  -6.441  41.838 0.0000000000
37500  3.922  -6.407  42.054 0.0000000000
39760  0.473  -6.223  43.281 0.0000000000
38573  -0.595  -6.600  43.249 0.0000000000
38622  -0.987  -7.195  41.130 0.0000000000
37549  -0.855  -8.246  40.150 0.0000000000
36594  -1.322  -9.193  40.128 0.0000000000
49361  16.965  3.147  38.251 0.0000000000
48477  17.009  2.495  37.809 0.0000000000
47509  17.172  0.613  36.427 0.0000000000
48454  16.883  1.073  38.164 0.0000000000
47483  16.986  0.196  38.908 0.0000000000
46370  18.400  -1.181  39.001 0.0000000000
95265  14.154  -0.514  43.710 0.0000000000
45110  14.423  -0.165  44.371 0.0000000000
95279  15.072  -0.738  43.583 0.0000000000
45126  15.787  -1.035  43.412 0.0000000000
45148  16.520  -1.876  42.400 0.0000000000
45171  17.142  -1.981  41.813 0.0000000000
44081  16.504  -2.280  41.325 0.0000000000
95269  16.139  -3.099  39.871 0.0000000000
49455  23.956  2.367  34.245 0.0000000000
48556  24.915  1.881  33.219 0.0000000000
48558  23.417  1.519  32.389 0.0000000000
48574  23.451  0.732  31.795 0.0000000000
56276  40.823  9.605  20.353 0.0000000000
56291  39.973  9.078  19.401 0.0000000000
48633  30.373  2.309  27.549 0.0000000000
48649  28.967  1.972  26.232 0.0000000000
48634  30.023  1.956  27.010 0.0000000000
48613  28.761  2.030  29.437 0.0000000000
47636  27.606  1.082  28.555 0.0000000000
50395  31.987  3.822  32.265 0.0000000000
50412  33.024  3.795  31.172 0.0000000000
50430  32.792  3.716  30.307 0.0000000000
50442  32.261  3.375  29.556 0.0000000000
49519  31.242  2.631  28.429 0.0000000000
48275  11.514  1.775  46.860 0.0000000000
48274  12.590  1.583  47.010 0.0000000000
48295  12.409  1.412  46.335 0.0000000000
47328  12.847  1.469  45.160 0.0000000000
47349  13.347  1.238  44.189 0.0000000000
95330  11.625  1.805  41.619 0.0000000000
46264  13.657  -0.112  42.879 0.0000000000
95302  14.219  -0.527  41.403 0.0000000000
45287  14.192  -1.483  38.521 0.0000000000
53524  37.078  6.870  23.951 0.0000000000
53545  35.129  6.801  22.233 0.0000000000
53544  36.136  6.971  22.610 0.0000000000
54559  37.430  7.485  23.350 0.0000000000
54573  37.028  7.620  22.257 0.0000000000
55434  37.521  8.384  22.406 0.0000000000
55453  37.626  8.598  20.529 0.0000000000
55466  37.830  8.469  19.432 0.0000000000
41931  9.512  -4.164  40.616 0.0000000000
40864  8.925  -4.733  40.570 0.0000000000
41911  8.798  -4.518  41.679 0.0000000000
40843  8.281  -5.100  42.052 0.0000000000
40824  7.703  -5.129  42.523 0.0000000000
41853  8.103  -3.895  44.399 0.0000000000
40801  6.670  -5.464  43.525 0.0000000000
39756  6.086  -5.489  44.002 0.0000000000
49220  11.549  2.489  47.347 0.0000000000
49221  10.369  2.580  47.095 0.0000000000
49237  10.746  2.738  45.920 0.0000000000
49269  9.769  2.701  43.795 0.0000000000
48336  8.745  2.226  43.206 0.0000000000
48361  9.099  1.349  42.637 0.0000000000
95319  9.244  -0.880  41.449 0.0000000000
43059  9.969  -2.768  41.496 0.0000000000
54495  34.918  7.463  26.410 0.0000000000
53477  34.662  6.955  25.544 0.0000000000
53502  33.480  6.369  24.104 0.0000000000
52495  32.963  5.871  24.203 0.0000000000
52517  32.424  5.806  23.100 0.0000000000
39830  8.032  -6.087  39.877 0.0000000000
39855  7.294  -6.192  39.322 0.0000000000
38688  5.937  -6.998  37.820 0.0000000000
38644  5.650  -6.729  40.200 0.0000000000
38666  5.833  -6.980  38.993 0.0000000000
38689  5.016  -6.990  38.024 0.0000000000
38710  4.207  -7.199  37.037 0.0000000000
38711  3.349  -7.185  37.307 0.0000000000
37483  3.164  -6.338  42.990 0.0000000000
37546  2.602  -6.380  41.078 0.0000000000
38649  1.398  -6.450  40.889 0.0000000000
38648  2.449  -6.545  40.234 0.0000000000
38693  1.511  -7.292  38.399 0.0000000000
35622  -5.121  -10.113  43.057 0.0000000000
49451  27.739  2.860  33.944 0.0000000000
49437  23.609  2.672  34.964 0.0000000000
48514  23.160  2.190  34.893 0.0000000000
48516  21.590  1.933  35.034 0.0000000000
48517  20.547  2.050  34.849 0.0000000000
48474  20.221  1.894  36.848 0.0000000000
48518  19.372  1.954  34.778 0.0000000000
48559  19.780  1.668  33.155 0.0000000000
48561  18.337  1.217  33.072 0.0000000000
46468  18.272  -0.264  33.091 0.0000000000
45315  18.277  -1.694  34.093 0.0000000000
45286  17.174  -0.865  36.380 0.0000000000
45301  17.846  -1.656  35.011 0.0000000000
44202  19.500  -2.982  34.694 0.0000000000
43126  19.257  -3.369  34.920 0.0000000000
42036  19.163  -4.056  34.106 0.0000000000
49291  15.437  2.708  42.552 0.0000000000
48273  13.588  1.883  46.721 0.0000000000
48271  14.703  1.424  46.199 0.0000000000
48316  14.811  2.028  45.610 0.0000000000
46246  14.724  0.511  44.501 0.0000000000
48314  15.216  1.322  45.109 0.0000000000
48315  15.300  1.917  45.104 0.0000000000
48335  15.427  1.997  44.072 0.0000000000
48382  15.538  1.772  42.334 0.0000000000
48406  15.785  1.490  41.483 0.0000000000
47454  16.660  0.279  40.757 0.0000000000
46347  18.069  -0.669  40.408 0.0000000000
45230  19.406  -2.023  39.519 0.0000000000
44133  18.087  -2.121  40.024 0.0000000000
44132  18.893  -2.320  40.024 0.0000000000
43099  19.054  -3.138  37.907 0.0000000000
41983  17.778  -4.037  36.763 0.0000000000
48554  27.454  2.469  33.337 0.0000000000
47551  27.481  1.919  32.740 0.0000000000
47573  26.856  1.915  31.727 0.0000000000
48571  25.401  1.920  32.710 0.0000000000
46486  25.868  0.770  31.255 0.0000000000
46512  26.326  0.920  31.073 0.0000000000
54596  38.208  7.818  18.712 0.0000000000
50387  29.012  3.631  33.381 0.0000000000
40889  8.965  -5.333  38.721 0.0000000000
49542  29.086  2.654  25.473 0.0000000000
49533  29.159  2.822  26.473 0.0000000000
50460  30.456  3.242  27.547 0.0000000000
36548  -2.787  -7.715  42.907 0.0000000000
36547  -2.252  -7.182  42.816 0.0000000000
35630  -2.982  -8.752  42.359 0.0000000000
50233  15.568  3.699  40.914 0.0000000000
49319  15.855  2.809  40.393 0.0000000000
48424  15.489  1.929  40.479 0.0000000000
50153  12.790  3.515  46.888 0.0000000000
95293  15.277  -2.157  41.461 0.0000000000
95310  15.437  -2.629  41.023 0.0000000000
95315  15.312  -2.529  39.975 0.0000000000
47537  22.216  1.251  33.093 0.0000000000
48600  30.453  1.923  29.720 0.0000000000
47627  26.463  0.803  29.629 0.0000000000
38727  6.179  -7.139  35.426 0.0000000000
38728  5.247  -7.232  35.831 0.0000000000
38709  5.140  -7.025  36.882 0.0000000000
95294  11.320  -1.982  38.951 0.0000000000
95314  11.758  -2.165  37.344 0.0000000000
95325  11.209  -2.475  37.428 0.0000000000
45313  20.116  -2.036  33.047 0.0000000000
53500  35.439  6.847  24.498 0.0000000000
53527  34.181  6.482  23.144 0.0000000000
53564  36.028  6.780  20.488 0.0000000000
43026  8.969  -2.852  43.892 0.0000000000
45149  8.329  -1.585  43.256 0.0000000000
53442  33.695  6.239  27.785 0.0000000000
53456  33.824  6.444  26.532 0.0000000000
39805  7.156  -6.023  41.139 0.0000000000
39806  6.603  -5.708  41.519 0.0000000000
37572  3.756  -6.665  40.211 0.0000000000
39857  3.066  -6.314  39.916 0.0000000000
39735  1.261  -5.551  44.031 0.0000000000
37574  0.230  -8.394  39.527 0.0000000000
37597  0.560  -8.536  38.938 0.0000000000
45249  18.712  -1.665  38.438 0.0000000000
45267  18.295  -2.114  37.371 0.0000000000
44166  19.059  -2.648  37.445 0.0000000000
44165  19.385  -2.933  37.344 0.0000000000
44153  19.362  -2.910  37.705 0.0000000000
47325  13.706  0.040  45.266 0.0000000000
47390  17.205  0.519  43.116 0.0000000000
46302  17.175  -0.980  42.014 0.0000000000
48534  25.165  2.017  34.123 0.0000000000
48585  29.347  2.018  30.893 0.0000000000
49488  28.273  2.363  31.660 0.0000000000
50384  31.065  3.803  33.211 0.0000000000
49465  29.467  3.133  33.179 0.0000000000
39874  8.236  -5.988  38.173 0.0000000000
41950  10.295  -3.806  39.132 0.0000000000
43092  10.547  -2.173  39.694 0.0000000000
50449  32.825  3.998  28.500 0.0000000000
52453  32.816  5.037  27.356 0.0000000000
51446  32.086  4.583  26.247 0.0000000000
51447  31.259  4.619  26.411 0.0000000000
50483  29.859  3.947  25.506 0.0000000000
50497  29.628  3.892  24.333 0.0000000000
37481  4.432  -6.399  42.660 0.0000000000
38550  -0.626  -6.629  44.161 0.0000000000
37505  -1.876  -7.803  41.378 0.0000000000
38598  -1.456  -7.189  41.515 0.0000000000
38623  -1.643  -7.352  40.958 0.0000000000
38652  -1.358  -7.528  40.447 0.0000000000
37550  -1.522  -8.282  40.410 0.0000000000
35649  -3.530  -10.131  41.307 0.0000000000
35632  -4.277  -10.060  41.972 0.0000000000
48455  16.421  2.013  38.242 0.0000000000
47469  16.336  0.592  39.740 0.0000000000
46371  17.870  -0.590  39.461 0.0000000000
95278  14.200  -0.575  43.100 0.0000000000
95266  14.545  -0.639  43.506 0.0000000000
95264  14.421  -0.748  43.174 0.0000000000
95291  16.038  -1.538  42.866 0.0000000000
46284  16.358  -1.145  43.295 0.0000000000
43039  16.211  -2.991  40.318 0.0000000000
48536  23.314  2.022  33.787 0.0000000000
55482  39.465  8.169  18.435 0.0000000000
55483  38.766  7.947  18.395 0.0000000000
48635  28.647  1.885  27.372 0.0000000000
47635  28.106  1.317  27.855 0.0000000000
47626  27.203  1.418  29.324 0.0000000000
48625  28.020  1.740  29.094 0.0000000000
50414  31.449  3.542  31.381 0.0000000000
49524  30.678  2.723  27.769 0.0000000000
95307  11.012  0.681  41.225 0.0000000000
95328  11.273  1.807  41.759 0.0000000000
95324  11.633  1.193  41.110 0.0000000000
95306  12.266  1.493  41.435 0.0000000000
42007  10.123  -4.161  36.413 0.0000000000
42006  10.419  -3.448  35.664 0.0000000000
40913  10.215  -4.182  35.265 0.0000000000
53499  36.407  6.785  24.625 0.0000000000
53498  37.337  6.885  24.832 0.0000000000
53546  34.319  6.655  21.699 0.0000000000
53543  36.918  6.880  23.119 0.0000000000
54582  37.134  7.810  20.958 0.0000000000
55443  37.490  8.542  21.683 0.0000000000
43078  9.659  -3.541  41.200 0.0000000000
41910  9.393  -4.020  41.419 0.0000000000
41892  8.536  -4.203  42.672 0.0000000000
40823  8.085  -4.772  42.556 0.0000000000
41893  7.862  -4.577  43.044 0.0000000000
43006  8.322  -3.294  44.564 0.0000000000
41854  7.487  -4.242  44.711 0.0000000000
40781  7.367  -5.143  43.993 0.0000000000
40782  6.832  -5.199  44.427 0.0000000000
40802  6.472  -5.454  44.133 0.0000000000
47369  8.792  0.278  43.114 0.0000000000
47392  8.819  0.890  43.072 0.0000000000
48385  9.103  0.780  41.810 0.0000000000
47412  9.012  -0.068  42.143 0.0000000000
44099  9.555  -1.910  42.152 0.0000000000
53503  33.113  6.230  24.397 0.0000000000
52481  31.845  5.396  25.197 0.0000000000
52480  32.413  5.658  25.424 0.0000000000
52518  31.220  5.504  22.862 0.0000000000
40879  8.446  -5.563  39.551 0.0000000000
38665  6.811  -7.022  38.746 0.0000000000
37519  5.194  -6.756  40.864 0.0000000000
38645  5.120  -6.989  40.068 0.0000000000
38690  4.102  -6.982  38.165 0.0000000000
38570  2.376  -6.343  43.160 0.0000000000
37502  2.622  -6.385  42.495 0.0000000000
37523  2.715  -6.416  41.763 0.0000000000
39786  0.118  -6.618  42.381 0.0000000000
39811  0.474  -6.690  41.806 0.0000000000
38670  2.328  -7.061  39.332 0.0000000000
35606  -4.791  -9.960  43.964 0.0000000000
35607  -5.847  -10.638  44.138 0.0000000000
35623  -5.976  -10.955  42.959 0.0000000000
49435  25.659  2.744  35.554 0.0000000000
49438  22.994  2.445  35.290 0.0000000000
48493  21.765  2.145  36.185 0.0000000000
48495  19.736  1.877  35.893 0.0000000000
48540  19.095  2.013  33.756 0.0000000000
48560  19.036  1.517  33.109 0.0000000000
48541  18.098  1.908  33.595 0.0000000000
47560  17.595  0.553  33.153 0.0000000000
46469  17.250  -0.289  33.590 0.0000000000
45339  17.841  -1.078  33.431 0.0000000000
46419  17.180  -0.178  36.443 0.0000000000
44184  18.384  -2.525  36.310 0.0000000000
44204  18.240  -2.288  35.337 0.0000000000
43127  18.771  -3.442  35.477 0.0000000000
42017  19.041  -3.824  35.052 0.0000000000
42037  18.053  -4.554  34.081 0.0000000000
47309  13.666  1.045  46.450 0.0000000000
48260  14.501  1.241  46.368 0.0000000000
48259  14.925  1.079  46.359 0.0000000000
48292  14.898  1.617  45.781 0.0000000000
48270  15.142  1.137  46.157 0.0000000000
45109  14.915  -0.005  44.285 0.0000000000
45097  14.493  0.329  44.582 0.0000000000
47343  16.106  0.806  44.137 0.0000000000
47344  15.409  1.185  44.420 0.0000000000
47345  15.412  1.637  44.427 0.0000000000
47368  15.610  1.474  44.120 0.0000000000
48357  16.901  1.181  43.144 0.0000000000
48358  16.020  1.375  43.041 0.0000000000
48405  16.622  0.761  41.649 0.0000000000
47453  17.445  -0.215  40.962 0.0000000000
46346  18.539  -1.261  39.868 0.0000000000
45213  19.060  -1.857  40.235 0.0000000000
44098  17.073  -2.153  41.165 0.0000000000
45193  17.536  -1.630  41.278 0.0000000000
44117  17.583  -2.070  40.575 0.0000000000
43101  17.434  -3.038  38.279 0.0000000000
43088  18.037  -3.064  39.054 0.0000000000
43087  18.687  -2.339  38.785 0.0000000000
43100  18.223  -3.148  38.168 0.0000000000
43111  18.315  -3.329  37.240 0.0000000000
48532  27.273  2.531  33.808 0.0000000000
47534  27.022  1.854  33.945 0.0000000000
47552  26.891  1.869  33.090 0.0000000000
47574  26.159  1.707  31.996 0.0000000000
48557  24.124  1.900  32.821 0.0000000000
48572  24.790  1.679  32.159 0.0000000000
47575  25.524  1.122  32.008 0.0000000000
56304  41.682  9.314  18.687 0.0000000000
55480  41.569  8.702  18.206 0.0000000000
55479  42.509  8.782  18.307 0.0000000000
54597  37.534  7.646  18.989 0.0000000000
48553  28.095  2.225  33.011 0.0000000000
43077  10.268  -2.963  41.097 0.0000000000
95321  10.396  -2.053  40.560 0.0000000000
50498  29.109  3.432  24.949 0.0000000000
50468  31.218  4.021  26.934 0.0000000000
51448  30.760  4.379  26.657 0.0000000000
38566  5.046  -6.345  43.326 0.0000000000
38543  5.069  -6.344  43.896 0.0000000000
36560  -2.232  -7.357  42.425 0.0000000000
36577  -1.781  -8.820  41.038 0.0000000000
50232  16.287  3.645  40.244 0.0000000000
49318  16.377  3.033  39.889 0.0000000000
48437  16.024  1.661  39.541 0.0000000000
95286  14.804  -1.304  42.306 0.0000000000
95284  15.736  -2.311  41.781 0.0000000000
95270  15.996  -2.930  41.266 0.0000000000
95292  15.738  -3.005  40.263 0.0000000000
55420  39.345  8.701  23.292 0.0000000000
56262  39.909  9.525  21.096 0.0000000000
47637  26.754  0.555  29.075 0.0000000000
50432  31.246  3.230  30.757 0.0000000000
49499  31.791  2.735  30.003 0.0000000000
49236  11.088  2.658  45.141 0.0000000000
95322  11.531  -0.236  40.362 0.0000000000
44186  13.038  -2.215  37.029 0.0000000000
43118  11.739  -2.398  36.447 0.0000000000
45368  18.890  -1.178  32.237 0.0000000000
53476  35.700  6.946  25.300 0.0000000000
41891  9.292  -3.898  42.161 0.0000000000
43041  8.664  -3.663  43.279 0.0000000000
46285  9.138  -1.297  42.325 0.0000000000
53441  34.358  6.824  27.195 0.0000000000
52479  32.950  6.214  25.407 0.0000000000
40866  7.527  -5.671  40.975 0.0000000000
37520  4.622  -6.725  41.117 0.0000000000
37570  4.448  -7.146  39.714 0.0000000000
38668  3.973  -6.962  39.175 0.0000000000
38692  2.351  -7.052  38.364 0.0000000000
39758  1.837  -6.248  43.555 0.0000000000
38571  1.908  -6.370  42.999 0.0000000000
38621  0.006  -7.217  41.442 0.0000000000
38650  0.342  -7.105  40.699 0.0000000000
37573  0.822  -7.993  39.356 0.0000000000
49417  22.069  2.552  36.271 0.0000000000
49360  18.153  3.088  38.135 0.0000000000
48475  19.046  1.810  36.914 0.0000000000
48520  17.267  1.689  34.327 0.0000000000
46448  17.167  -0.154  34.667 0.0000000000
45268  17.305  -1.469  37.304 0.0000000000
44183  18.981  -2.858  36.598 0.0000000000
43115  19.239  -2.984  36.725 0.0000000000
43109  19.266  -3.070  36.969 0.0000000000
43117  18.359  -3.428  36.211 0.0000000000
46218  13.240  0.546  45.899 0.0000000000
46217  13.595  0.526  45.973 0.0000000000
46216  14.134  0.546  45.918 0.0000000000
46215  14.536  0.607  45.920 0.0000000000
46245  15.248  0.546  44.328 0.0000000000
46262  16.246  0.281  44.048 0.0000000000
48380  17.277  0.880  42.484 0.0000000000
48404  17.284  0.415  41.971 0.0000000000
47430  17.311  -0.241  41.698 0.0000000000
43090  16.716  -3.029  39.136 0.0000000000
44134  17.434  -2.253  39.987 0.0000000000
43102  16.780  -3.117  38.441 0.0000000000
41966  16.793  -3.158  37.565 0.0000000000
41984  16.927  -3.985  36.962 0.0000000000
40911  16.039  -4.132  35.651 0.0000000000
47521  26.852  1.665  34.578 0.0000000000
55463  40.239  8.884  19.026 0.0000000000
49471  30.857  3.145  32.421 0.0000000000
38706  7.860  -7.041  36.463 0.0000000000
49294  9.783  1.726  41.552 0.0000000000
48383  10.236  1.043  41.054 0.0000000000
48408  10.496  0.078  41.121 0.0000000000
47432  10.747  -0.430  40.900 0.0000000000
95304  10.429  -1.566  40.738 0.0000000000
95323  10.629  -0.995  40.585 0.0000000000
95281  11.026  -1.325  40.059 0.0000000000
95282  11.028  -1.539  39.717 0.0000000000
41929  11.057  -2.043  39.308 0.0000000000
41969  10.689  -2.856  37.506 0.0000000000
52542  34.030  5.857  22.466 0.0000000000
44058  8.230  -2.391  43.816 0.0000000000
51430  33.330  4.558  28.375 0.0000000000
51436  33.025  4.844  27.644 0.0000000000
51496  30.152  4.288  23.531 0.0000000000
39784  6.182  -5.443  42.348 0.0000000000
37480  4.920  -6.392  42.361 0.0000000000
37521  4.027  -6.402  41.275 0.0000000000
37522  3.347  -6.404  41.511 0.0000000000
38572  0.012  -6.254  43.844 0.0000000000
39761  -0.220  -6.504  42.673 0.0000000000
39787  -0.242  -6.699  42.432 0.0000000000
38597  -0.604  -7.113  42.231 0.0000000000
38651  -0.533  -7.369  40.562 0.0000000000
36616  -1.048  -9.427  39.390 0.0000000000
50285  17.246  3.674  38.908 0.0000000000
49392  17.116  2.727  37.997 0.0000000000
47496  17.238  0.377  37.727 0.0000000000
46389  17.287  -0.975  38.404 0.0000000000
46388  17.957  -1.532  38.601 0.0000000000
46247  13.984  -0.419  44.514 0.0000000000
95287  14.889  -1.295  43.091 0.0000000000
43057  16.785  -2.232  40.620 0.0000000000
95290  16.380  -2.962  39.632 0.0000000000
43091  16.328  -2.993  39.133 0.0000000000
48535  24.349  1.942  33.869 0.0000000000
56277  39.871  9.513  20.013 0.0000000000
49532  29.786  2.762  26.873 0.0000000000
48648  29.456  2.328  26.768 0.0000000000
50413  32.210  3.784  31.514 0.0000000000
50441  32.869  3.864  29.124 0.0000000000
49518  31.634  3.135  28.695 0.0000000000
49509  31.946  2.749  29.002 0.0000000000
50451  31.440  3.317  28.419 0.0000000000
49525  30.206  2.782  27.339 0.0000000000
47327  13.003  0.939  45.556 0.0000000000
47326  13.541  0.410  45.342 0.0000000000
47348  13.519  0.448  44.874 0.0000000000
95327  11.428  1.930  42.206 0.0000000000
95326  12.164  1.809  42.046 0.0000000000
46248  13.670  -0.169  44.089 0.0000000000
41987  10.804  -3.213  36.662 0.0000000000
47539  20.504  1.023  33.109 0.0000000000
54538  38.224  7.403  24.731 0.0000000000
54539  37.521  7.563  24.189 0.0000000000
54558  38.313  7.811  23.649 0.0000000000
54572  37.877  7.959  22.830 0.0000000000
40878  9.124  -5.122  40.024 0.0000000000
41932  8.909  -4.473  40.976 0.0000000000
40825  7.053  -5.419  42.563 0.0000000000
43005  8.570  -2.865  44.193 0.0000000000
43007  7.779  -3.593  44.903 0.0000000000
41875  7.712  -4.670  43.764 0.0000000000
40800  7.409  -5.116  43.231 0.0000000000
39732  5.581  -5.804  44.453 0.0000000000
50154  11.754  3.490  47.106 0.0000000000
48276  11.314  2.450  46.477 0.0000000000
49252  10.438  2.688  44.882 0.0000000000
47434  9.222  -0.162  41.470 0.0000000000
46303  9.169  -1.348  41.962 0.0000000000
95267  10.002  -1.829  41.772 0.0000000000
54494  35.844  7.547  26.831 0.0000000000
54520  35.225  7.368  25.702 0.0000000000
53528  33.741  6.305  23.560 0.0000000000
53479  32.899  6.394  24.779 0.0000000000
52494  33.337  6.027  23.889 0.0000000000
52516  33.543  5.936  23.333 0.0000000000
39854  7.975  -5.991  39.033 0.0000000000
37542  5.201  -7.013  40.389 0.0000000000
37619  3.681  -8.090  37.036 0.0000000000
37501  3.286  -6.395  42.265 0.0000000000
40803  1.016  -5.757  43.546 0.0000000000
38595  1.737  -6.405  42.439 0.0000000000
39810  0.972  -6.414  41.501 0.0000000000
38620  1.432  -6.406  41.787 0.0000000000
37524  2.065  -6.407  41.863 0.0000000000
37547  2.214  -6.406  41.400 0.0000000000
38619  2.845  -6.431  40.232 0.0000000000
39858  2.730  -6.407  39.851 0.0000000000
38713  1.681  -7.239  37.569 0.0000000000
35621  -4.080  -10.022  43.018 0.0000000000
34665  -4.529  -10.096  42.853 0.0000000000
35633  -5.363  -10.315  41.802 0.0000000000
49453  25.415  2.653  34.748 0.0000000000
48515  22.542  2.121  35.217 0.0000000000
48539  20.337  1.880  33.655 0.0000000000
48473  21.193  2.104  36.774 0.0000000000
47558  19.218  0.648  32.694 0.0000000000
48542  17.421  1.415  33.304 0.0000000000
46495  19.201  -0.358  32.516 0.0000000000
45338  19.145  -0.923  33.382 0.0000000000
45314  19.422  -1.788  33.770 0.0000000000
46429  17.190  -0.107  35.742 0.0000000000
45302  17.254  -1.007  35.366 0.0000000000
44225  18.226  -2.050  34.738 0.0000000000
44224  18.687  -2.392  34.488 0.0000000000
44223  19.845  -2.607  34.088 0.0000000000
43125  19.802  -3.220  34.345 0.0000000000
43138  19.831  -3.729  34.218 0.0000000000
48294  14.048  2.037  46.438 0.0000000000
47298  13.850  1.353  46.482 0.0000000000
48261  14.076  1.441  46.440 0.0000000000
49251  15.045  2.475  45.806 0.0000000000
45098  14.247  0.233  44.873 0.0000000000
46229  14.542  0.659  45.226 0.0000000000
47324  15.047  0.743  45.559 0.0000000000
47323  15.214  0.962  45.211 0.0000000000
48291  15.171  1.262  45.600 0.0000000000
49268  15.461  2.860  44.468 0.0000000000
48334  15.795  1.473  43.678 0.0000000000
48359  15.448  1.952  43.196 0.0000000000
49282  15.446  2.800  43.526 0.0000000000
45231  19.057  -1.633  39.330 0.0000000000
45248  19.339  -1.920  38.752 0.0000000000
45192  18.337  -1.719  40.840 0.0000000000
43074  17.610  -2.410  39.481 0.0000000000
44116  18.511  -2.087  40.440 0.0000000000
45212  19.270  -2.187  39.932 0.0000000000
44143  19.182  -2.094  38.985 0.0000000000
44154  19.248  -2.436  38.236 0.0000000000
42000  17.797  -4.015  35.876 0.0000000000
42001  17.121  -4.029  36.038 0.0000000000
42019  17.291  -4.251  34.990 0.0000000000
42038  17.439  -4.462  34.344 0.0000000000
46485  26.234  1.496  31.384 0.0000000000
34664  -4.403  -10.135  42.576 0.0000000000
34680  -4.676  -10.032  42.144 0.0000000000
34681  -4.784  -10.171  42.526 0.0000000000
38594  2.192  -6.390  42.670 0.0000000000
38646  2.853  -6.390  40.004 0.0000000000
38647  3.051  -6.337  40.149 0.0000000000
39807  2.668  -6.547  40.045 0.0000000000
39808  2.795  -6.347  39.988 0.0000000000
39809  2.707  -6.635  40.276 0.0000000000
39833  2.740  -6.536  39.817 0.0000000000
39834  2.951  -6.438  39.760 0.0000000000
39835  2.654  -6.473  40.078 0.0000000000
39836  0.999  -6.404  41.170 0.0000000000
40784  0.843  -5.630  43.770 0.0000000000
40785  0.618  -5.819  43.770 0.0000000000
40804  0.792  -5.844  43.596 0.0000000000
41928  16.150  -3.027  39.295 0.0000000000
41948  16.024  -3.057  38.913 0.0000000000
42002  16.263  -4.101  36.127 0.0000000000
42004  11.387  -2.683  36.537 0.0000000000
42020  16.707  -4.125  35.546 0.0000000000
43038  16.541  -2.260  40.851 0.0000000000
43072  18.806  -2.275  39.502 0.0000000000
43073  18.350  -2.316  39.470 0.0000000000
43075  17.022  -2.951  39.874 0.0000000000
43098  19.274  -3.150  37.434 0.0000000000
44059  8.342  -2.742  44.330 0.0000000000
44118  17.167  -2.321  40.140 0.0000000000
44119  10.085  -2.321  41.707 0.0000000000
44131  19.150  -2.255  39.541 0.0000000000
44182  19.252  -2.876  37.062 0.0000000000
46228  14.986  0.810  45.129 0.0000000000
46232  13.347  0.573  45.661 0.0000000000
46287  8.272  -0.875  43.285 0.0000000000
46304  9.093  -0.818  41.957 0.0000000000
47295  15.063  0.864  46.224 0.0000000000
47296  14.715  0.902  46.349 0.0000000000
47297  14.228  1.091  46.427 0.0000000000
47307  14.891  0.663  46.022 0.0000000000
47346  13.810  -0.259  45.088 0.0000000000
47506  27.081  0.996  34.982 0.0000000000
47507  26.875  1.108  34.800 0.0000000000
47508  26.762  1.455  34.851 0.0000000000
47522  27.034  1.954  34.943 0.0000000000
47649  28.032  1.316  27.473 0.0000000000
48258  15.124  1.031  46.381 0.0000000000
48272  14.208  1.667  46.365 0.0000000000
48360  9.293  1.547  41.812 0.0000000000
48362  8.488  1.473  43.169 0.0000000000
48384  9.517  1.203  41.253 0.0000000000
48410  9.293  0.598  41.321 0.0000000000
48489  27.265  1.291  35.026 0.0000000000
48490  27.057  1.288  35.221 0.0000000000
48491  26.823  1.410  35.093 0.0000000000
48513  26.970  1.796  35.038 0.0000000000
48562  17.945  0.945  33.138 0.0000000000
49293  10.027  1.553  41.251 0.0000000000
49338  16.137  2.636  39.887 0.0000000000
55464  39.728  8.667  19.020 0.0000000000
95268  15.558  -2.130  41.890 0.0000000000
95271  16.129  -1.711  42.710 0.0000000000
95272  15.897  -1.689  42.694 0.0000000000
95303  10.563  -1.647  40.224 0.0000000000
95309  15.916  -2.978  39.475 0.0000000000
95312  15.324  -2.567  40.813 0.0000000000
95313  11.314  -2.781  36.903 0.0000000000
95317  10.419  -2.137  40.057 0.0000000000
95318  9.260  -1.276  41.638 0.0000000000
95320  10.456  -1.318  40.748 0.0000000000
