#!ascii label  , from subject output2 vox2ras=TkReg
843
41749  -2.502  -4.653  49.912 0.0000000000
38674  -1.852  -7.635  39.677 0.0000000000
38471  -9.078  -8.014  47.420 0.0000000000
44045  -5.701  -2.269  45.071 0.0000000000
48498  -2.794  1.331  36.961 0.0000000000
38447  -6.095  -6.510  49.479 0.0000000000
45069  -6.539  -2.010  48.900 0.0000000000
37367  1.232  -8.155  49.764 0.0000000000
37387  -2.545  -7.890  48.135 0.0000000000
37438  -5.757  -8.268  46.472 0.0000000000
50209  -7.653  3.644  42.579 0.0000000000
46334  -4.325  -0.711  41.707 0.0000000000
50269  -6.445  3.683  39.440 0.0000000000
36550  -8.785  -9.325  43.620 0.0000000000
39763  -7.022  -6.920  44.470 0.0000000000
42974  -9.001  -3.557  46.692 0.0000000000
49246  -8.166  1.674  46.787 0.0000000000
41916  -5.256  -4.532  42.167 0.0000000000
43112  -5.522  -3.651  38.046 0.0000000000
43151  -4.469  -3.974  34.013 0.0000000000
48564  -4.458  1.557  33.157 0.0000000000
40693  -4.331  -5.130  50.084 0.0000000000
43988  -4.835  -2.936  50.284 0.0000000000
39656  -0.613  -6.638  49.982 0.0000000000
37369  -0.623  -8.268  49.211 0.0000000000
38442  -2.146  -7.259  49.461 0.0000000000
36454  -4.375  -7.391  49.096 0.0000000000
50226  -6.578  3.799  41.162 0.0000000000
37461  -9.662  -8.479  45.606 0.0000000000
39719  -9.339  -6.310  45.823 0.0000000000
40735  -9.144  -5.668  47.947 0.0000000000
49205  -6.593  1.141  48.292 0.0000000000
47293  -6.547  -0.048  47.919 0.0000000000
36487  -7.524  -8.892  47.087 0.0000000000
36502  -6.750  -10.103  45.784 0.0000000000
35576  -8.335  -10.445  45.749 0.0000000000
35610  -8.498  -10.121  44.109 0.0000000000
43013  -8.196  -3.480  44.309 0.0000000000
41894  -6.339  -4.580  43.395 0.0000000000
44105  -7.657  -2.522  42.681 0.0000000000
47475  -3.487  0.118  39.460 0.0000000000
44145  -4.968  -2.489  39.248 0.0000000000
44169  -3.093  -2.013  37.496 0.0000000000
43121  -5.243  -3.580  36.189 0.0000000000
44209  -2.671  -2.187  35.701 0.0000000000
37363  -7.417  -6.789  49.140 0.0000000000
40711  -7.872  -5.437  48.567 0.0000000000
41755  -6.497  -4.349  49.729 0.0000000000
46196  -5.487  -0.599  49.174 0.0000000000
37433  3.127  -8.231  47.647 0.0000000000
38546  2.955  -6.733  44.644 0.0000000000
37435  1.454  -8.193  46.901 0.0000000000
38506  -0.483  -7.240  46.355 0.0000000000
37389  -4.461  -7.480  47.722 0.0000000000
36465  -6.299  -7.890  48.528 0.0000000000
48347  -5.547  1.024  44.610 0.0000000000
46311  -4.985  -0.896  43.394 0.0000000000
48392  -5.199  1.662  42.682 0.0000000000
49312  -4.424  2.452  40.757 0.0000000000
49348  -4.743  2.393  38.705 0.0000000000
42920  -1.497  -4.636  48.873 0.0000000000
40745  5.493  -5.403  46.105 0.0000000000
41788  4.735  -4.862  47.719 0.0000000000
38459  2.509  -7.231  49.124 0.0000000000
40698  0.489  -6.527  48.754 0.0000000000
36580  -8.326  -10.042  41.850 0.0000000000
36578  -6.973  -9.499  41.939 0.0000000000
37487  -8.090  -8.511  43.936 0.0000000000
41839  -8.874  -4.782  45.432 0.0000000000
44032  -7.907  -2.549  45.937 0.0000000000
44005  -7.396  -2.871  48.568 0.0000000000
45096  -6.511  -1.800  47.534 0.0000000000
47335  -6.450  0.136  45.746 0.0000000000
50189  -7.908  2.658  44.725 0.0000000000
37528  -5.247  -8.569  42.233 0.0000000000
38625  -4.352  -7.389  41.831 0.0000000000
40849  -3.714  -5.217  41.960 0.0000000000
44121  -6.093  -2.193  41.482 0.0000000000
41958  -6.284  -4.211  40.331 0.0000000000
41936  -3.719  -4.501  40.508 0.0000000000
41976  -3.646  -4.492  38.415 0.0000000000
42026  -3.846  -4.723  35.713 0.0000000000
51302  -5.383  4.129  36.777 0.0000000000
49423  -6.173  2.683  36.178 0.0000000000
50377  -5.384  3.570  34.231 0.0000000000
48544  -3.695  1.454  34.658 0.0000000000
45341  -3.370  -1.402  33.159 0.0000000000
40692  -3.394  -5.288  50.223 0.0000000000
42913  -3.671  -3.809  50.322 0.0000000000
42912  -2.920  -3.741  50.144 0.0000000000
40701  -1.435  -6.117  49.461 0.0000000000
39657  -1.306  -6.679  49.761 0.0000000000
40702  -2.056  -5.997  49.450 0.0000000000
38443  -2.829  -6.711  49.473 0.0000000000
37576  -1.236  -8.014  39.221 0.0000000000
39860  -1.790  -6.537  39.903 0.0000000000
38492  -9.506  -7.747  46.918 0.0000000000
38512  -10.021  -7.799  46.152 0.0000000000
39686  -9.329  -6.544  47.373 0.0000000000
38567  4.288  -6.370  43.612 0.0000000000
36477  -8.196  -8.249  48.126 0.0000000000
36488  -8.357  -9.115  47.044 0.0000000000
37419  -8.813  -8.643  46.967 0.0000000000
36505  -9.483  -9.399  45.689 0.0000000000
44069  -7.547  -2.516  44.456 0.0000000000
43030  -8.350  -3.118  43.215 0.0000000000
44091  -7.310  -2.241  43.455 0.0000000000
48465  -2.811  0.866  38.350 0.0000000000
46393  -3.422  -0.620  38.912 0.0000000000
46408  -2.523  -0.483  37.584 0.0000000000
44188  -2.563  -1.937  36.700 0.0000000000
46420  -2.512  -0.264  36.621 0.0000000000
38448  -6.646  -6.604  49.479 0.0000000000
39651  -6.955  -5.564  49.482 0.0000000000
40696  -6.240  -5.110  49.504 0.0000000000
45059  -5.099  -2.294  49.680 0.0000000000
48249  -5.312  0.809  49.318 0.0000000000
37408  2.225  -8.285  48.268 0.0000000000
37434  2.328  -8.321  47.264 0.0000000000
37409  1.399  -8.321  47.964 0.0000000000
37370  -1.674  -8.367  48.944 0.0000000000
37411  -0.608  -7.819  47.386 0.0000000000
37412  -1.841  -7.759  47.517 0.0000000000
37388  -3.427  -7.477  48.027 0.0000000000
37351  -4.965  -6.898  49.468 0.0000000000
36464  -5.108  -7.465  48.712 0.0000000000
37360  -5.947  -7.213  49.308 0.0000000000
36457  -6.688  -7.508  48.952 0.0000000000
48394  -7.137  2.107  43.618 0.0000000000
48369  -5.532  1.216  43.725 0.0000000000
49300  -6.064  2.811  42.669 0.0000000000
50247  -6.461  3.681  40.319 0.0000000000
49331  -6.331  2.920  40.700 0.0000000000
49350  -6.331  2.919  39.762 0.0000000000
49329  -4.516  2.480  39.680 0.0000000000
49378  -6.259  3.041  38.798 0.0000000000
38467  3.956  -6.900  48.342 0.0000000000
36564  -8.284  -9.502  42.590 0.0000000000
37488  -8.779  -8.561  43.961 0.0000000000
40767  -9.389  -5.475  46.224 0.0000000000
40766  -9.156  -5.523  45.633 0.0000000000
41840  -9.387  -4.599  45.900 0.0000000000
42994  -8.779  -3.721  45.560 0.0000000000
42973  -8.243  -2.991  46.294 0.0000000000
42926  -7.394  -3.771  49.161 0.0000000000
42933  -7.651  -3.867  48.723 0.0000000000
44000  -7.400  -2.949  49.050 0.0000000000
48287  -7.111  1.514  47.329 0.0000000000
46214  -6.499  -0.989  47.934 0.0000000000
47337  -6.496  0.495  47.154 0.0000000000
46225  -6.477  -0.644  46.751 0.0000000000
48307  -6.616  1.189  46.388 0.0000000000
48326  -7.148  1.535  45.744 0.0000000000
49262  -8.044  1.647  45.943 0.0000000000
38547  2.024  -6.861  44.759 0.0000000000
39757  2.288  -6.293  43.758 0.0000000000
38533  -5.157  -7.721  45.790 0.0000000000
36516  -4.997  -8.359  44.560 0.0000000000
37460  -6.268  -8.622  45.017 0.0000000000
34640  -7.507  -10.473  44.156 0.0000000000
35608  -6.424  -10.054  44.316 0.0000000000
35611  -9.113  -9.615  44.355 0.0000000000
35625  -7.926  -10.562  42.993 0.0000000000
38600  -6.876  -7.780  43.689 0.0000000000
37529  -6.244  -8.686  42.534 0.0000000000
38599  -6.140  -8.254  43.571 0.0000000000
41917  -6.064  -4.424  42.539 0.0000000000
40826  -5.147  -5.763  42.720 0.0000000000
40850  -4.541  -5.211  42.661 0.0000000000
39814  -4.294  -6.193  41.680 0.0000000000
41915  -4.440  -4.549  41.840 0.0000000000
46310  -4.580  -0.851  42.731 0.0000000000
44103  -5.835  -1.742  41.899 0.0000000000
45176  -4.583  -1.843  42.125 0.0000000000
44157  -5.809  -2.875  38.504 0.0000000000
44158  -6.439  -3.098  39.117 0.0000000000
41978  -5.855  -4.376  38.892 0.0000000000
41937  -4.637  -4.485  40.789 0.0000000000
41956  -4.810  -4.488  39.699 0.0000000000
41955  -3.777  -4.499  39.472 0.0000000000
41977  -4.826  -4.715  38.557 0.0000000000
43142  -5.079  -3.795  34.767 0.0000000000
42028  -5.275  -4.233  35.376 0.0000000000
42043  -4.765  -4.343  34.631 0.0000000000
51317  -4.558  4.443  36.009 0.0000000000
50325  -6.004  3.444  36.991 0.0000000000
51334  -5.405  3.736  35.654 0.0000000000
50409  -5.267  3.616  32.723 0.0000000000
49457  -5.443  3.027  34.002 0.0000000000
49456  -5.068  2.560  34.656 0.0000000000
48545  -4.442  1.918  34.162 0.0000000000
47561  -3.038  0.373  33.805 0.0000000000
47562  -3.891  0.492  33.082 0.0000000000
39648  -5.166  -5.811  49.498 0.0000000000
41753  -5.312  -4.487  50.013 0.0000000000
41752  -4.686  -4.426  50.257 0.0000000000
38452  0.238  -7.264  50.140 0.0000000000
37368  0.406  -8.320  49.635 0.0000000000
37358  -0.536  -7.814  49.802 0.0000000000
37359  -1.788  -7.870  49.402 0.0000000000
36451  -2.379  -8.105  49.328 0.0000000000
36462  -3.165  -8.214  49.047 0.0000000000
36447  -3.170  -7.642  49.379 0.0000000000
38444  -3.882  -6.493  49.495 0.0000000000
51198  -7.697  4.484  42.333 0.0000000000
50227  -7.177  3.756  41.856 0.0000000000
51227  -7.286  4.600  41.380 0.0000000000
51254  -7.000  4.943  40.604 0.0000000000
52250  -6.034  4.901  39.473 0.0000000000
36538  -9.387  -9.153  44.331 0.0000000000
37489  -9.204  -8.516  44.329 0.0000000000
38535  -9.355  -7.398  45.502 0.0000000000
39701  -9.475  -6.679  46.422 0.0000000000
41813  -8.798  -4.620  47.032 0.0000000000
47289  -6.084  0.308  48.705 0.0000000000
46199  -6.455  -0.921  48.815 0.0000000000
48257  -6.628  1.124  47.884 0.0000000000
49217  -7.543  1.902  47.798 0.0000000000
49232  -7.984  1.860  47.379 0.0000000000
50181  -8.460  2.355  46.178 0.0000000000
37392  -6.952  -8.503  47.071 0.0000000000
37439  -6.498  -8.892  45.865 0.0000000000
37418  -7.067  -8.950  46.575 0.0000000000
36503  -7.647  -9.822  46.513 0.0000000000
35591  -7.846  -10.476  44.688 0.0000000000
35609  -8.252  -10.381  44.094 0.0000000000
35592  -8.684  -10.424  44.812 0.0000000000
35593  -9.347  -9.826  44.837 0.0000000000
41858  -7.702  -4.942  44.462 0.0000000000
40805  -6.512  -5.625  43.982 0.0000000000
43029  -7.450  -3.799  43.638 0.0000000000
43042  -6.737  -3.738  42.987 0.0000000000
43061  -6.802  -3.514  41.853 0.0000000000
46355  -3.691  -0.586  40.617 0.0000000000
45200  -4.255  -1.675  41.017 0.0000000000
46376  -3.515  -0.704  39.799 0.0000000000
44144  -4.201  -2.454  38.928 0.0000000000
44171  -5.418  -2.930  37.282 0.0000000000
43122  -5.453  -3.767  36.823 0.0000000000
44190  -4.724  -3.086  36.240 0.0000000000
44211  -4.610  -3.361  35.526 0.0000000000
44228  -2.727  -2.280  34.575 0.0000000000
49481  -4.706  2.505  32.608 0.0000000000
48581  -4.453  1.332  32.277 0.0000000000
49494  -4.291  1.883  31.781 0.0000000000
37375  -8.124  -7.413  48.415 0.0000000000
39665  -8.051  -6.089  48.463 0.0000000000
39661  -7.600  -6.067  48.840 0.0000000000
41763  -7.278  -4.514  49.280 0.0000000000
43992  -6.933  -3.224  49.498 0.0000000000
42916  -5.953  -3.802  50.324 0.0000000000
43990  -5.932  -3.122  49.637 0.0000000000
46192  -6.149  -1.846  49.399 0.0000000000
47282  -5.805  0.467  49.073 0.0000000000
38503  3.793  -7.488  46.921 0.0000000000
38545  3.954  -6.771  44.637 0.0000000000
38524  3.317  -7.413  45.771 0.0000000000
37410  0.427  -8.285  47.661 0.0000000000
37436  0.493  -7.906  46.885 0.0000000000
38527  0.350  -6.811  45.510 0.0000000000
38510  -4.282  -7.453  46.229 0.0000000000
38490  -5.388  -7.807  47.000 0.0000000000
37373  -4.176  -7.477  48.390 0.0000000000
37374  -5.038  -7.496  48.185 0.0000000000
37391  -6.307  -8.463  47.484 0.0000000000
35547  -6.658  -8.332  48.199 0.0000000000
35549  -7.458  -8.060  48.456 0.0000000000
46276  -5.971  -0.348  44.745 0.0000000000
45158  -5.177  -1.824  43.475 0.0000000000
47399  -5.467  0.000  43.974 0.0000000000
47418  -5.383  0.187  42.979 0.0000000000
48391  -4.574  1.210  41.881 0.0000000000
49314  -6.412  2.957  41.677 0.0000000000
48415  -4.772  2.097  41.682 0.0000000000
48414  -4.325  1.377  41.087 0.0000000000
48430  -3.977  1.478  40.103 0.0000000000
48447  -4.128  1.651  39.080 0.0000000000
48467  -4.276  1.763  38.152 0.0000000000
42910  -1.820  -4.463  49.338 0.0000000000
39714  5.237  -6.237  45.612 0.0000000000
42934  6.228  -3.152  48.048 0.0000000000
41770  5.101  -3.974  48.313 0.0000000000
41787  5.444  -4.381  47.573 0.0000000000
40727  5.445  -5.342  46.968 0.0000000000
39680  5.240  -5.829  47.244 0.0000000000
38502  4.469  -6.868  46.872 0.0000000000
38468  3.127  -7.335  48.687 0.0000000000
37365  2.194  -7.553  49.184 0.0000000000
39653  1.744  -6.937  49.168 0.0000000000
38451  0.777  -7.317  49.596 0.0000000000
39655  0.061  -6.691  49.656 0.0000000000
40700  -0.912  -6.023  49.364 0.0000000000
37507  -7.767  -8.535  43.199 0.0000000000
38574  -7.513  -7.995  44.065 0.0000000000
38554  -8.729  -7.247  45.086 0.0000000000
39738  -8.160  -6.603  44.631 0.0000000000
40786  -8.015  -5.585  44.521 0.0000000000
41859  -8.349  -4.588  44.795 0.0000000000
44070  -8.358  -2.873  44.788 0.0000000000
44046  -6.683  -2.494  45.226 0.0000000000
40719  -8.617  -5.703  48.338 0.0000000000
41777  -8.392  -4.459  48.090 0.0000000000
42959  -8.250  -3.594  47.478 0.0000000000
46205  -6.500  -1.268  48.359 0.0000000000
44014  -7.341  -2.795  47.902 0.0000000000
44024  -7.593  -3.166  47.415 0.0000000000
42957  -7.471  -2.788  46.741 0.0000000000
44021  -6.145  -2.189  46.400 0.0000000000
45118  -5.835  -1.338  45.605 0.0000000000
48325  -6.180  1.094  45.533 0.0000000000
48371  -7.298  1.796  44.311 0.0000000000
49302  -7.479  2.829  43.777 0.0000000000
51169  -8.423  4.013  45.063 0.0000000000
51179  -8.446  4.282  43.987 0.0000000000
51199  -8.385  4.342  42.964 0.0000000000
35621  -4.080  -10.022  43.018 0.0000000000
36518  -6.542  -9.410  44.667 0.0000000000
39816  -5.376  -7.123  42.815 0.0000000000
38626  -4.786  -7.764  42.537 0.0000000000
39840  -2.747  -6.382  40.832 0.0000000000
45159  -6.453  -1.605  43.075 0.0000000000
44122  -6.923  -2.605  41.807 0.0000000000
44137  -6.494  -3.022  40.929 0.0000000000
44136  -5.955  -2.526  40.540 0.0000000000
43094  -6.472  -3.581  40.262 0.0000000000
41939  -6.203  -4.285  41.417 0.0000000000
41914  -3.620  -4.644  41.409 0.0000000000
39839  -2.057  -5.885  40.602 0.0000000000
40846  -1.531  -4.770  40.670 0.0000000000
41995  -4.537  -4.592  37.444 0.0000000000
41994  -3.314  -4.468  37.391 0.0000000000
52268  -5.274  4.803  38.558 0.0000000000
52286  -4.377  4.997  37.793 0.0000000000
51286  -5.473  4.302  38.254 0.0000000000
50299  -5.581  3.382  38.091 0.0000000000
49404  -5.317  2.613  37.386 0.0000000000
48499  -3.764  1.529  36.612 0.0000000000
49440  -5.658  3.028  35.314 0.0000000000
49439  -5.288  2.560  35.700 0.0000000000
48521  -2.944  1.428  36.064 0.0000000000
46430  -2.508  -0.030  35.496 0.0000000000
45340  -2.588  -1.325  33.901 0.0000000000
44244  -2.938  -2.156  33.667 0.0000000000
44245  -3.484  -2.512  32.997 0.0000000000
40691  -2.669  -5.281  49.872 0.0000000000
41750  -3.115  -4.552  50.425 0.0000000000
40690  -2.100  -5.407  49.481 0.0000000000
37577  -1.885  -8.589  39.302 0.0000000000
38472  -9.067  -7.435  47.378 0.0000000000
38522  4.859  -6.466  45.289 0.0000000000
38544  4.881  -6.400  44.489 0.0000000000
37394  -8.653  -8.019  47.730 0.0000000000
37393  -8.581  -8.451  47.446 0.0000000000
38491  -9.122  -8.315  47.149 0.0000000000
37420  -9.219  -8.486  46.803 0.0000000000
44068  -6.352  -2.478  44.342 0.0000000000
44067  -5.510  -2.368  44.297 0.0000000000
48481  -2.663  1.163  37.851 0.0000000000
47489  -2.581  0.370  38.077 0.0000000000
47500  -2.514  0.505  37.248 0.0000000000
45289  -2.527  -1.168  36.986 0.0000000000
39650  -6.611  -5.912  49.487 0.0000000000
39649  -5.871  -5.844  49.486 0.0000000000
37382  2.051  -8.152  49.119 0.0000000000
37383  1.336  -8.330  48.984 0.0000000000
37371  -2.465  -8.285  48.707 0.0000000000
37386  -1.652  -8.329  48.138 0.0000000000
37413  -2.757  -7.492  47.510 0.0000000000
38446  -5.411  -6.458  49.483 0.0000000000
37352  -5.602  -6.984  49.456 0.0000000000
37353  -6.281  -6.976  49.463 0.0000000000
49301  -7.211  2.737  42.986 0.0000000000
37508  -8.464  -8.813  43.360 0.0000000000
36551  -9.249  -8.829  43.914 0.0000000000
41814  -9.244  -4.477  46.616 0.0000000000
42995  -9.421  -3.978  46.196 0.0000000000
43999  -7.163  -2.955  49.327 0.0000000000
45070  -7.030  -2.553  49.040 0.0000000000
47318  -6.506  0.575  47.466 0.0000000000
48308  -6.937  1.444  46.819 0.0000000000
47336  -6.492  0.664  46.868 0.0000000000
48327  -7.250  1.508  46.244 0.0000000000
37459  -5.428  -8.204  45.473 0.0000000000
94434  -7.271  -10.588  43.784 0.0000000000
36537  -9.021  -9.495  44.091 0.0000000000
39790  -6.608  -7.240  43.949 0.0000000000
40851  -5.125  -4.573  42.923 0.0000000000
43104  -6.203  -3.584  38.732 0.0000000000
41996  -5.329  -4.360  37.659 0.0000000000
42044  -5.354  -4.090  34.937 0.0000000000
52305  -2.977  4.500  35.798 0.0000000000
52306  -3.642  4.482  35.566 0.0000000000
51318  -5.335  4.110  35.911 0.0000000000
49469  -5.423  2.986  33.062 0.0000000000
49468  -4.917  2.472  33.594 0.0000000000
48563  -3.949  1.319  33.779 0.0000000000
39647  -4.434  -5.805  49.570 0.0000000000
40704  -4.734  -4.849  49.828 0.0000000000
43986  -3.543  -3.446  49.854 0.0000000000
37357  0.359  -7.899  50.235 0.0000000000
38453  -0.541  -7.310  50.186 0.0000000000
38454  -1.452  -7.234  49.702 0.0000000000
36446  -2.594  -7.902  49.427 0.0000000000
36452  -2.901  -8.080  49.350 0.0000000000
37348  -2.663  -7.457  49.455 0.0000000000
39646  -3.603  -5.846  49.602 0.0000000000
38445  -4.694  -6.434  49.493 0.0000000000
52229  -6.871  5.327  40.778 0.0000000000
52228  -6.317  5.251  40.122 0.0000000000
36519  -9.485  -9.072  45.084 0.0000000000
37473  -9.432  -8.429  44.907 0.0000000000
40749  -8.932  -5.471  47.001 0.0000000000
48252  -6.475  0.945  48.737 0.0000000000
47290  -6.187  0.145  48.486 0.0000000000
50163  -8.205  2.695  47.370 0.0000000000
50172  -8.479  2.585  46.785 0.0000000000
36475  -6.987  -8.481  47.627 0.0000000000
35575  -7.359  -10.406  45.596 0.0000000000
43012  -7.759  -4.244  44.364 0.0000000000
41877  -7.128  -4.730  44.285 0.0000000000
43044  -8.156  -2.831  42.788 0.0000000000
43043  -7.716  -3.196  42.563 0.0000000000
43062  -7.410  -3.049  41.994 0.0000000000
47458  -3.578  -0.015  40.126 0.0000000000
45252  -3.112  -1.399  38.240 0.0000000000
45234  -3.660  -1.727  39.275 0.0000000000
44155  -3.760  -2.267  38.281 0.0000000000
44156  -4.849  -2.510  38.216 0.0000000000
44170  -4.293  -2.494  37.299 0.0000000000
44189  -3.509  -2.473  36.447 0.0000000000
44210  -3.753  -3.034  35.282 0.0000000000
50408  -4.837  3.446  32.416 0.0000000000
50426  -4.382  3.018  31.883 0.0000000000
37364  -7.767  -7.152  48.638 0.0000000000
38458  -7.726  -6.665  48.706 0.0000000000
40697  -6.748  -5.098  49.498 0.0000000000
40705  -7.123  -5.166  49.406 0.0000000000
41756  -6.945  -4.439  49.502 0.0000000000
42925  -7.118  -3.764  49.424 0.0000000000
42918  -6.759  -3.748  49.604 0.0000000000
42915  -5.166  -3.738  50.432 0.0000000000
41754  -6.054  -4.459  49.972 0.0000000000
45060  -5.672  -2.238  49.549 0.0000000000
45067  -5.380  -1.488  49.497 0.0000000000
46191  -5.900  -2.107  49.481 0.0000000000
46197  -6.066  -1.005  49.420 0.0000000000
47288  -5.861  0.037  48.586 0.0000000000
37452  3.112  -8.213  46.684 0.0000000000
37453  2.422  -8.229  46.209 0.0000000000
37454  1.804  -7.753  46.171 0.0000000000
37384  0.413  -8.345  48.667 0.0000000000
37437  -0.010  -7.572  46.786 0.0000000000
38505  0.526  -7.217  46.413 0.0000000000
38507  -1.595  -7.290  46.064 0.0000000000
37415  -4.122  -7.472  47.264 0.0000000000
38489  -4.647  -7.483  46.987 0.0000000000
38469  -5.181  -7.617  47.433 0.0000000000
36453  -3.517  -7.680  49.148 0.0000000000
36463  -3.864  -7.520  48.847 0.0000000000
36473  -5.664  -7.881  48.293 0.0000000000
37390  -5.529  -7.999  47.783 0.0000000000
36474  -6.279  -8.397  48.081 0.0000000000
36458  -7.183  -7.461  48.900 0.0000000000
36466  -6.989  -7.793  48.625 0.0000000000
36459  -7.563  -7.419  48.696 0.0000000000
36468  -7.890  -7.769  48.508 0.0000000000
47378  -5.927  0.111  44.550 0.0000000000
47417  -4.659  0.329  42.290 0.0000000000
49330  -5.454  2.695  40.220 0.0000000000
49313  -5.421  2.707  41.204 0.0000000000
42929  -1.763  -3.739  48.483 0.0000000000
41832  5.732  -4.930  45.776 0.0000000000
40765  5.871  -5.378  45.287 0.0000000000
41771  4.528  -4.508  48.183 0.0000000000
42936  4.717  -3.456  48.294 0.0000000000
39681  4.668  -6.261  47.492 0.0000000000
39698  4.877  -6.485  46.411 0.0000000000
37381  2.418  -7.677  49.012 0.0000000000
40708  0.864  -6.529  48.424 0.0000000000
39664  0.927  -6.624  48.902 0.0000000000
38450  1.481  -7.297  49.328 0.0000000000
39654  0.876  -6.791  49.174 0.0000000000
40699  -0.240  -6.343  48.885 0.0000000000
42919  -1.067  -5.160  48.614 0.0000000000
41757  -0.993  -5.507  48.910 0.0000000000
41758  -1.530  -5.199  49.142 0.0000000000
35674  -8.177  -10.699  40.967 0.0000000000
36599  -8.111  -10.237  41.492 0.0000000000
38555  -9.099  -7.870  44.685 0.0000000000
38534  -8.938  -7.099  45.401 0.0000000000
40787  -8.551  -5.592  45.098 0.0000000000
39718  -8.834  -6.554  45.397 0.0000000000
44048  -8.364  -2.840  45.579 0.0000000000
44047  -7.761  -2.530  45.325 0.0000000000
44031  -7.053  -2.512  45.975 0.0000000000
40710  -8.208  -5.187  48.358 0.0000000000
42932  -7.977  -4.259  48.483 0.0000000000
42943  -8.061  -3.723  48.272 0.0000000000
41778  -8.578  -4.032  47.780 0.0000000000
46204  -6.500  -1.128  48.600 0.0000000000
47294  -6.498  -0.882  48.195 0.0000000000
46213  -6.499  -1.342  47.708 0.0000000000
45085  -6.528  -2.005  47.878 0.0000000000
44013  -6.795  -2.368  47.680 0.0000000000
44023  -7.071  -2.564  47.291 0.0000000000
45095  -6.495  -1.627  47.172 0.0000000000
47316  -6.480  0.350  46.102 0.0000000000
46212  -6.629  -1.195  46.728 0.0000000000
46224  -6.436  -0.883  45.949 0.0000000000
45105  -5.941  -1.586  46.074 0.0000000000
46239  -6.258  -0.780  45.613 0.0000000000
47356  -6.430  0.052  45.219 0.0000000000
49275  -7.631  2.119  45.099 0.0000000000
48349  -6.964  1.526  45.075 0.0000000000
49287  -7.620  2.414  44.478 0.0000000000
48372  -7.518  2.291  44.196 0.0000000000
50197  -7.760  2.786  44.441 0.0000000000
51157  -8.459  3.387  46.036 0.0000000000
36534  -5.519  -8.967  43.846 0.0000000000
37440  -6.881  -9.572  46.356 0.0000000000
35653  -8.321  -10.571  41.568 0.0000000000
37555  -6.100  -9.082  41.487 0.0000000000
39789  -6.122  -6.895  43.560 0.0000000000
39788  -5.448  -6.311  42.880 0.0000000000
39815  -4.889  -6.539  42.393 0.0000000000
37527  -4.416  -8.404  41.823 0.0000000000
38624  -3.822  -7.041  41.333 0.0000000000
39813  -3.290  -6.117  41.382 0.0000000000
38654  -3.213  -7.325  40.732 0.0000000000
45177  -5.513  -1.653  42.586 0.0000000000
44102  -5.386  -2.142  42.011 0.0000000000
45201  -6.214  -1.758  41.956 0.0000000000
45220  -4.388  -1.930  39.900 0.0000000000
44135  -5.043  -2.480  40.302 0.0000000000
43105  -6.459  -3.789  39.474 0.0000000000
44147  -6.463  -3.034  39.911 0.0000000000
41938  -5.470  -4.468  41.087 0.0000000000
41913  -2.714  -4.608  41.109 0.0000000000
40848  -2.899  -5.166  41.449 0.0000000000
40847  -1.758  -5.038  41.218 0.0000000000
41912  -1.966  -4.579  40.835 0.0000000000
41954  -2.615  -4.496  39.338 0.0000000000
41975  -2.388  -4.480  38.335 0.0000000000
42012  -5.115  -4.352  36.391 0.0000000000
42027  -4.613  -4.574  35.468 0.0000000000
42011  -4.103  -4.472  36.434 0.0000000000
42010  -2.999  -4.895  36.409 0.0000000000
51300  -3.428  4.598  37.106 0.0000000000
51301  -4.500  4.631  37.391 0.0000000000
51285  -4.870  4.616  38.012 0.0000000000
49406  -6.419  3.023  36.486 0.0000000000
49405  -6.110  2.804  37.169 0.0000000000
49422  -5.416  2.523  36.621 0.0000000000
48483  -4.531  2.092  37.201 0.0000000000
51348  -5.352  4.157  33.988 0.0000000000
50376  -5.223  3.707  34.466 0.0000000000
50361  -5.534  3.331  35.370 0.0000000000
48523  -4.507  2.033  35.170 0.0000000000
48522  -3.818  1.528  35.669 0.0000000000
48543  -3.008  1.456  35.270 0.0000000000
47524  -2.545  1.013  35.532 0.0000000000
47541  -2.755  0.839  34.629 0.0000000000
46470  -3.137  -0.431  33.424 0.0000000000
46449  -2.523  -0.260  34.299 0.0000000000
47588  -4.428  0.309  32.107 0.0000000000
41751  -3.944  -4.511  50.442 0.0000000000
39658  -2.050  -6.584  49.462 0.0000000000
39645  -2.777  -5.897  49.528 0.0000000000
38673  -1.331  -7.070  39.310 0.0000000000
39859  -1.393  -5.950  39.486 0.0000000000
37442  -9.476  -8.690  46.340 0.0000000000
36476  -7.784  -8.628  47.668 0.0000000000
36504  -8.971  -9.748  46.452 0.0000000000
37441  -8.907  -8.907  46.630 0.0000000000
44092  -8.230  -2.714  43.804 0.0000000000
44106  -8.133  -2.637  43.095 0.0000000000
45160  -7.224  -1.940  42.763 0.0000000000
47490  -3.221  0.363  38.672 0.0000000000
46392  -2.796  -0.466  38.340 0.0000000000
45272  -2.981  -1.601  37.789 0.0000000000
44168  -2.640  -1.666  37.228 0.0000000000
45303  -2.522  -1.143  36.087 0.0000000000
38456  -7.044  -6.661  49.456 0.0000000000
38457  -7.398  -6.627  49.163 0.0000000000
39659  -6.906  -6.330  49.484 0.0000000000
45066  -4.876  -1.278  49.643 0.0000000000
46195  -4.903  -0.668  49.140 0.0000000000
47287  -5.324  0.002  48.552 0.0000000000
47286  -4.791  -0.016  48.548 0.0000000000
37385  -0.616  -8.331  48.345 0.0000000000
38485  -1.329  -7.332  46.926 0.0000000000
37414  -3.598  -7.457  47.396 0.0000000000
36449  -4.652  -7.184  49.331 0.0000000000
36455  -5.272  -7.288  49.216 0.0000000000
36456  -5.989  -7.446  49.022 0.0000000000
37361  -6.484  -7.253  49.289 0.0000000000
37354  -6.746  -6.983  49.470 0.0000000000
48370  -6.391  1.567  44.052 0.0000000000
48393  -6.033  2.347  43.596 0.0000000000
49349  -5.608  2.642  39.215 0.0000000000
49377  -5.451  2.876  38.185 0.0000000000
41806  5.708  -4.717  46.422 0.0000000000
39669  3.052  -6.654  48.429 0.0000000000
41764  -7.547  -4.621  48.897 0.0000000000
41769  -7.870  -4.716  48.551 0.0000000000
47304  -6.494  0.882  47.859 0.0000000000
47305  -6.495  -0.387  48.034 0.0000000000
47319  -6.528  -0.038  47.912 0.0000000000
46227  -6.492  -0.356  47.517 0.0000000000
46226  -6.489  -0.694  47.208 0.0000000000
46240  -6.487  -0.033  46.913 0.0000000000
47317  -6.492  0.439  46.591 0.0000000000
48285  -6.504  0.995  46.205 0.0000000000
48306  -6.478  0.967  45.959 0.0000000000
49261  -7.792  1.833  45.556 0.0000000000
49276  -7.987  2.106  45.499 0.0000000000
39733  2.431  -6.366  44.236 0.0000000000
39734  1.865  -6.255  44.195 0.0000000000
38532  -4.770  -7.607  45.674 0.0000000000
36517  -5.864  -8.721  44.493 0.0000000000
35590  -6.905  -10.335  44.649 0.0000000000
34667  -8.599  -11.513  43.579 0.0000000000
35634  -8.168  -11.119  42.441 0.0000000000
35635  -8.382  -10.640  42.170 0.0000000000
37506  -6.957  -8.552  42.971 0.0000000000
36562  -6.945  -8.979  42.481 0.0000000000
38627  -5.315  -7.870  43.080 0.0000000000
40827  -5.457  -5.323  43.325 0.0000000000
44120  -5.105  -2.441  41.364 0.0000000000
44146  -5.980  -2.558  39.520 0.0000000000
41979  -6.191  -4.298  39.616 0.0000000000
41957  -5.636  -4.459  40.033 0.0000000000
41935  -2.721  -4.504  40.296 0.0000000000
43132  -5.145  -3.605  35.524 0.0000000000
43133  -5.421  -3.937  35.870 0.0000000000
51316  -3.706  4.507  36.411 0.0000000000
50343  -5.814  3.592  36.137 0.0000000000
49424  -6.416  3.027  36.001 0.0000000000
50392  -5.454  3.680  33.282 0.0000000000
47542  -3.453  0.915  33.976 0.0000000000
40695  -5.605  -5.083  49.510 0.0000000000
40694  -4.906  -5.075  49.578 0.0000000000
41759  -4.865  -4.626  49.951 0.0000000000
42914  -4.429  -3.749  50.365 0.0000000000
43987  -4.171  -3.091  49.673 0.0000000000
37356  0.985  -7.749  49.966 0.0000000000
37372  -3.241  -7.811  48.600 0.0000000000
36448  -3.886  -7.312  49.265 0.0000000000
37349  -3.445  -7.114  49.444 0.0000000000
37350  -4.258  -6.944  49.469 0.0000000000
52205  -7.185  5.334  41.324 0.0000000000
51226  -6.671  4.359  40.733 0.0000000000
51253  -6.500  4.417  40.064 0.0000000000
51272  -6.120  4.484  39.156 0.0000000000
41796  -9.113  -4.038  47.340 0.0000000000
46198  -6.358  -1.074  49.158 0.0000000000
45075  -6.502  -1.546  48.827 0.0000000000
49210  -7.084  1.760  48.276 0.0000000000
48269  -6.901  1.420  47.697 0.0000000000
37417  -6.424  -8.535  46.784 0.0000000000
35577  -9.251  -10.259  45.621 0.0000000000
40806  -7.259  -5.658  44.477 0.0000000000
39762  -6.519  -6.492  44.015 0.0000000000
41876  -6.795  -4.531  43.800 0.0000000000
43028  -6.826  -4.132  43.441 0.0000000000
46356  -4.217  -0.327  41.031 0.0000000000
46333  -3.760  -0.922  41.237 0.0000000000
45219  -3.771  -1.330  40.283 0.0000000000
45235  -4.248  -2.257  39.386 0.0000000000
44191  -5.299  -3.326  36.593 0.0000000000
43131  -4.665  -3.487  35.092 0.0000000000
43141  -4.193  -3.547  34.482 0.0000000000
49482  -5.172  3.115  32.652 0.0000000000
48592  -3.666  1.188  31.509 0.0000000000
37551  -2.405  -8.226  40.228 0.0000000000
37376  -8.432  -7.476  48.097 0.0000000000
39674  -8.719  -6.830  47.844 0.0000000000
38461  -8.127  -6.866  48.437 0.0000000000
40706  -7.437  -5.316  49.086 0.0000000000
39660  -7.185  -5.987  49.367 0.0000000000
43998  -6.949  -2.794  49.352 0.0000000000
41762  -6.458  -4.015  49.996 0.0000000000
43989  -5.462  -3.038  50.051 0.0000000000
42917  -6.376  -3.712  49.871 0.0000000000
43991  -6.478  -3.033  49.503 0.0000000000
45068  -6.383  -2.218  49.286 0.0000000000
48251  -6.297  0.807  49.060 0.0000000000
48250  -5.918  0.771  49.303 0.0000000000
38523  4.485  -6.777  45.762 0.0000000000
38525  2.348  -7.309  45.593 0.0000000000
38548  1.178  -6.542  44.735 0.0000000000
38511  -5.163  -7.602  46.233 0.0000000000
37416  -5.763  -8.293  47.220 0.0000000000
35552  -7.095  -8.467  47.984 0.0000000000
35548  -6.951  -8.221  48.322 0.0000000000
35553  -7.581  -8.352  48.186 0.0000000000
35554  -7.827  -8.127  48.405 0.0000000000
46254  -5.501  -1.212  44.877 0.0000000000
45138  -5.230  -1.738  44.458 0.0000000000
46275  -5.590  -0.708  44.539 0.0000000000
46292  -5.418  -1.052  43.925 0.0000000000
47440  -4.450  0.377  41.395 0.0000000000
49315  -6.914  3.206  42.361 0.0000000000
49299  -5.492  2.548  42.038 0.0000000000
47459  -4.067  0.409  40.580 0.0000000000
48429  -3.517  0.648  40.005 0.0000000000
48446  -3.498  0.971  39.339 0.0000000000
48466  -3.344  1.267  38.478 0.0000000000
48482  -3.548  1.511  37.553 0.0000000000
41748  -1.998  -4.882  49.458 0.0000000000
42911  -2.301  -4.119  49.664 0.0000000000
42921  -2.082  -3.663  49.200 0.0000000000
39715  4.853  -6.492  45.928 0.0000000000
42935  5.545  -3.393  48.216 0.0000000000
40728  4.957  -5.351  47.458 0.0000000000
39697  5.369  -6.061  46.711 0.0000000000
38484  3.594  -7.556  48.035 0.0000000000
37407  2.785  -7.890  48.476 0.0000000000
37366  1.697  -7.747  49.383 0.0000000000
39670  2.098  -6.589  48.095 0.0000000000
39662  2.248  -6.888  49.098 0.0000000000
39663  1.698  -6.679  48.813 0.0000000000
38449  2.026  -7.165  49.217 0.0000000000
37355  1.227  -7.598  49.554 0.0000000000
40689  -1.614  -5.539  49.324 0.0000000000
36579  -7.927  -9.673  41.839 0.0000000000
36563  -7.537  -9.113  42.472 0.0000000000
38576  -8.846  -8.220  44.390 0.0000000000
38575  -8.181  -7.750  44.537 0.0000000000
39764  -7.796  -7.094  44.514 0.0000000000
39737  -7.611  -6.192  44.503 0.0000000000
39673  -8.995  -6.414  48.083 0.0000000000
40718  -8.493  -5.189  48.109 0.0000000000
40734  -8.549  -5.085  47.613 0.0000000000
41795  -8.647  -4.492  47.505 0.0000000000
45076  -6.631  -2.166  48.749 0.0000000000
45086  -6.598  -2.122  48.263 0.0000000000
42958  -7.832  -3.329  46.926 0.0000000000
42972  -7.493  -2.634  46.353 0.0000000000
44022  -6.636  -2.328  46.718 0.0000000000
44030  -5.888  -2.378  46.043 0.0000000000
45104  -5.625  -1.824  45.812 0.0000000000
45117  -5.576  -1.622  45.263 0.0000000000
46255  -5.845  -0.723  45.144 0.0000000000
47379  -6.284  -0.061  44.795 0.0000000000
48324  -5.740  1.180  45.138 0.0000000000
48348  -6.228  1.493  44.855 0.0000000000
50210  -7.946  3.503  43.403 0.0000000000
50190  -8.292  2.664  45.328 0.0000000000
50198  -7.979  3.230  44.369 0.0000000000
42922  -2.684  -3.440  49.551 0.0000000000
38568  3.528  -6.326  43.746 0.0000000000
38569  2.821  -6.300  43.652 0.0000000000
36535  -5.776  -9.620  44.187 0.0000000000
38653  -2.512  -6.963  40.143 0.0000000000
44090  -5.895  -2.261  43.708 0.0000000000
45179  -7.225  -2.206  42.541 0.0000000000
45178  -6.698  -1.986  42.352 0.0000000000
44104  -7.218  -2.433  42.323 0.0000000000
43079  -6.488  -3.754  40.908 0.0000000000
39812  -2.521  -5.700  41.188 0.0000000000
39838  -1.451  -5.705  40.258 0.0000000000
40868  -0.885  -5.011  40.213 0.0000000000
52249  -5.543  5.011  39.139 0.0000000000
51271  -5.739  4.582  38.861 0.0000000000
52267  -4.692  5.035  38.305 0.0000000000
50300  -6.177  3.831  38.673 0.0000000000
49376  -4.821  2.420  37.918 0.0000000000
50362  -6.274  3.104  35.809 0.0000000000
48500  -4.552  2.107  36.165 0.0000000000
47510  -2.524  0.719  36.322 0.0000000000
45317  -2.506  -1.215  35.008 0.0000000000
44229  -3.444  -2.881  34.079 0.0000000000
43150  -3.921  -3.460  33.520 0.0000000000
47563  -4.439  0.904  32.642 0.0000000000
47587  -4.110  -0.062  32.437 0.0000000000
35550  -7.744  -8.140  48.388 0.0000000000
35551  -6.749  -8.467  47.954 0.0000000000
35624  -7.959  -11.203  42.638 0.0000000000
36450  -5.131  -7.120  49.380 0.0000000000
36460  -2.088  -8.195  49.230 0.0000000000
36461  -2.448  -8.287  49.150 0.0000000000
36467  -7.490  -7.726  48.590 0.0000000000
36469  -8.218  -7.873  48.333 0.0000000000
36478  -8.447  -7.907  48.063 0.0000000000
37362  -7.082  -7.169  49.312 0.0000000000
37377  -8.544  -7.268  47.927 0.0000000000
37395  -8.594  -7.629  47.832 0.0000000000
37396  -8.641  -7.429  47.774 0.0000000000
38455  -2.092  -6.947  49.470 0.0000000000
38460  1.999  -7.415  49.252 0.0000000000
38462  -8.391  -7.035  48.171 0.0000000000
38463  -8.728  -7.096  47.938 0.0000000000
38470  -5.485  -7.955  47.415 0.0000000000
38473  -8.708  -7.216  47.714 0.0000000000
38474  -8.877  -7.020  47.690 0.0000000000
39652  2.007  -6.935  49.131 0.0000000000
39666  -8.538  -6.693  48.193 0.0000000000
39667  -8.553  -6.893  48.024 0.0000000000
39675  -8.580  -7.106  47.895 0.0000000000
40703  -4.647  -4.748  50.035 0.0000000000
40748  -8.547  -4.926  47.209 0.0000000000
40869  -1.496  -5.339  40.634 0.0000000000
41760  -4.960  -4.730  49.748 0.0000000000
41761  -6.302  -4.203  50.046 0.0000000000
41767  -8.061  -4.519  48.415 0.0000000000
41768  -8.195  -4.698  48.318 0.0000000000
41776  -8.211  -4.413  48.292 0.0000000000
42923  -6.185  -4.119  50.249 0.0000000000
42924  -6.302  -3.918  50.162 0.0000000000
42931  -8.156  -4.351  48.340 0.0000000000
42941  -8.277  -4.188  48.229 0.0000000000
42942  -8.110  -4.091  48.359 0.0000000000
43143  -5.431  -3.933  35.253 0.0000000000
44011  -6.258  -1.815  46.640 0.0000000000
44012  -6.402  -2.069  46.775 0.0000000000
44029  -5.566  -2.067  45.623 0.0000000000
44089  -5.094  -2.380  43.929 0.0000000000
44123  -7.473  -2.792  42.239 0.0000000000
45061  -6.022  -2.432  49.488 0.0000000000
45083  -6.363  -1.581  46.698 0.0000000000
45084  -6.465  -1.604  46.925 0.0000000000
45094  -6.240  -1.579  46.448 0.0000000000
45199  -3.673  -1.192  40.873 0.0000000000
45202  -6.493  -2.126  41.894 0.0000000000
45251  -2.584  -0.989  38.049 0.0000000000
45271  -2.705  -1.373  37.651 0.0000000000
46202  -5.570  -0.926  49.444 0.0000000000
46203  -5.610  -1.162  49.485 0.0000000000
46211  -6.371  -1.313  46.521 0.0000000000
46241  -6.148  0.002  46.969 0.0000000000
47283  -6.022  0.517  48.967 0.0000000000
47355  -5.865  0.641  45.055 0.0000000000
48244  -5.838  0.629  49.214 0.0000000000
48245  -6.071  0.639  49.157 0.0000000000
48286  -6.496  0.823  46.347 0.0000000000
48395  -7.458  2.316  43.953 0.0000000000
49288  -7.583  2.685  44.203 0.0000000000
49441  -6.083  3.104  35.648 0.0000000000
50326  -6.297  3.251  36.284 0.0000000000
50344  -6.202  3.284  35.927 0.0000000000
51287  -6.025  4.206  38.675 0.0000000000
52285  -3.905  5.214  37.671 0.0000000000
