#!ascii label  , from subject output2 vox2ras=TkReg
1997
28592  -5.588  -18.585  42.977 0.1111110002
28608  -5.794  -18.485  41.861 0.2222220004
28609  -6.518  -18.442  41.462 0.4444440007
94406  -4.030  -16.816  44.916 0.1111110002
29320  -5.507  -18.364  45.196 0.1111110002
28574  -4.507  -18.685  43.922 0.1111110002
94381  -3.179  -15.783  44.947 0.1111110002
94393  -3.737  -17.535  44.644 0.1111110002
29326  -5.037  -18.193  44.467 0.1111110002
28591  -3.902  -18.806  42.843 0.1111110002
32801  -1.712  -14.553  43.973 0.2222220004
31791  -2.591  -15.551  43.805 0.2222220004
94392  -4.275  -17.742  44.783 0.1111110002
28629  -4.740  -18.184  41.385 0.3333329856
29342  -5.928  -17.652  41.410 0.4444440007
29343  -6.659  -17.863  41.343 0.4444440007
28631  -7.223  -18.399  41.152 0.4444440007
28632  -8.628  -17.827  41.587 0.2222220004
28607  -4.527  -18.693  41.990 0.1111110002
31790  -2.133  -14.876  42.713 0.2222220004
94389  -3.249  -16.803  44.013 0.2222220004
28590  -3.227  -18.315  42.592 0.1111110002
32800  -1.184  -14.746  43.026 0.2222220004
31814  -2.300  -15.344  42.541 0.2222220004
30870  -2.456  -15.664  42.732 0.2222220004
28573  -3.022  -17.761  43.386 0.2222220004
94454  -4.788  -17.532  40.598 0.4444440007
32824  -0.116  -14.696  42.046 0.2222220004
94484  -6.930  -16.830  41.421 0.4444440007
29344  -8.708  -17.283  41.451 0.3333329856
28633  -9.376  -17.522  41.129 0.2222220004
94491  -9.040  -16.292  40.339 0.3333329856
94495  -7.806  -15.786  39.668 0.2222220004
28628  -3.935  -18.442  41.362 0.4444440007
30884  -2.341  -16.068  41.834 0.2222220004
94379  -3.012  -17.677  42.217 0.2222220004
29373  -3.819  -17.507  40.665 0.4444440007
32822  1.045  -13.574  40.772 0.2222220004
32823  0.482  -14.100  40.911 0.2222220004
30883  -1.567  -15.739  41.291 0.3333329856
30895  -2.103  -16.623  40.877 0.3333329856
30908  -2.617  -16.369  40.095 0.3333329856
94412  -5.029  -16.589  40.356 0.5555559993
94469  -5.532  -17.011  40.573 0.5555559993
32845  1.186  -13.596  40.096 0.2222220004
31812  -0.464  -14.849  41.152 0.2222220004
31837  -1.009  -15.508  40.766 0.3333329856
94470  -5.301  -16.134  40.686 0.5555559993
29345  -8.886  -16.336  41.378 0.4444440007
33808  2.271  -13.632  39.350 0.2222220004
94493  -8.722  -15.602  40.580 0.4444440007
94488  -6.662  -15.364  39.625 0.1111110002
94391  -3.056  -17.833  40.890 0.4444440007
30160  -4.087  -16.393  40.424 0.5555559993
94413  -3.419  -16.101  39.871 0.5555559993
94414  -4.683  -15.829  40.319 0.5555559993
32846  0.426  -14.228  39.650 0.3333329856
31836  -0.359  -14.816  40.147 0.2222220004
31878  -2.582  -14.091  38.423 0.5555559993
31879  -3.319  -13.273  39.013 0.5555559993
94485  -5.644  -15.197  41.023 0.6666669846
31858  -0.394  -14.605  39.061 0.3333329856
31877  -1.250  -14.193  38.447 0.5555559993
94471  -7.389  -14.564  42.275 0.6666669846
94486  -8.171  -14.772  41.644 0.5555559993
32880  1.322  -13.379  38.556 0.4444440007
94492  -6.575  -14.280  41.411 0.7777780294
94496  -6.924  -15.055  39.579 0.1111110002
33853  2.577  -12.395  37.286 0.6666669846
33829  2.131  -12.774  38.184 0.3333329856
94489  -7.487  -14.798  39.519 0.2222220004
31860  -3.785  -14.731  39.341 0.5555559993
94415  -4.482  -14.579  39.815 0.5555559993
94424  -3.836  -12.572  39.087 0.5555559993
94458  -5.232  -13.248  39.249 0.5555559993
32881  0.348  -13.432  38.403 0.5555559993
31876  -0.292  -14.056  38.422 0.6666669846
32883  -1.909  -13.220  38.121 0.6666669846
32884  -2.836  -12.833  38.538 0.5555559993
94451  -5.867  -13.502  40.009 0.7777780294
94442  -6.150  -12.847  41.207 0.6666669846
33831  -0.271  -12.393  38.179 0.7777780294
33832  -1.426  -12.304  38.201 0.8888890147
31792  -7.815  -14.198  42.405 0.5555559993
33828  3.432  -12.826  37.917 0.6666669846
33830  0.865  -12.484  38.221 0.7777780294
30896  -8.396  -14.551  40.029 0.2222220004
33833  -2.410  -12.279  38.160 0.7777780294
33809  -2.949  -12.024  38.891 0.8888890147
34780  0.161  -11.420  38.061 0.8888890147
34781  -0.950  -11.352  38.079 0.8888890147
34782  -2.106  -11.243  38.461 0.8888890147
34783  -2.780  -11.808  38.469 0.8888890147
33854  2.210  -12.191  37.510 0.6666669846
34779  1.241  -11.468  37.625 0.7777780294
35715  -1.332  -10.506  38.326 0.8888890147
34777  3.985  -12.366  37.245 0.6666669846
34809  2.138  -11.430  37.134 0.7777780294
35714  -0.487  -10.454  38.165 0.8888890147
35690  -1.639  -10.145  39.272 0.7777780294
34810  1.514  -10.783  37.166 0.7777780294
35713  0.443  -10.338  38.070 0.8888890147
34806  5.048  -12.162  36.745 0.7777780294
35732  3.696  -10.355  37.042 0.7777780294
33870  5.998  -12.747  36.258 0.7777780294
33871  5.392  -12.605  36.367 0.7777780294
34807  4.189  -11.508  36.606 0.7777780294
35689  -0.845  -9.885  38.785 0.8888890147
35712  1.152  -9.964  37.577 0.8888890147
36614  0.201  -8.993  38.913 0.7777780294
35733  2.778  -10.302  37.056 0.7777780294
35734  1.861  -10.086  37.053 0.8888890147
33823  8.304  -12.670  37.967 0.5555559993
33850  7.634  -12.903  37.119 0.5555559993
33869  6.960  -12.728  36.293 0.7777780294
34830  6.317  -11.669  36.022 0.7777780294
35752  5.574  -10.745  35.256 0.7777780294
33849  8.518  -12.679  36.963 0.6666669846
34829  7.323  -11.743  35.971 0.7777780294
36612  11.745  -9.990  39.730 0.3333329856
37569  11.702  -8.952  39.443 0.4444440007
36646  1.534  -8.933  37.316 0.8888890147
36629  1.173  -8.871  37.926 0.8888890147
36630  0.605  -9.179  38.301 0.8888890147
34773  9.479  -12.249  38.061 0.4444440007
34774  8.867  -12.534  38.203 0.3333329856
36644  3.242  -9.151  37.090 0.8888890147
36645  2.333  -9.048  37.123 0.8888890147
37622  1.195  -7.929  37.621 0.8888890147
33822  8.846  -12.555  37.717 0.4444440007
35753  4.813  -10.658  36.034 0.8888890147
33848  8.950  -12.283  37.345 0.6666669846
35751  6.714  -10.725  35.143 0.7777780294
34805  8.828  -12.162  36.818 0.7777780294
34828  8.499  -11.833  36.016 0.7777780294
35749  8.158  -11.063  35.394 0.7777780294
35667  10.599  -10.592  40.602 0.2222220004
35687  10.470  -10.956  39.665 0.3333329856
35686  11.221  -10.539  39.248 0.3333329856
37594  12.684  -8.873  38.340 0.4444440007
37595  11.926  -9.278  38.649 0.4444440007
34743  10.544  -11.472  39.168 0.3333329856
38693  1.511  -7.292  38.399 0.7777780294
37596  1.080  -8.186  38.611 0.7777780294
37597  0.560  -8.536  38.938 0.6666669846
34772  10.703  -11.723  38.386 0.3333329856
36643  4.027  -9.195  36.901 0.8888890147
37620  2.773  -8.009  37.018 0.8888890147
37621  1.872  -7.945  37.155 0.7777780294
37617  13.379  -8.743  37.527 0.5555559993
34803  10.094  -11.774  37.230 0.6666669846
36667  5.089  -9.398  35.381 0.8888890147
36668  4.432  -9.289  36.111 0.8888890147
34804  9.145  -11.798  37.031 0.7777780294
35750  7.656  -10.937  35.583 0.7777780294
36692  6.953  -9.452  35.018 0.8888890147
36666  6.008  -9.426  34.988 0.7777780294
34848  9.302  -11.718  35.359 0.7777780294
35769  8.651  -10.894  34.895 0.7777780294
35770  7.898  -10.511  35.067 0.7777780294
36627  12.314  -9.771  38.328 0.4444440007
36628  11.676  -9.950  38.816 0.5555559993
35710  11.501  -11.036  38.516 0.5555559993
35711  10.895  -11.146  39.012 0.4444440007
38712  2.449  -7.171  37.397 0.7777780294
37618  12.707  -9.059  36.910 0.5555559993
36642  12.588  -9.974  37.412 0.5555559993
35709  12.056  -10.495  38.020 0.5555559993
34771  11.453  -11.613  38.009 0.5555559993
37644  4.133  -8.103  36.362 0.8888890147
38711  3.349  -7.185  37.307 0.7777780294
95259  13.758  -8.106  37.181 0.5555559993
36665  13.285  -10.054  36.385 0.5555559993
35747  12.344  -10.602  36.446 0.5555559993
35748  11.704  -11.159  36.685 0.5555559993
34802  11.131  -11.646  37.213 0.5555559993
37643  4.994  -8.238  36.015 0.8888890147
37619  3.681  -8.090  37.036 0.8888890147
39932  14.169  -6.859  36.470 0.5555559993
38741  13.781  -8.179  35.938 0.6666669846
37662  13.486  -8.780  35.686 0.6666669846
36708  12.936  -9.649  34.421 0.6666669846
35765  12.803  -10.594  35.528 0.7777780294
35766  11.743  -11.226  35.536 0.7777780294
34826  10.587  -11.894  36.306 0.7777780294
37642  5.485  -8.127  35.099 0.8888890147
95260  13.888  -5.921  36.115 0.6666669846
40979  13.951  -6.035  34.205 0.6666669846
38761  13.867  -7.928  34.871 0.6666669846
37710  13.322  -8.756  33.669 0.6666669846
35782  11.353  -10.766  34.305 0.7777780294
35783  10.183  -10.588  34.118 0.7777780294
35784  9.255  -10.531  34.126 0.7777780294
36690  8.073  -10.082  34.596 0.7777780294
36691  7.693  -9.641  35.024 0.7777780294
37566  16.791  -8.609  39.209 0.5555559993
37567  15.605  -8.425  38.974 0.5555559993
37591  14.635  -8.479  38.438 0.7777780294
38662  14.655  -7.849  38.870 0.6666669846
95240  14.368  -6.745  38.565 0.6666669846
95236  14.175  -6.070  37.596 0.6666669846
39853  14.583  -6.871  39.069 0.7777780294
95252  15.000  -4.052  36.071 0.7777780294
38710  4.207  -7.199  37.037 0.8888890147
38728  5.247  -7.232  35.831 0.8888890147
38729  4.590  -7.340  36.233 0.8888890147
35780  12.845  -10.205  34.988 0.6666669846
36724  12.591  -9.405  33.350 0.7777780294
37666  6.545  -8.178  35.066 0.8888890147
37589  17.737  -8.709  38.597 0.5555559993
38787  13.868  -8.035  33.854 0.6666669846
38788  13.294  -7.755  33.163 0.7777780294
36725  11.595  -9.267  33.073 0.7777780294
36726  10.429  -9.024  32.970 0.7777780294
37664  8.044  -9.083  34.459 0.8888890147
37665  7.483  -8.576  35.000 0.8888890147
37590  16.343  -8.671  38.371 0.5555559993
38684  14.501  -6.767  38.632 0.8888890147
95261  13.921  -4.780  35.003 0.7777780294
40980  13.728  -5.787  33.458 0.8888890147
39956  13.019  -6.592  33.036 0.8888890147
37712  11.216  -8.222  33.000 0.8888890147
37687  9.206  -8.507  33.155 0.8888890147
38762  9.016  -7.368  33.746 0.8888890147
38763  8.591  -7.862  34.033 0.8888890147
37592  14.244  -7.328  37.955 0.8888890147
95245  14.820  -6.151  38.482 0.8888890147
95299  15.019  -4.915  38.114 0.8888890147
42021  14.704  -3.566  34.828 0.8888890147
40927  14.392  -4.317  34.053 0.8888890147
38709  5.140  -7.025  36.882 0.8888890147
38727  6.179  -7.139  35.426 0.8888890147
38744  7.261  -7.593  35.044 0.8888890147
37613  17.407  -8.728  37.426 0.6666669846
38789  12.087  -7.408  33.128 0.8888890147
38725  7.838  -7.047  35.475 0.8888890147
37635  18.476  -8.805  36.375 0.8888890147
37636  17.018  -9.584  36.183 0.8888890147
37614  15.854  -8.757  37.351 0.8888890147
37615  14.346  -8.487  37.329 0.8888890147
40950  13.579  -4.470  33.157 0.8888890147
40981  12.568  -5.413  33.076 0.8888890147
40982  11.335  -5.329  33.037 0.8888890147
38791  9.842  -6.769  33.037 0.7777780294
36664  15.712  -8.827  35.558 0.8888890147
37638  14.216  -8.350  36.232 0.8888890147
37616  14.143  -7.183  37.092 0.8888890147
44205  14.690  -3.025  36.255 0.8888890147
95248  14.952  -5.828  38.235 0.8888890147
38687  6.886  -7.065  37.609 0.7777780294
38688  5.937  -6.998  37.820 0.4444440007
38708  6.030  -7.020  36.634 0.8888890147
38726  7.067  -7.101  35.579 0.7777780294
38707  6.924  -6.970  36.498 0.8888890147
38681  20.508  -7.342  38.394 0.4444440007
38682  20.029  -7.510  38.602 0.5555559993
37612  18.874  -8.462  37.711 0.5555559993
37611  19.749  -8.107  37.073 0.5555559993
39914  9.059  -6.086  34.597 0.7777780294
39901  9.042  -6.085  35.696 0.7777780294
39915  8.427  -6.604  35.109 0.7777780294
37634  19.857  -8.600  36.552 0.7777780294
37658  17.495  -9.691  35.278 0.8888890147
42022  13.530  -3.492  34.001 0.8888890147
42040  12.102  -4.097  33.775 0.8888890147
40952  10.336  -4.950  33.213 0.7777780294
40953  10.032  -5.523  33.589 0.7777780294
38742  8.749  -6.998  34.585 0.7777780294
38739  18.752  -8.950  34.743 0.8888890147
36722  16.584  -9.211  33.488 0.8888890147
37660  14.256  -8.158  35.158 0.8888890147
37639  14.090  -7.282  36.088 0.7777780294
38685  15.195  -5.455  37.938 0.7777780294
95298  14.881  -3.644  38.335 0.7777780294
95276  15.236  -4.931  38.324 0.7777780294
43139  14.236  -2.509  35.562 0.7777780294
43128  13.784  -2.869  35.020 0.7777780294
43129  12.621  -2.646  34.671 0.8888890147
39890  7.534  -6.461  37.355 0.5555559993
39849  21.338  -6.554  39.380 0.2222220004
39869  20.895  -6.887  38.991 0.3333329856
39885  21.294  -6.666  37.899 0.2222220004
39902  8.266  -6.256  36.053 0.4444440007
38723  20.027  -7.789  37.016 0.6666669846
37655  20.251  -8.802  35.639 0.7777780294
37678  20.130  -8.779  34.774 0.8888890147
43120  11.189  -3.233  35.278 0.7777780294
40929  10.625  -4.126  34.378 0.7777780294
40913  10.215  -4.182  35.265 0.6666669846
40914  9.958  -5.041  35.826 0.6666669846
37706  18.498  -8.698  33.454 0.8888890147
37707  17.394  -8.779  33.252 0.8888890147
38784  16.127  -7.061  33.119 0.8888890147
38760  14.329  -7.085  35.066 0.7777780294
95251  14.677  -4.891  36.017 0.7777780294
95315  15.312  -2.529  39.975 0.7777780294
44185  14.404  -2.785  37.501 0.7777780294
44206  14.204  -2.356  36.054 0.7777780294
95322  11.531  -0.236  40.362 0.3333329856
95281  11.026  -1.325  40.059 0.2222220004
43093  10.401  -2.788  39.913 0.1111110002
41930  10.249  -3.827  40.122 0.1111110002
41951  9.629  -4.500  39.502 0.1111110002
40890  8.381  -5.684  38.878 0.2222220004
46264  13.657  -0.112  42.879 0.1111110002
95332  12.971  0.842  42.005 0.3333329856
95280  11.320  -1.510  39.567 0.2222220004
41949  10.644  -2.554  38.873 0.2222220004
41970  10.260  -3.709  37.986 0.2222220004
41971  9.482  -4.354  38.317 0.1111110002
39873  9.057  -6.025  37.718 0.2222220004
39874  8.236  -5.988  38.173 0.2222220004
39875  7.357  -6.263  38.348 0.2222220004
41962  22.533  -5.607  39.165 0.2222220004
39868  21.652  -6.392  38.746 0.2222220004
95278  14.200  -0.575  43.100 0.1111110002
95308  12.361  0.670  41.013 0.3333329856
41929  11.057  -2.043  39.308 0.2222220004
40902  9.112  -5.027  37.381 0.2222220004
39889  8.307  -6.217  37.082 0.3333329856
41961  23.110  -5.468  38.686 0.3333329856
39884  21.807  -6.161  38.153 0.4444440007
95291  16.038  -1.538  42.866 0.1111110002
95286  14.804  -1.304  42.306 0.2222220004
95302  14.219  -0.527  41.403 0.2222220004
45269  13.388  -0.394  39.879 0.3333329856
95316  12.133  -1.355  38.612 0.2222220004
95311  11.231  -2.154  38.091 0.2222220004
41969  10.689  -2.856  37.506 0.2222220004
41989  9.630  -4.200  37.116 0.2222220004
39888  9.090  -5.921  36.684 0.4444440007
40898  22.200  -6.200  37.574 0.4444440007
40899  21.796  -6.677  37.220 0.5555559993
39899  21.245  -6.839  36.783 0.6666669846
43089  17.270  -3.061  39.089 0.5555559993
43058  16.873  -2.401  40.260 0.4444440007
95270  15.996  -2.930  41.266 0.4444440007
95284  15.736  -2.311  41.781 0.4444440007
95305  14.690  -1.276  41.510 0.4444440007
45287  14.192  -1.483  38.521 0.5555559993
45270  13.384  -1.269  38.243 0.4444440007
95314  11.758  -2.165  37.344 0.4444440007
41987  10.804  -3.213  36.662 0.3333329856
42007  10.123  -4.161  36.413 0.5555559993
40910  21.846  -6.673  36.783 0.6666669846
38737  20.750  -8.245  35.245 0.7777780294
41984  16.927  -3.985  36.962 0.7777780294
43102  16.780  -3.117  38.441 0.6666669846
95269  16.139  -3.099  39.871 0.6666669846
95273  15.789  -3.006  40.517 0.5555559993
95310  15.437  -2.629  41.023 0.6666669846
44187  12.400  -2.299  35.926 0.5555559993
42006  10.419  -3.448  35.664 0.4444440007
39898  21.981  -6.827  36.213 0.7777780294
39911  21.643  -7.431  35.573 0.7777780294
38755  20.643  -8.542  33.991 0.8888890147
38781  19.274  -8.190  33.194 0.8888890147
39950  17.811  -6.685  33.114 0.8888890147
40946  15.928  -5.242  33.872 0.7777780294
40912  15.645  -3.828  35.724 0.7777780294
41968  15.814  -3.181  38.177 0.7777780294
95296  15.520  -3.035  39.224 0.6666669846
45288  13.889  -1.629  37.571 0.7777780294
44186  13.038  -2.215  37.029 0.5555559993
39928  21.149  -7.546  34.263 0.8888890147
39948  20.288  -7.433  33.224 0.8888890147
39949  18.932  -7.008  33.164 0.8888890147
41944  23.158  -5.646  39.473 0.1111110002
41943  23.525  -5.242  39.253 0.3333329856
40885  22.894  -5.518  38.146 0.4444440007
40897  22.786  -5.589  37.625 0.5555559993
40909  22.279  -6.523  36.784 0.4444440007
40908  22.938  -5.937  36.822 0.5555559993
39897  22.769  -6.667  36.003 0.5555559993
41965  17.538  -3.259  37.420 0.7777780294
39910  22.254  -6.626  35.230 0.7777780294
39927  21.805  -6.723  34.376 0.8888890147
40945  17.146  -4.968  34.218 0.7777780294
42038  17.439  -4.462  34.344 0.7777780294
39926  22.808  -6.573  34.193 0.8888890147
39947  21.396  -6.770  33.344 0.8888890147
40973  19.541  -6.011  33.188 0.8888890147
42054  18.850  -4.856  33.166 0.8888890147
42037  18.053  -4.554  34.081 0.7777780294
43084  23.734  -4.582  39.676 0.2222220004
43097  23.663  -3.818  38.875 0.4444440007
41960  23.585  -4.714  38.506 0.4444440007
41982  23.308  -5.279  37.907 0.4444440007
43087  18.687  -2.339  38.785 0.3333329856
41981  23.664  -4.701  37.357 0.4444440007
43099  19.054  -3.138  37.907 0.5555559993
41999  23.266  -5.296  37.115 0.5555559993
43111  18.315  -3.329  37.240 0.6666669846
43127  18.771  -3.442  35.477 0.5555559993
40907  23.675  -5.930  35.805 0.6666669846
39896  22.990  -5.694  35.772 0.6666669846
42018  18.429  -4.043  35.195 0.6666669846
42036  19.163  -4.056  34.106 0.6666669846
39908  23.678  -6.112  34.840 0.6666669846
39909  23.032  -6.692  34.798 0.6666669846
40971  21.924  -5.989  32.601 0.8888890147
40972  20.688  -6.083  32.603 0.8888890147
42053  19.879  -4.898  33.044 0.7777780294
43138  19.831  -3.729  34.218 1.0000000000
40970  22.979  -5.898  33.398 0.8888890147
42051  22.154  -5.017  33.099 1.0000000000
42052  20.942  -4.725  33.008 1.0000000000
46346  18.539  -1.261  39.868 0.2222220004
44151  23.679  -2.830  38.562 0.2222220004
45248  19.339  -1.920  38.752 0.3333329856
45230  19.406  -2.023  39.519 0.3333329856
45266  19.218  -1.987  37.962 0.4444440007
43108  23.697  -3.794  37.831 0.3333329856
45212  19.270  -2.187  39.932 0.3333329856
44154  19.248  -2.436  38.236 0.3333329856
44165  19.385  -2.933  37.344 0.4444440007
43109  19.266  -3.070  36.969 0.5555559993
43116  19.078  -3.130  36.166 0.6666669846
41998  23.562  -4.981  36.003 0.5555559993
43126  19.257  -3.369  34.920 0.6666669846
43125  19.802  -3.220  34.345 0.8888890147
43148  20.097  -3.657  32.315 1.0000000000
40922  23.852  -5.614  35.113 0.7777780294
40943  23.350  -6.264  33.981 0.8888890147
42034  20.304  -4.205  33.218 1.0000000000
43136  20.409  -4.056  32.897 1.0000000000
44243  19.990  -3.615  31.950 1.0000000000
42016  24.396  -5.193  34.665 1.0000000000
40969  23.580  -5.463  33.554 1.0000000000
42071  21.094  -4.325  32.450 1.0000000000
47454  16.660  0.279  40.757 0.1111110002
47431  17.102  0.224  41.428 0.2222220004
47453  17.445  -0.215  40.962 0.2222220004
46371  17.870  -0.590  39.461 0.2222220004
46347  18.069  -0.669  40.408 0.2222220004
45249  18.712  -1.665  38.438 0.3333329856
45267  18.295  -2.114  37.371 0.4444440007
44166  19.059  -2.648  37.445 0.4444440007
44183  18.981  -2.858  36.598 0.6666669846
44203  18.941  -2.861  35.313 0.6666669846
44167  18.588  -2.662  36.956 0.4444440007
45246  23.825  -1.952  38.173 0.3333329856
44202  19.500  -2.982  34.694 0.6666669846
44223  19.845  -2.607  34.088 0.8888890147
44164  23.682  -2.973  37.072 0.5555559993
43114  24.411  -4.155  36.758 0.6666669846
43137  20.088  -3.580  33.428 0.8888890147
44242  19.593  -3.012  32.127 1.0000000000
43124  24.516  -4.366  35.314 1.0000000000
43157  21.146  -3.871  32.093 1.0000000000
44255  20.581  -3.431  31.557 1.0000000000
42033  24.124  -5.149  33.570 1.0000000000
43146  23.596  -4.310  33.063 1.0000000000
42050  23.104  -4.882  33.215 1.0000000000
43156  21.998  -3.994  32.199 1.0000000000
44254  21.629  -3.474  31.538 1.0000000000
47468  17.316  0.003  40.063 0.2222220004
46388  17.957  -1.532  38.601 0.3333329856
44204  18.240  -2.288  35.337 0.6666669846
44224  18.687  -2.392  34.488 0.6666669846
45314  19.422  -1.788  33.770 0.6666669846
45313  20.116  -2.036  33.047 1.0000000000
45265  23.910  -2.307  36.786 0.7777780294
45284  24.442  -3.160  36.455 0.8888890147
45336  20.382  -1.923  31.913 1.0000000000
44181  24.587  -3.595  35.959 1.0000000000
44241  21.077  -2.667  31.421 1.0000000000
44201  24.564  -3.681  34.476 1.0000000000
43135  24.518  -4.414  33.899 1.0000000000
44239  22.950  -3.652  32.249 1.0000000000
44253  22.347  -3.616  31.935 1.0000000000
44240  22.295  -2.947  31.423 1.0000000000
47469  16.336  0.592  39.740 0.1111110002
47483  16.986  0.196  38.908 0.2222220004
46405  17.172  -0.424  37.146 0.1111110002
46389  17.287  -0.975  38.404 0.2222220004
46419  17.180  -0.178  36.443 0.2222220004
45268  17.305  -1.469  37.304 0.4444440007
45286  17.174  -0.865  36.380 0.4444440007
45285  17.788  -1.694  36.170 0.6666669846
45302  17.254  -1.007  35.366 0.5555559993
44184  18.384  -2.525  36.310 0.6666669846
45301  17.846  -1.656  35.011 0.5555559993
45316  17.347  -1.140  34.275 0.5555559993
44225  18.226  -2.050  34.738 0.6666669846
45315  18.277  -1.694  34.093 0.6666669846
45264  24.544  -1.927  37.076 0.3333329856
45337  19.109  -2.051  32.555 0.7777780294
45367  19.298  -1.698  31.445 1.0000000000
45300  24.692  -3.361  35.244 0.7777780294
45311  23.860  -3.077  33.509 1.0000000000
44221  23.745  -3.567  33.044 1.0000000000
45366  20.374  -1.521  30.929 1.0000000000
44222  22.900  -3.068  32.170 1.0000000000
45334  22.437  -2.235  32.001 1.0000000000
45335  21.623  -1.726  30.794 1.0000000000
45365  20.953  -1.152  30.789 1.0000000000
46464  22.589  -0.998  31.488 1.0000000000
46429  17.190  -0.107  35.742 0.3333329856
45339  17.841  -1.078  33.431 0.5555559993
45338  19.145  -0.923  33.382 0.7777780294
46403  24.948  -2.253  36.883 0.5555559993
45368  18.890  -1.178  32.237 1.0000000000
46521  18.699  -0.705  31.787 0.8888890147
46519  19.992  -0.774  31.182 0.8888890147
46404  24.660  -2.261  36.806 0.5555559993
46417  24.900  -2.655  36.706 0.5555559993
45283  24.762  -2.917  36.286 0.6666669846
45299  24.660  -3.307  34.426 0.8888890147
45312  23.298  -2.949  32.290 1.0000000000
46445  22.891  -2.118  32.027 1.0000000000
46448  17.167  -0.154  34.667 0.4444440007
47540  17.068  0.746  33.971 0.4444440007
46469  17.250  -0.289  33.590 0.4444440007
47560  17.595  0.553  33.153 0.4444440007
47559  18.557  0.444  32.730 0.6666669846
46467  19.570  -0.074  32.380 0.8888890147
45282  25.184  -2.795  36.632 0.5555559993
46492  20.786  -0.129  31.113 1.0000000000
45298  26.675  -2.858  36.314 0.2222220004
44178  26.319  -2.973  36.526 0.3333329856
44180  25.293  -3.019  35.936 0.5555559993
44200  25.104  -3.038  34.953 0.6666669846
44198  26.563  -2.887  35.729 0.3333329856
44199  25.747  -2.832  35.262 0.3333329856
46465  21.365  -0.125  31.750 1.0000000000
44216  27.938  -3.476  34.816 0.3333329856
45310  24.042  -2.876  32.941 1.0000000000
46444  23.281  -2.772  32.117 1.0000000000
47556  22.071  -0.122  32.225 0.8888890147
44217  27.091  -2.871  34.800 0.3333329856
44218  26.230  -2.896  34.475 0.3333329856
44219  25.452  -3.001  34.070 0.8888890147
44220  24.726  -2.917  33.622 0.8888890147
46462  23.518  -2.790  32.019 1.0000000000
46463  23.137  -1.582  32.014 1.0000000000
44238  24.318  -3.002  32.357 1.0000000000
45332  23.604  -2.627  31.621 1.0000000000
47555  22.469  -0.222  32.750 0.8888890147
44235  26.631  -2.843  33.758 0.7777780294
44236  25.847  -2.872  33.208 1.0000000000
44251  24.641  -2.932  31.832 1.0000000000
44252  24.144  -2.787  31.633 1.0000000000
45363  23.572  -1.801  31.309 1.0000000000
46490  23.342  -1.006  31.715 1.0000000000
45330  26.830  -2.787  33.037 0.8888890147
45331  26.319  -2.879  33.015 0.8888890147
44250  25.304  -2.982  32.219 1.0000000000
45362  24.164  -2.292  31.168 1.0000000000
46489  23.881  -1.049  31.337 1.0000000000
48542  17.421  1.415  33.304 0.4444440007
48561  18.337  1.217  33.072 0.5555559993
47558  19.218  0.648  32.694 0.7777780294
47557  19.905  0.863  33.125 0.7777780294
46447  20.494  0.038  33.047 0.8888890147
44215  28.787  -2.746  34.920 0.2222220004
44196  28.425  -3.251  35.838 0.2222220004
44197  27.490  -3.330  35.817 0.2222220004
45297  27.014  -2.809  36.238 0.2222220004
47538  21.483  0.677  33.095 0.8888890147
45309  29.402  -2.598  34.670 0.2222220004
45328  28.944  -2.492  33.806 0.3333329856
44233  28.151  -2.777  34.187 0.3333329856
44234  27.396  -2.766  34.013 0.3333329856
47578  23.323  -0.104  31.505 1.0000000000
47554  23.063  0.440  32.587 0.8888890147
45329  27.687  -2.628  33.287 0.6666669846
45360  25.944  -2.957  32.117 1.0000000000
45361  25.011  -2.646  31.408 1.0000000000
45359  26.866  -2.779  32.192 1.0000000000
46515  25.202  -2.340  31.217 1.0000000000
46488  24.749  -1.252  31.209 1.0000000000
48539  20.337  1.880  33.655 0.5555559993
47539  20.504  1.023  33.109 0.7777780294
47537  22.216  1.251  33.093 0.7777780294
48574  23.451  0.732  31.795 0.8888890147
47576  24.738  0.596  31.224 1.0000000000
47577  23.905  0.124  31.120 1.0000000000
45358  27.951  -2.530  32.488 0.6666669846
45390  25.392  -3.001  31.130 1.0000000000
45389  26.019  -3.328  31.128 1.0000000000
46514  25.533  -1.949  31.101 1.0000000000
48517  20.547  2.050  34.849 0.5555559993
45308  30.220  -2.596  34.766 0.1111110002
48538  21.405  1.856  33.835 0.6666669846
45327  30.013  -1.691  33.572 0.2222220004
47536  22.715  1.661  33.188 0.7777780294
48558  23.417  1.519  32.389 0.7777780294
48573  24.118  1.007  32.059 0.7777780294
45357  29.201  -2.343  32.645 0.2222220004
46487  25.423  -0.289  31.150 1.0000000000
45387  28.317  -2.808  31.754 0.5555559993
45388  26.768  -3.069  31.373 0.8888890147
48516  21.590  1.933  35.034 0.4444440007
48537  22.295  1.854  34.022 0.5555559993
48514  23.160  2.190  34.893 0.3333329856
45307  31.118  -1.650  34.324 0.1111110002
48536  23.314  2.022  33.787 0.3333329856
48572  24.790  1.679  32.159 0.4444440007
48557  24.124  1.900  32.821 0.3333329856
46513  26.058  -0.904  30.946 1.0000000000
44265  27.644  -3.243  31.098 0.8888890147
45326  31.156  -1.514  33.150 0.1111110002
49454  24.535  2.570  34.475 0.2222220004
48535  24.349  1.942  33.869 0.3333329856
48534  25.165  2.017  34.123 0.3333329856
48556  24.915  1.881  33.219 0.3333329856
45356  30.222  -1.641  32.411 0.3333329856
45386  29.592  -2.669  31.722 0.3333329856
47575  25.524  1.122  32.008 0.5555559993
44264  28.692  -2.865  31.043 0.5555559993
46486  25.868  0.770  31.255 0.6666669846
46542  26.078  -1.126  30.545 0.8888890147
43169  27.071  -3.777  30.180 0.8888890147
44278  25.534  -3.367  30.147 0.8888890147
45419  26.107  -2.142  29.998 1.0000000000
47598  26.105  -0.173  30.797 0.8888890147
48555  25.689  1.929  33.540 0.2222220004
48571  25.401  1.920  32.710 0.4444440007
46512  26.326  0.920  31.073 0.5555559993
47574  26.159  1.707  31.996 0.4444440007
28630  -5.310  -17.941  41.362 0.3333329856
28611  -9.093  -17.343  41.621 0.4444440007
28627  -3.492  -18.261  41.484 0.3333329856
94380  -2.260  -16.994  43.096 0.2222220004
94395  -2.469  -16.086  42.882 0.2222220004
28606  -3.414  -18.442  41.885 0.2222220004
94382  -2.760  -17.637  42.647 0.2222220004
94443  -4.540  -16.953  40.346 0.5555559993
33771  -0.037  -14.205  42.853 0.2222220004
28650  -9.032  -17.830  40.590 0.2222220004
94494  -9.262  -16.706  40.663 0.2222220004
30162  -6.604  -16.896  40.003 0.2222220004
29372  -3.349  -17.711  40.706 0.5555559993
31813  -1.486  -15.082  41.859 0.2222220004
30138  -2.482  -17.273  42.378 0.2222220004
94402  -2.510  -17.473  41.270 0.3333329856
30894  -1.741  -16.055  40.661 0.3333329856
94399  -3.130  -17.338  40.345 0.5555559993
30161  -4.744  -16.285  40.448 0.5555559993
32844  1.790  -13.610  39.801 0.2222220004
94416  -4.619  -14.881  40.341 0.6666669846
32864  0.886  -13.729  39.121 0.3333329856
32863  1.575  -13.631  39.268 0.4444440007
32879  1.880  -13.522  38.747 0.3333329856
30919  -5.893  -15.770  39.617 0.1111110002
94405  -4.340  -15.323  39.952 0.5555559993
31859  -1.665  -15.164  39.505 0.4444440007
32865  0.337  -14.191  38.769 0.3333329856
94455  -5.855  -13.360  40.261 0.6666669846
33807  3.224  -13.500  39.050 0.4444440007
94475  -6.567  -14.509  39.363 0.1111110002
31838  -8.463  -14.027  41.234 0.5555559993
94425  -4.904  -13.215  39.178 0.5555559993
94427  -3.597  -12.044  39.150 0.6666669846
94467  -5.060  -12.721  39.253 0.6666669846
94441  -5.790  -13.063  40.031 0.7777780294
32882  -0.776  -13.291  38.268 0.7777780294
32866  -2.946  -12.353  38.878 0.7777780294
32825  -7.154  -13.655  42.314 0.4444440007
30873  -8.454  -14.230  41.947 0.5555559993
34808  3.263  -11.636  37.140 0.6666669846
34778  1.972  -11.953  37.667 0.7777780294
33834  -2.862  -12.290  38.507 0.7777780294
34750  -2.952  -11.396  39.179 0.8888890147
36615  -0.372  -9.141  39.253 0.7777780294
36631  -0.203  -9.505  38.339 0.7777780294
34832  4.738  -11.655  36.175 0.7777780294
35731  4.089  -10.231  36.425 0.7777780294
34831  5.386  -11.804  36.050 0.7777780294
37575  -0.316  -8.592  39.847 0.6666669846
33868  7.832  -12.638  36.309 0.6666669846
38713  1.681  -7.239  37.569 0.7777780294
37574  0.230  -8.394  39.527 0.6666669846
95253  13.723  -8.426  38.037 0.5555559993
37640  13.424  -8.717  36.515 0.6666669846
34827  9.610  -11.878  36.227 0.6666669846
35771  7.362  -10.298  35.018 0.7777780294
35768  9.702  -10.956  34.981 0.7777780294
34847  10.164  -11.794  35.470 0.7777780294
35730  11.711  -11.151  37.623 0.5555559993
38691  3.208  -7.117  38.313 0.5555559993
35729  12.000  -10.605  37.217 0.5555559993
37641  12.908  -9.128  35.879 0.6666669846
36689  13.215  -9.904  35.377 0.6666669846
34825  11.362  -11.766  36.159 0.7777780294
37709  13.728  -8.489  34.326 0.6666669846
37663  13.492  -9.278  35.152 0.6666669846
35781  12.471  -10.649  34.607 0.7777780294
35767  10.693  -11.133  35.058 0.7777780294
39955  13.797  -7.002  33.933 0.6666669846
36709  11.938  -9.940  33.870 0.7777780294
36710  10.810  -9.938  33.515 0.7777780294
36712  8.605  -9.902  34.071 0.7777780294
37538  15.397  -8.141  39.226 0.6666669846
38663  14.447  -7.706  38.894 0.7777780294
38642  14.266  -7.448  38.908 0.6666669846
40949  13.913  -5.079  34.162 0.6666669846
39872  15.228  -6.980  38.685 0.8888890147
38689  5.016  -6.990  38.024 0.7777780294
38690  4.102  -6.982  38.165 0.5555559993
37711  12.428  -8.519  33.015 0.8888890147
36711  9.458  -9.665  33.269 0.7777780294
36727  9.713  -8.809  33.044 0.8888890147
37688  8.788  -8.589  33.981 0.7777780294
38743  8.091  -7.667  34.441 0.8888890147
38790  10.842  -7.101  33.067 0.8888890147
37713  9.978  -7.964  33.024 0.8888890147
95300  14.857  -4.228  36.921 0.8888890147
95301  14.878  -3.150  35.754 0.8888890147
38745  6.699  -7.362  35.115 0.8888890147
39957  11.698  -6.293  33.087 0.8888890147
37637  15.448  -8.874  36.258 0.8888890147
42039  12.623  -4.104  33.759 0.8888890147
40951  11.806  -4.270  33.329 0.8888890147
39958  10.397  -6.016  33.068 0.7777780294
39933  10.070  -5.632  33.324 0.7777780294
39934  9.663  -6.071  33.490 0.7777780294
36687  16.828  -9.694  34.975 0.8888890147
36688  16.022  -8.860  34.963 0.8888890147
37659  15.000  -8.789  35.368 0.8888890147
38705  14.351  -5.834  37.015 0.8888890147
95277  14.452  -2.854  35.501 0.8888890147
43140  14.065  -2.615  35.360 0.7777780294
38706  7.860  -7.041  36.463 0.5555559993
38703  19.765  -7.737  38.013 0.4444440007
37656  19.348  -8.761  35.417 0.8888890147
36686  17.628  -9.706  34.762 0.8888890147
42023  11.935  -3.680  34.123 0.7777780294
40928  11.440  -4.062  33.934 0.8888890147
42024  11.166  -3.595  34.925 0.7777780294
40930  9.888  -5.281  34.163 0.7777780294
37679  19.403  -8.926  34.480 0.7777780294
37681  17.894  -8.930  33.977 0.8888890147
37708  16.127  -8.376  33.209 0.8888890147
36723  16.104  -8.899  33.735 0.8888890147
37682  15.273  -8.622  34.186 0.8888890147
37683  14.482  -7.694  34.411 0.8888890147
38758  15.167  -7.481  33.564 0.8888890147
38724  14.742  -6.594  35.442 0.7777780294
37661  14.182  -7.275  35.160 0.7777780294
95258  15.545  -4.433  37.118 0.7777780294
44226  13.956  -2.403  35.525 0.7777780294
44207  13.303  -2.294  35.526 0.6666669846
38702  20.621  -7.419  37.447 0.6666669846
38722  20.739  -7.902  36.438 0.6666669846
37705  19.374  -8.819  33.674 0.8888890147
43130  11.689  -3.167  34.912 0.6666669846
43119  11.655  -2.730  35.536 0.6666669846
38782  18.184  -7.885  33.158 0.8888890147
38783  17.084  -7.565  33.141 0.8888890147
39952  16.161  -6.050  33.157 0.7777780294
39951  16.869  -6.393  33.152 0.7777780294
39912  15.104  -4.460  35.171 0.7777780294
40948  15.083  -6.090  34.674 0.7777780294
38759  14.568  -7.108  34.277 0.7777780294
39913  14.520  -5.838  35.119 0.7777780294
40901  15.275  -3.305  36.625 0.7777780294
39900  14.901  -4.171  35.321 0.7777780294
95275  15.335  -3.071  37.997 0.7777780294
95297  15.204  -3.098  38.855 0.7777780294
95324  11.633  1.193  41.110 0.2222220004
48407  11.065  -0.015  41.155 0.2222220004
43076  10.836  -1.806  39.595 0.2222220004
95323  10.629  -0.995  40.585 0.1111110002
95282  11.028  -1.539  39.717 0.2222220004
41950  10.295  -3.806  39.132 0.1111110002
43092  10.547  -2.173  39.694 0.1111110002
40889  8.965  -5.333  38.721 0.1111110002
46248  13.670  -0.169  44.089 0.1111110002
95294  11.320  -1.982  38.951 0.2222220004
40886  22.188  -5.586  38.397 0.3333329856
95288  14.365  -0.718  42.262 0.2222220004
95264  14.421  -0.748  43.174 0.1111110002
95289  15.992  -1.857  42.540 0.3333329856
95285  15.516  -1.661  42.454 0.3333329856
45148  16.520  -1.876  42.400 0.3333329856
95325  11.209  -2.475  37.428 0.3333329856
41988  10.323  -3.661  36.898 0.3333329856
44134  17.434  -2.253  39.987 0.4444440007
43101  17.434  -3.038  38.279 0.4444440007
41966  16.793  -3.158  37.565 0.5555559993
43090  16.716  -3.029  39.136 0.7777780294
43057  16.785  -2.232  40.620 0.4444440007
95290  16.380  -2.962  39.632 0.6666669846
44081  16.504  -2.280  41.325 0.4444440007
43039  16.211  -2.991  40.318 0.5555559993
95274  15.430  -2.376  41.383 0.5555559993
95293  15.277  -2.157  41.461 0.2222220004
43118  11.739  -2.398  36.447 0.4444440007
42005  11.246  -2.948  36.304 0.4444440007
40924  16.358  -4.511  35.166 0.7777780294
42001  17.121  -4.029  36.038 0.7777780294
40911  16.039  -4.132  35.651 0.7777780294
43103  16.285  -3.019  38.607 0.7777780294
41967  16.215  -3.256  37.840 0.7777780294
43091  16.328  -2.993  39.133 0.7777780294
95295  15.643  -3.035  38.734 0.7777780294
95292  15.738  -3.005  40.263 0.6666669846
38780  20.037  -8.615  33.367 0.8888890147
40975  17.407  -5.598  33.142 0.8888890147
40974  18.367  -5.704  33.117 0.7777780294
39929  15.599  -6.397  33.504 0.7777780294
40923  17.044  -4.791  35.036 0.7777780294
40976  16.638  -5.491  33.248 0.7777780294
40925  15.436  -4.865  35.084 0.7777780294
41986  15.899  -3.083  37.115 0.7777780294
42003  15.884  -3.631  36.450 0.7777780294
40900  15.544  -3.305  36.814 0.7777780294
43100  18.223  -3.148  38.168 0.4444440007
41983  17.778  -4.037  36.763 0.7777780294
40944  17.823  -5.108  33.515 0.7777780294
42019  17.291  -4.251  34.990 0.7777780294
42000  17.797  -4.015  35.876 0.6666669846
39946  22.244  -6.490  33.466 0.8888890147
42055  18.231  -4.943  33.297 0.8888890147
44143  19.182  -2.094  38.985 0.3333329856
43088  18.037  -3.064  39.054 0.4444440007
44153  19.362  -2.910  37.705 0.4444440007
43110  18.913  -3.152  37.000 0.5555559993
43117  18.359  -3.428  36.211 0.5555559993
42017  19.041  -3.824  35.052 0.6666669846
40942  23.742  -5.790  34.193 0.8888890147
42035  20.063  -4.202  33.570 1.0000000000
45231  19.057  -1.633  39.330 0.3333329856
43115  19.239  -2.984  36.725 0.4444440007
42069  22.394  -4.564  32.604 1.0000000000
42070  21.634  -4.476  32.505 1.0000000000
48423  16.070  1.091  40.597 0.1111110002
46370  18.400  -1.181  39.001 0.2222220004
45250  17.740  -1.743  38.112 0.4444440007
43155  22.829  -4.237  32.381 1.0000000000
47496  17.238  0.377  37.727 0.1111110002
46468  18.272  -0.264  33.091 0.4444440007
46495  19.201  -0.358  32.516 0.6666669846
44179  25.791  -2.964  36.366 0.3333329856
46443  23.674  -3.007  32.596 1.0000000000
44237  25.023  -2.875  32.890 1.0000000000
45333  23.351  -1.801  31.615 1.0000000000
48559  19.780  1.668  33.155 0.7777780294
49455  23.956  2.367  34.245 0.2222220004
44277  26.576  -3.729  30.782 0.8888890147
43182  26.934  -3.778  29.866 0.8888890147
47553  26.008  2.007  32.824 0.4444440007
30871  -8.162  -14.475  42.312 0.4444440007
30872  -8.327  -14.319  42.200 0.4444440007
94450  -6.504  -12.357  42.023 0.5555559993
31793  -8.157  -13.811  42.449 0.2222220004
32803  -8.474  -12.888  43.109 0.2222220004
32802  -7.600  -12.918  42.629 0.2222220004
94440  -7.182  -12.954  42.208 0.3333329856
94462  -4.447  -11.678  39.294 0.6666669846
94468  -4.901  -12.169  39.786 0.6666669846
94447  -4.114  -11.278  39.527 0.6666669846
35651  -4.941  -12.074  40.447 0.6666669846
34706  -3.763  -11.157  40.615 0.6666669846
35650  -4.154  -10.716  41.156 0.6666669846
34726  -2.984  -11.041  40.316 0.7777780294
94439  -6.765  -11.715  43.490 0.2222220004
35623  -5.976  -10.955  42.959 0.3333329856
35633  -5.363  -10.315  41.802 0.6666669846
34749  -2.114  -11.124  39.992 0.7777780294
34705  -3.185  -10.975  41.166 0.6666669846
35649  -3.530  -10.131  41.307 0.5555559993
34704  -2.899  -10.487  41.201 0.4444440007
35670  -1.813  -10.154  40.638 0.4444440007
34725  -2.351  -10.979  41.179 0.5555559993
36616  -1.048  -9.427  39.390 0.5555559993
35648  -2.731  -9.574  41.294 0.3333329856
37550  -1.522  -8.282  40.410 0.3333329856
36593  -0.699  -9.028  39.869 0.4444440007
36594  -1.322  -9.193  40.128 0.4444440007
38623  -1.643  -7.352  40.958 0.2222220004
37525  -1.780  -7.898  40.755 0.2222220004
36561  -2.226  -8.275  41.993 0.1111110002
38652  -1.358  -7.528  40.447 0.2222220004
37549  -0.855  -8.246  40.150 0.3333329856
38672  0.671  -7.465  40.013 0.4444440007
37573  0.822  -7.993  39.356 0.5555559993
38621  0.006  -7.217  41.442 0.1111110002
38651  -0.533  -7.369  40.562 0.2222220004
37548  0.002  -7.988  40.288 0.2222220004
38671  1.459  -7.282  39.546 0.4444440007
38640  16.272  -8.286  40.379 0.2222220004
38670  2.328  -7.061  39.332 0.2222220004
37536  17.057  -8.501  39.999 0.3333329856
37537  15.970  -8.563  39.635 0.2222220004
95334  11.931  1.731  43.318 0.1111110002
95327  11.428  1.930  42.206 0.1111110002
95326  12.164  1.809  42.046 0.1111110002
95306  12.266  1.493  41.435 0.1111110002
38669  3.204  -6.539  39.563 0.2222220004
38668  3.973  -6.962  39.175 0.3333329856
37544  4.149  -6.629  40.574 0.2222220004
37572  3.756  -6.665  40.211 0.2222220004
37570  4.448  -7.146  39.714 0.3333329856
38667  4.872  -7.148  39.356 0.3333329856
38666  5.833  -6.980  38.993 0.3333329856
47411  17.305  0.068  42.494 0.1111110002
46283  16.954  -0.448  43.330 0.1111110002
46302  17.175  -0.980  42.014 0.2222220004
47430  17.311  -0.241  41.698 0.2222220004
46325  17.859  -0.970  41.161 0.2222220004
45192  18.337  -1.719  40.840 0.2222220004
44116  18.511  -2.087  40.440 0.2222220004
46324  18.443  -1.341  40.537 0.2222220004
44132  18.893  -2.320  40.024 0.2222220004
45213  19.060  -1.857  40.235 0.2222220004
45171  17.142  -1.981  41.813 0.3333329856
45193  17.536  -1.630  41.278 0.2222220004
44098  17.073  -2.153  41.165 0.3333329856
44133  18.087  -2.121  40.024 0.2222220004
43074  17.610  -2.410  39.481 0.2222220004
95660  25.263  -1.467  29.402 0.7777780294
47523  17.066  0.818  35.106 0.3333329856
95676  25.674  -0.992  28.867 0.7777780294
46588  25.160  -1.082  28.127 0.7777780294
48520  17.267  1.689  34.327 0.3333329856
48560  19.036  1.517  33.109 0.4444440007
47637  26.754  0.555  29.075 0.7777780294
46563  26.113  -0.381  29.662 0.6666669846
47616  26.123  0.357  30.293 0.6666669846
47668  27.137  0.965  25.968 0.6666669846
47650  27.046  0.994  27.423 0.6666669846
46577  26.462  0.893  28.571 0.7777780294
46578  25.880  -0.123  28.921 0.7777780294
47688  27.286  0.959  24.831 0.7777780294
47651  25.183  0.642  27.395 0.7777780294
48684  28.013  1.184  24.581 0.7777780294
48519  18.195  2.016  34.637 0.3333329856
48518  19.372  1.954  34.778 0.4444440007
48623  29.815  1.920  28.009 0.3333329856
48624  28.662  1.864  28.458 0.4444440007
48625  28.020  1.740  29.094 0.4444440007
48649  28.967  1.972  26.232 0.4444440007
48635  28.647  1.885  27.372 0.5555559993
47635  28.106  1.317  27.855 0.5555559993
47636  27.606  1.082  28.555 0.6666669846
48650  28.031  1.401  26.621 0.6666669846
48683  28.244  1.420  23.509 0.7777780294
48703  29.234  1.933  23.149 0.7777780294
49550  29.000  2.463  24.197 0.7777780294
48600  30.453  1.923  29.720 0.1111110002
47597  26.724  0.946  30.869 0.4444440007
48612  29.687  2.021  29.047 0.3333329856
48613  28.761  2.030  29.437 0.2222220004
48614  27.840  1.951  29.792 0.3333329856
50449  32.825  3.998  28.500 0.1111110002
50450  32.102  3.676  28.423 0.1111110002
50451  31.440  3.317  28.419 0.3333329856
49524  30.678  2.723  27.769 0.5555559993
47626  27.203  1.418  29.324 0.5555559993
47627  26.463  0.803  29.629 0.5555559993
51431  32.711  4.196  28.220 0.1111110002
50459  31.106  3.468  27.755 0.2222220004
50460  30.456  3.242  27.547 0.4444440007
48648  29.456  2.328  26.768 0.5555559993
48634  30.023  1.956  27.010 0.4444440007
50458  31.996  3.685  27.022 0.1111110002
51448  30.760  4.379  26.657 0.3333329856
50484  29.222  3.523  26.091 0.6666669846
49533  29.159  2.822  26.473 0.6666669846
50520  29.098  3.338  24.008 0.7777780294
50498  29.109  3.432  24.949 0.7777780294
49542  29.086  2.654  25.473 0.7777780294
48601  29.532  2.018  30.005 0.2222220004
48602  28.634  1.912  30.334 0.2222220004
48603  27.661  1.942  30.600 0.3333329856
48515  22.542  2.121  35.217 0.2222220004
48585  29.347  2.018  30.893 0.1111110002
47573  26.856  1.915  31.727 0.2222220004
48586  28.488  1.993  31.117 0.2222220004
48587  27.650  1.973  31.353 0.2222220004
47551  27.481  1.919  32.740 0.2222220004
47552  26.891  1.869  33.090 0.3333329856
48570  27.906  1.991  32.181 0.2222220004
38692  2.351  -7.052  38.364 0.6666669846
38641  15.202  -7.851  39.495 0.4444440007
37565  17.848  -8.553  39.509 0.4444440007
44117  17.583  -2.070  40.575 0.2222220004
48541  18.098  1.908  33.595 0.4444440007
46485  26.234  1.496  31.384 0.4444440007
34727  -3.794  -11.134  39.725 0.6666669846
95330  11.625  1.805  41.619 0.1111110002
94460  -4.625  -11.397  39.739 0.6666669846
36577  -1.781  -8.820  41.038 0.4444440007
37571  4.029  -7.010  39.977 0.2222220004
45444  26.009  -1.103  29.260 0.7777780294
47652  24.941  -0.145  27.240 0.7777780294
48540  19.095  2.013  33.756 0.4444440007
48636  28.024  1.318  27.222 0.5555559993
46587  25.519  0.723  28.358 0.6666669846
48667  28.035  1.382  25.519 0.7777780294
47708  27.843  0.303  24.060 0.7777780294
47615  27.031  1.258  30.118 0.5555559993
48666  28.448  1.943  24.910 0.7777780294
48611  30.636  1.967  28.694 0.2222220004
49519  31.242  2.631  28.429 0.5555559993
48633  30.373  2.309  27.549 0.5555559993
49525  30.206  2.782  27.339 0.5555559993
48622  30.691  1.997  27.767 0.5555559993
50469  30.213  3.678  26.823 0.2222220004
50468  31.218  4.021  26.934 0.2222220004
50470  29.478  3.295  26.688 0.5555559993
49532  29.786  2.762  26.873 0.5555559993
50483  29.859  3.947  25.506 0.5555559993
49565  29.115  2.858  23.388 0.7777780294
49564  30.023  2.614  22.935 0.7777780294
94445  -7.430  -17.641  40.477 0.1111110002
94473  -8.574  -17.075  40.544 0.1111110002
29393  -5.622  -17.415  39.499 0.1111110002
31861  -8.477  -13.937  40.470 0.2222220004
32868  -8.435  -13.555  39.974 0.1111110002
31794  -8.472  -13.680  42.332 0.2222220004
31815  -8.666  -13.696  41.939 0.3333329856
94401  -3.006  -15.046  44.660 0.1111110002
94410  -2.609  -14.477  44.591 0.1111110002
33727  -0.198  -12.980  43.605 0.1111110002
33747  -1.721  -13.967  44.649 0.1111110002
94411  -2.501  -13.928  44.681 0.1111110002
33746  -0.721  -13.851  43.630 0.1111110002
33745  0.218  -13.335  42.976 0.1111110002
34665  -4.529  -10.096  42.853 0.4444440007
34680  -4.676  -10.032  42.144 0.6666669846
34662  0.590  -12.652  43.382 0.1111110002
35621  -4.080  -10.022  43.018 0.2222220004
33770  0.743  -13.858  42.150 0.1111110002
33726  1.776  -12.658  43.482 0.1111110002
34647  1.229  -12.541  43.658 0.1111110002
34660  2.071  -12.788  42.952 0.1111110002
34661  1.412  -12.609  43.006 0.1111110002
34679  1.068  -12.977  42.457 0.1111110002
35605  -4.711  -8.845  43.190 0.1111110002
34677  2.707  -12.633  42.463 0.1111110002
34678  1.871  -12.663  42.265 0.1111110002
34702  1.586  -13.134  41.740 0.1111110002
34701  2.493  -13.440  41.508 0.1111110002
33768  1.769  -13.461  41.164 0.1111110002
34699  4.254  -12.762  42.024 0.1111110002
34676  3.531  -12.747  42.514 0.1111110002
34722  4.030  -12.557  40.738 0.1111110002
34700  3.383  -12.819  41.675 0.1111110002
34724  2.754  -13.691  40.737 0.1111110002
33789  2.098  -13.589  40.448 0.1111110002
33787  3.519  -13.065  39.835 0.1111110002
33788  2.913  -13.598  40.075 0.1111110002
33806  4.057  -12.684  39.375 0.1111110002
33767  4.932  -12.599  42.369 0.1111110002
35668  9.722  -10.959  40.432 0.2222220004
33766  5.483  -12.584  41.993 0.1111110002
34721  4.851  -12.595  41.368 0.1111110002
95238  13.829  -6.948  39.629 0.2222220004
33786  5.555  -12.548  40.952 0.1111110002
34747  4.860  -12.546  40.561 0.1111110002
33805  5.293  -12.661  39.642 0.1111110002
34748  4.560  -12.597  40.093 0.1111110002
95249  13.452  -8.405  38.534 0.4444440007
33827  4.601  -12.786  38.114 0.2222220004
95246  13.803  -7.722  38.635 0.4444440007
35647  9.294  -10.694  41.090 0.2222220004
34674  8.070  -11.563  42.058 0.1111110002
35669  9.145  -11.060  40.742 0.2222220004
34696  8.655  -10.988  41.205 0.2222220004
33764  7.347  -12.368  41.265 0.1111110002
34719  9.054  -11.707  40.270 0.2222220004
34697  7.976  -11.704  40.710 0.1111110002
33765  6.424  -12.554  41.654 0.1111110002
95237  14.036  -6.638  42.047 0.1111110002
35688  9.886  -11.227  39.849 0.2222220004
34718  9.665  -11.479  40.035 0.2222220004
33784  7.349  -12.473  40.118 0.1111110002
34744  9.871  -11.734  39.370 0.2222220004
34720  8.028  -12.057  39.666 0.1111110002
33785  6.424  -12.633  40.502 0.1111110002
33804  6.518  -12.709  39.326 0.1111110002
95241  13.205  -6.849  39.890 0.3333329856
33826  5.772  -12.783  38.153 0.2222220004
39750  14.743  -7.495  43.137 0.1111110002
38564  15.577  -7.411  43.729 0.1111110002
39779  14.859  -7.481  41.953 0.1111110002
34745  8.670  -12.168  38.912 0.2222220004
33803  7.490  -12.663  39.106 0.1111110002
38591  14.279  -7.019  39.815 0.3333329856
33824  7.462  -12.730  38.099 0.3333329856
33825  6.760  -12.757  38.396 0.2222220004
33851  6.580  -12.797  37.303 0.5555559993
33852  5.586  -12.879  36.971 0.6666669846
34776  4.577  -12.359  37.191 0.5555559993
39749  15.517  -7.526  43.194 0.1111110002
38590  15.220  -7.605  40.999 0.2222220004
39725  15.849  -7.479  44.068 0.1111110002
39724  16.811  -7.537  44.303 0.1111110002
38616  14.580  -7.477  39.635 0.4444440007
39723  17.408  -7.422  44.412 0.1111110002
39748  16.470  -7.557  43.379 0.1111110002
39778  15.898  -7.575  42.293 0.1111110002
40775  17.940  -6.790  44.830 0.1111110002
40795  18.560  -6.446  43.986 0.1111110002
40796  17.844  -7.208  44.455 0.1111110002
39747  17.746  -7.518  43.646 0.1111110002
39777  16.997  -7.552  42.523 0.1111110002
38589  16.325  -7.591  41.539 0.1111110002
38614  16.784  -7.596  40.999 0.1111110002
39854  7.975  -5.991  39.033 0.1111110002
38615  15.663  -7.855  40.573 0.1111110002
41871  20.389  -4.961  43.606 0.1111110002
41872  19.567  -5.305  44.233 0.1111110002
41849  18.693  -5.980  44.863 0.1111110002
37542  5.201  -7.013  40.389 0.2222220004
37543  4.718  -7.068  40.307 0.2222220004
41870  21.130  -4.629  43.016 0.1111110002
40794  19.693  -6.027  43.370 0.1111110002
38644  5.650  -6.729  40.200 0.2222220004
38645  5.120  -6.989  40.068 0.2222220004
41890  20.582  -5.537  42.947 0.1111110002
39856  6.492  -6.329  39.677 0.1111110002
41908  21.481  -5.736  41.881 0.1111110002
41909  20.746  -5.738  42.260 0.1111110002
40820  19.847  -5.999  42.338 0.1111110002
39745  19.478  -6.533  42.833 0.1111110002
39746  18.776  -6.783  43.093 0.1111110002
39776  18.097  -7.443  42.302 0.1111110002
39855  7.294  -6.192  39.322 0.1111110002
38665  6.811  -7.022  38.746 0.1111110002
41927  21.737  -5.739  41.204 0.1111110002
40842  20.369  -5.716  41.272 0.1111110002
39775  19.122  -6.807  42.275 0.1111110002
38587  17.758  -7.510  41.855 0.1111110002
41926  22.261  -5.597  40.666 0.1111110002
40841  21.194  -5.760  41.207 0.1111110002
40863  20.129  -5.795  40.097 0.1111110002
39803  18.590  -6.972  41.499 0.1111110002
38613  17.783  -7.506  41.387 0.1111110002
40861  21.941  -5.642  40.106 0.1111110002
40862  21.235  -5.695  40.457 0.1111110002
38639  17.353  -7.798  40.552 0.1111110002
41945  22.606  -5.743  39.897 0.1111110002
40875  21.751  -5.848  39.475 0.1111110002
40876  20.817  -6.288  39.782 0.1111110002
40888  20.354  -6.753  39.369 0.1111110002
39802  19.494  -6.547  41.491 0.1111110002
39828  19.634  -6.423  40.621 0.1111110002
39829  19.028  -6.848  40.862 0.1111110002
39851  19.659  -6.590  39.816 0.2222220004
39852  19.030  -6.872  40.125 0.1111110002
38660  18.490  -7.278  39.728 0.1111110002
38661  17.842  -7.773  39.931 0.1111110002
39870  19.906  -6.972  39.035 0.1111110002
39871  19.053  -6.854  39.283 0.2222220004
37588  18.637  -8.307  38.893 0.1111110002
44163  25.946  -2.975  36.847 0.1111110002
44177  28.036  -3.317  36.350 0.1111110002
44276  27.885  -3.607  30.409 0.6666669846
44308  27.803  -3.750  28.383 0.6666669846
95675  27.221  -3.512  29.182 0.7777780294
43170  26.329  -3.967  29.802 0.7777780294
44317  28.617  -3.468  27.089 0.6666669846
95679  27.172  -3.795  27.768 0.6666669846
95666  26.657  -3.424  28.369 0.6666669846
95659  25.789  -2.781  29.167 0.6666669846
45420  25.118  -2.479  29.474 0.6666669846
44331  26.508  -2.889  26.075 0.6666669846
43219  25.196  -2.269  27.347 0.6666669846
95678  24.798  -2.309  28.766 0.6666669846
44332  25.169  -2.589  26.183 0.6666669846
44345  28.177  -2.906  24.993 0.6666669846
45522  26.045  -1.575  24.739 0.6666669846
46602  25.039  -0.601  26.027 0.6666669846
47670  25.028  0.205  26.515 0.6666669846
44347  25.880  -2.507  25.158 0.6666669846
45477  34.656  -1.881  26.675 0.5555559993
45479  32.635  -1.769  26.007 0.5555559993
44327  31.173  -2.771  25.796 0.6666669846
45495  34.499  -1.967  25.657 0.5555559993
45496  33.560  -1.867  25.337 0.5555559993
45480  31.849  -2.096  25.502 0.6666669846
44343  30.487  -2.813  24.967 0.6666669846
45521  26.864  -1.639  24.116 0.6666669846
47710  26.022  0.077  24.845 0.6666669846
47669  25.801  0.965  26.262 0.5555559993
45498  31.864  -2.070  24.631 0.5555559993
44364  31.495  -2.446  24.331 0.6666669846
44366  29.795  -2.471  24.127 0.6666669846
44367  28.609  -2.559  24.156 0.6666669846
45514  34.412  -1.893  24.719 0.5555559993
45497  32.626  -1.825  24.989 0.5555559993
45516  32.500  -1.854  24.051 0.5555559993
46634  27.331  -0.686  24.094 0.6666669846
47709  26.635  0.347  24.150 0.6666669846
45517  31.514  -1.907  23.861 0.6666669846
45518  30.366  -1.752  23.309 0.6666669846
45520  27.949  -1.659  23.998 0.6666669846
47707  28.477  0.190  23.152 0.6666669846
46631  30.317  -0.914  23.132 0.6666669846
46632  29.388  -0.696  23.053 0.6666669846
46633  28.190  -0.772  23.359 0.6666669846
49510  31.270  2.260  29.376 0.1111110002
46628  35.886  -1.309  25.078 0.4444440007
46650  34.826  -0.799  23.896 0.4444440007
46629  35.167  -1.421  24.153 0.5555559993
46630  34.320  -1.650  24.170 0.5555559993
46651  34.000  -0.977  23.904 0.5555559993
45537  33.194  -1.775  23.471 0.6666669846
45538  32.300  -1.680  23.221 0.6666669846
46655  30.174  -0.210  23.060 0.6666669846
47731  29.440  0.636  22.965 0.6666669846
45540  30.761  -1.248  23.029 0.6666669846
47705  35.951  -0.203  24.736 0.3333329856
47706  35.280  -0.534  24.042 0.4444440007
47728  32.673  -0.017  23.002 0.6666669846
46653  32.000  -0.784  23.074 0.6666669846
45539  31.332  -1.429  23.118 0.6666669846
47704  36.688  0.272  24.937 0.3333329856
48681  36.726  0.593  24.499 0.3333329856
48682  36.083  0.360  24.136 0.3333329856
47725  35.536  0.032  24.026 0.3333329856
48702  30.090  1.447  22.540 0.6666669846
48698  36.334  0.899  24.098 0.3333329856
48699  35.746  0.487  23.516 0.3333329856
47726  34.887  -0.238  23.511 0.4444440007
47745  33.269  0.257  22.358 0.6666669846
47729  31.687  0.050  22.633 0.6666669846
47730  30.568  0.358  22.329 0.6666669846
47746  32.466  0.461  22.143 0.6666669846
47747  31.500  0.790  22.014 0.6666669846
50497  29.628  3.892  24.333 0.6666669846
50541  30.116  3.733  22.608 0.5555559993
50519  29.437  3.600  23.334 0.6666669846
49583  33.028  1.970  22.137 0.6666669846
49585  31.197  2.531  21.696 0.6666669846
49586  30.442  2.864  22.146 0.5555559993
49561  36.601  1.245  23.590 0.2222220004
49562  35.510  1.064  22.976 0.4444440007
49563  34.672  1.177  22.539 0.5555559993
49582  33.986  1.720  22.261 0.6666669846
48718  32.297  1.355  22.116 0.6666669846
49549  36.873  1.359  24.536 0.2222220004
48701  33.818  0.609  22.609 0.6666669846
48719  31.405  1.692  22.065 0.6666669846
48720  30.574  2.031  22.103 0.6666669846
47748  30.773  1.231  22.041 0.6666669846
51513  30.214  4.456  22.793 0.5555559993
51512  30.715  4.594  22.210 0.4444440007
49538  39.456  2.840  25.063 0.2222220004
49547  38.716  2.387  24.361 0.2222220004
49548  37.445  2.189  24.452 0.2222220004
49604  32.059  2.744  21.128 0.6666669846
49605  31.333  3.208  21.258 0.5555559993
50558  31.195  4.051  21.359 0.5555559993
49546  39.858  2.659  24.372 0.1111110002
49560  37.853  1.492  23.237 0.2222220004
50516  36.226  1.264  22.597 0.4444440007
50518  34.736  1.433  21.919 0.5555559993
49602  33.656  2.144  21.560 0.6666669846
49603  32.950  2.398  21.258 0.6666669846
49580  37.666  1.358  22.174 0.2222220004
50536  37.022  1.316  22.090 0.3333329856
50537  36.073  1.312  21.577 0.4444440007
50538  35.251  1.553  21.344 0.5555559993
50555  33.891  2.253  20.536 0.5555559993
51528  31.169  4.952  21.386 0.5555559993
50496  41.404  3.183  24.090 0.1111110002
51527  31.984  4.577  21.025 0.5555559993
50514  42.040  2.783  23.069 0.1111110002
49579  39.627  2.485  22.674 0.1111110002
48713  38.723  2.123  22.837 0.1111110002
50556  33.134  3.090  20.667 0.5555559993
50534  42.670  3.447  22.517 0.2222220004
50535  41.366  3.120  22.281 0.1111110002
48731  37.804  1.470  21.754 0.2222220004
50552  36.678  1.774  20.952 0.4444440007
50569  34.619  2.179  19.699 0.5555559993
50571  33.540  3.761  20.222 0.5555559993
50549  42.175  3.337  21.650 0.2222220004
49599  39.134  2.547  21.648 0.2222220004
48730  38.312  1.613  21.873 0.2222220004
49600  37.746  1.801  21.371 0.4444440007
49614  36.127  2.191  19.419 0.5555559993
49615  35.211  2.273  19.210 0.5555559993
50570  34.085  2.995  19.711 0.5555559993
49622  35.711  2.804  19.015 0.5555559993
51526  33.084  4.085  21.008 0.5555559993
50548  42.986  5.129  22.224 0.1111110002
50550  40.600  3.173  21.427 0.2222220004
50551  39.429  3.187  20.868 0.2222220004
49612  38.587  2.411  20.325 0.3333329856
49613  37.222  2.071  19.930 0.5555559993
49623  34.897  2.865  19.025 0.5555559993
49624  34.417  2.876  19.119 0.5555559993
51542  34.048  4.243  19.847 0.4444440007
52540  45.102  5.334  22.203 0.1111110002
51525  42.841  4.908  21.213 0.1111110002
50563  42.435  4.063  21.236 0.1111110002
50565  40.227  3.363  20.381 0.2222220004
50566  38.876  3.556  20.086 0.3333329856
49620  38.006  2.769  19.203 0.4444440007
49621  36.754  2.730  19.101 0.5555559993
50583  34.408  3.472  19.112 0.4444440007
51524  43.663  5.276  21.619 0.1111110002
51539  40.876  4.029  20.050 0.2222220004
50579  38.105  3.850  19.242 0.3333329856
52570  43.804  5.267  20.905 0.1111110002
52561  33.862  5.916  21.250 0.3333329856
52562  32.997  5.200  21.008 0.3333329856
52571  34.118  5.463  19.958 0.4444440007
53566  34.578  6.347  19.219 0.4444440007
51557  34.485  4.492  19.087 0.4444440007
51543  33.360  4.489  20.311 0.4444440007
52577  34.753  5.430  19.091 0.5555559993
51554  37.334  4.756  19.017 0.5555559993
50580  37.114  3.696  19.117 0.5555559993
50581  36.073  3.630  19.100 0.5555559993
50582  35.156  3.607  19.069 0.5555559993
51535  45.188  4.326  20.417 0.1111110002
52568  44.580  4.732  21.029 0.1111110002
51537  43.470  4.933  20.673 0.1111110002
51538  42.269  4.195  20.454 0.2222220004
51540  39.646  4.154  19.835 0.3333329856
52557  45.973  4.254  21.762 0.1111110002
53546  34.319  6.655  21.699 0.3333329856
53557  34.282  6.672  20.320 0.3333329856
52575  36.369  5.584  19.197 0.4444440007
53573  35.451  6.225  19.156 0.5555559993
53574  35.016  5.941  19.008 0.5555559993
51555  36.306  4.593  19.146 0.5555559993
52576  35.519  5.423  19.073 0.5555559993
51536  44.269  4.561  20.462 0.1111110002
51550  41.467  4.231  19.493 0.2222220004
51551  40.254  4.254  19.166 0.2222220004
51552  39.207  4.369  18.927 0.2222220004
51553  38.306  4.424  18.804 0.4444440007
51566  37.864  5.086  18.465 0.5555559993
51546  45.489  3.592  19.627 0.1111110002
51548  43.850  4.161  19.816 0.1111110002
51549  42.737  4.073  19.688 0.2222220004
51562  41.937  4.210  18.910 0.2222220004
51564  39.832  4.956  18.398 0.3333329856
50576  45.301  3.297  18.931 0.2222220004
50577  44.426  3.411  19.122 0.2222220004
50578  43.565  3.481  19.235 0.2222220004
51563  40.967  4.344  18.536 0.2222220004
50602  43.714  3.385  17.463 0.4444440007
50592  44.164  3.295  18.370 0.3333329856
53572  36.379  6.685  19.153 0.4444440007
53582  37.448  6.690  18.193 0.4444440007
53571  37.166  6.235  18.881 0.4444440007
51565  38.740  4.996  18.403 0.4444440007
52585  38.267  5.821  18.375 0.4444440007
50594  41.717  3.782  18.290 0.3333329856
51574  40.064  5.355  17.996 0.3333329856
53581  38.620  6.415  17.949 0.4444440007
50614  42.255  4.115  16.478 0.4444440007
50593  42.787  3.436  18.554 0.3333329856
50604  41.334  4.120  17.933 0.3333329856
51573  40.841  4.888  17.571 0.4444440007
52583  39.715  5.491  18.067 0.3333329856
54629  38.686  7.211  17.550 0.4444440007
54630  38.044  7.275  17.609 0.4444440007
52594  39.854  5.836  17.608 0.4444440007
52595  39.410  6.189  17.766 0.4444440007
50603  42.154  3.818  17.426 0.4444440007
51572  41.799  4.489  17.055 0.4444440007
51580  41.139  5.536  17.271 0.4444440007
50613  43.049  3.302  16.331 0.4444440007
50628  42.267  4.438  16.101 0.4444440007
51587  43.209  4.842  15.349 0.4444440007
50627  42.517  3.927  15.503 0.4444440007
56291  39.973  9.078  19.401 0.1111110002
55481  40.503  8.557  18.353 0.2222220004
55482  39.465  8.169  18.435 0.3333329856
54609  39.977  7.627  17.894 0.2222220004
54610  39.105  7.587  17.921 0.4444440007
55483  38.766  7.947  18.395 0.4444440007
54641  39.875  7.117  16.671 0.4444440007
54628  39.502  7.294  17.311 0.4444440007
54611  38.348  7.578  17.937 0.4444440007
53610  39.853  6.759  16.765 0.4444440007
53595  39.329  6.701  17.379 0.4444440007
51579  41.675  5.017  16.644 0.4444440007
52593  40.679  5.981  17.388 0.4444440007
53594  40.078  6.452  17.017 0.4444440007
53621  43.283  6.592  15.500 0.3333329856
52616  42.617  5.916  15.364 0.4444440007
51588  42.434  4.989  15.919 0.4444440007
52605  41.330  6.065  17.042 0.4444440007
56276  40.823  9.605  20.353 0.1111110002
55463  40.239  8.884  19.026 0.1111110002
55480  41.569  8.702  18.206 0.1111110002
55494  41.349  8.209  17.596 0.2222220004
54627  40.234  7.532  17.028 0.3333329856
54625  42.071  7.687  17.212 0.2222220004
54626  41.100  7.593  17.102 0.2222220004
53609  40.360  6.804  16.619 0.4444440007
54638  42.813  7.331  16.689 0.2222220004
54639  41.701  7.239  16.657 0.3333329856
53608  41.284  6.700  16.588 0.3333329856
53620  44.268  6.589  15.477 0.3333329856
53606  43.592  6.845  16.250 0.1111110002
53607  42.459  6.698  16.192 0.2222220004
52604  42.030  5.944  16.388 0.4444440007
56289  41.737  9.575  19.599 0.1111110002
56304  41.682  9.314  18.687 0.1111110002
56290  40.667  9.411  19.158 0.1111110002
56305  41.069  9.121  18.510 0.1111110002
54624  43.188  7.751  17.296 0.2222220004
56275  41.837  10.162  20.678 0.1111110002
56288  42.784  9.574  19.782 0.1111110002
55478  43.486  8.859  18.402 0.1111110002
55479  42.509  8.782  18.307 0.1111110002
55491  44.169  8.374  17.998 0.1111110002
54608  44.605  8.018  18.159 0.1111110002
55492  43.395  8.349  17.780 0.1111110002
55493  42.343  8.293  17.683 0.2222220004
54623  44.578  7.519  17.548 0.1111110002
54637  43.968  7.382  16.785 0.2222220004
56302  43.663  9.471  18.980 0.1111110002
51534  46.171  3.503  20.022 0.1111110002
51521  47.472  4.250  20.677 0.1111110002
50562  47.024  2.508  19.296 0.1111110002
33769  1.170  -13.494  41.335 0.1111110002
33790  1.455  -13.556  40.772 0.1111110002
34775  5.087  -12.718  37.407 0.5555559993
37564  18.398  -7.940  39.664 0.2222220004
39887  19.264  -7.239  38.636 0.2222220004
38704  18.907  -7.709  38.338 0.2222220004
43171  26.126  -2.832  29.812 0.6666669846
43183  26.560  -3.334  29.442 0.7777780294
44296  27.562  -3.739  29.596 0.7777780294
35632  -4.277  -10.060  41.972 0.4444440007
46589  24.430  -0.486  26.903 0.6666669846
35622  -5.121  -10.113  43.057 0.2222220004
35606  -4.791  -9.960  43.964 0.2222220004
35631  -3.648  -9.450  41.995 0.2222220004
34703  1.192  -13.353  41.929 0.1111110002
34698  4.902  -12.594  41.958 0.1111110002
34723  3.197  -13.661  40.813 0.1111110002
34673  8.675  -10.843  42.230 0.2222220004
34746  8.108  -12.515  39.175 0.3333329856
33802  8.035  -12.647  38.692 0.3333329856
38588  17.314  -7.534  41.788 0.1111110002
41889  21.409  -5.446  42.690 0.1111110002
38638  18.316  -7.286  40.582 0.1111110002
38683  18.720  -7.509  39.046 0.1111110002
44295  28.707  -3.268  29.445 0.7777780294
43217  27.192  -3.776  27.030 0.6666669846
95667  26.900  -3.700  28.146 0.6666669846
44330  27.749  -2.984  26.061 0.6666669846
43218  26.090  -3.002  27.113 0.6666669846
95672  25.670  -2.768  27.700 0.6666669846
95671  25.325  -2.585  28.371 0.6666669846
44329  28.984  -2.874  26.029 0.6666669846
45481  24.391  -1.542  26.611 0.6666669846
45499  25.122  -1.605  25.480 0.6666669846
44368  27.445  -2.597  24.170 0.6666669846
44346  26.982  -2.847  25.018 0.6666669846
44369  26.437  -2.489  24.309 0.6666669846
46617  25.552  -0.621  25.060 0.6666669846
47690  25.222  0.390  25.405 0.6666669846
45478  33.635  -1.741  26.388 0.5555559993
44342  31.444  -2.760  24.856 0.6666669846
45466  31.720  -2.172  26.578 0.6666669846
47689  26.197  0.868  25.085 0.5555559993
45515  33.549  -1.869  24.301 0.5555559993
44365  30.874  -2.509  24.172 0.6666669846
44344  29.383  -2.832  25.005 0.6666669846
46635  26.231  -0.631  24.212 0.6666669846
45519  28.985  -1.808  23.410 0.6666669846
46652  33.071  -1.044  23.013 0.6666669846
47727  33.766  -0.098  23.056 0.5555559993
46654  30.983  -0.574  23.047 0.6666669846
48700  34.604  0.673  23.051 0.4444440007
48717  33.316  1.008  22.126 0.6666669846
51478  30.410  4.468  24.781 0.4444440007
51496  30.152  4.288  23.531 0.6666669846
50540  30.943  3.470  22.035 0.5555559993
49584  32.123  2.104  21.758 0.6666669846
50515  36.894  1.287  22.910 0.3333329856
50517  35.408  1.254  22.172 0.5555559993
48716  33.995  1.189  22.754 0.6666669846
48697  38.504  1.842  23.030 0.2222220004
49559  39.003  2.383  23.389 0.1111110002
50557  32.104  3.605  21.012 0.5555559993
50539  34.470  2.017  21.435 0.6666669846
49601  37.561  1.473  21.727 0.3333329856
48714  38.260  1.523  22.496 0.2222220004
50553  35.778  1.576  20.602 0.5555559993
50554  34.981  2.120  20.586 0.5555559993
50481  40.592  3.414  25.199 0.1111110002
49558  40.462  2.661  23.379 0.1111110002
49578  40.698  3.101  22.837 0.1111110002
48729  38.725  2.094  22.308 0.1111110002
49598  40.230  3.139  22.237 0.1111110002
50567  36.251  2.052  20.145 0.5555559993
50568  35.499  2.143  19.914 0.5555559993
50564  41.558  3.416  20.751 0.2222220004
52541  44.651  5.387  22.141 0.1111110002
52560  44.003  5.329  21.241 0.1111110002
52559  44.547  5.148  21.514 0.1111110002
51541  38.781  4.172  19.487 0.3333329856
52569  44.097  5.185  20.895 0.1111110002
52572  33.556  4.936  20.155 0.4444440007
51556  35.374  4.536  18.987 0.5555559993
51567  37.452  5.294  18.772 0.5555559993
51523  45.825  4.373  20.847 0.1111110002
52574  37.125  5.728  19.133 0.5555559993
52586  37.557  5.795  18.648 0.4444440007
51547  44.749  4.008  19.684 0.1111110002
52584  39.250  5.826  18.207 0.4444440007
53597  37.737  7.108  17.688 0.4444440007
53596  38.205  6.901  17.510 0.4444440007
53580  39.179  6.326  17.881 0.4444440007
55495  40.630  7.884  17.578 0.2222220004
53593  40.712  6.482  16.921 0.4444440007
54640  40.707  7.204  16.633 0.3333329856
56303  42.647  9.433  18.864 0.1111110002
51533  47.288  3.347  19.781 0.1111110002
50575  46.293  2.990  18.869 0.1111110002
51522  46.525  4.262  20.677 0.1111110002
38618  5.760  -6.103  41.356 0.1111110002
37498  5.074  -6.431  41.647 0.1111110002
37520  4.622  -6.725  41.117 0.1111110002
37519  5.194  -6.756  40.864 0.1111110002
38686  12.875  -7.783  38.970 0.3333329856
38566  5.046  -6.345  43.326 0.1111110002
37480  4.920  -6.392  42.361 0.1111110002
37481  4.432  -6.399  42.660 0.1111110002
38593  5.387  -6.001  42.385 0.1111110002
37521  4.027  -6.402  41.275 0.1111110002
37522  3.347  -6.404  41.511 0.1111110002
37545  3.371  -6.395  40.613 0.1111110002
39832  6.502  -6.190  40.728 0.1111110002
37482  3.793  -6.367  42.867 0.1111110002
37500  3.922  -6.407  42.054 0.1111110002
38648  2.449  -6.545  40.234 0.1111110002
39858  2.730  -6.407  39.851 0.1111110002
37546  2.602  -6.380  41.078 0.1111110002
46484  32.225  -1.514  31.726 0.3333329856
45384  31.517  -1.644  31.144 0.3333329856
45417  30.659  -2.406  30.521 0.3333329856
44274  30.252  -2.780  29.938 0.4444440007
44275  29.434  -2.862  30.366 0.5555559993
45416  31.547  -1.714  30.155 0.3333329856
45415  32.490  -1.434  30.029 0.2222220004
45443  30.756  -2.380  29.281 0.4444440007
44294  29.841  -2.937  29.478 0.5555559993
44307  29.773  -2.846  28.329 0.5555559993
45453  33.972  -1.751  28.528 0.2222220004
45454  32.833  -1.900  28.301 0.3333329856
45442  31.958  -1.662  29.136 0.3333329856
45456  30.704  -2.729  28.589 0.4444440007
45455  31.447  -2.669  28.039 0.5555559993
44306  30.504  -2.814  27.581 0.5555559993
45463  34.821  -1.846  27.744 0.3333329856
45464  33.772  -1.796  27.483 0.4444440007
45465  32.619  -1.765  27.154 0.4444440007
44315  30.852  -2.768  26.845 0.5555559993
44328  30.136  -2.841  25.945 0.5555559993
45476  35.612  -1.588  26.913 0.2222220004
45494  35.462  -1.773  25.860 0.4444440007
47687  36.346  -0.638  25.255 0.2222220004
47686  37.154  -0.169  25.244 0.1111110002
49531  37.885  1.484  26.075 0.1111110002
48665  37.094  0.734  25.116 0.2222220004
49540  37.569  1.633  25.369 0.1111110002
50482  39.404  3.243  25.674 0.1111110002
51477  31.012  4.823  23.945 0.4444440007
51495  30.560  4.823  23.046 0.3333329856
52544  31.982  5.896  21.861 0.2222220004
52545  31.178  5.426  21.751 0.2222220004
28649  -8.982  -18.201  40.986 0.1111110002
94487  -8.854  -17.612  40.555 0.1111110002
37593  13.415  -8.703  38.152 0.3333329856
44263  29.471  -2.927  31.052 0.5555559993
28648  -7.930  -18.480  40.978 0.1111110002
30149  -7.910  -18.096  40.581 0.1111110002
39857  3.066  -6.314  39.916 0.1111110002
45513  35.183  -1.913  25.013 0.4444440007
49541  36.983  1.149  24.922 0.1111110002
49539  38.606  2.537  25.376 0.1111110002
52563  31.664  5.393  21.227 0.4444440007
44316  29.813  -2.826  26.994 0.5555559993
36535  -5.776  -9.620  44.187 0.1111110002
37499  4.516  -6.441  41.838 0.1111110002
38619  2.845  -6.431  40.232 0.1111110002
45418  29.749  -2.778  30.989 0.3333329856
45441  33.159  -1.615  29.309 0.2222220004
45440  34.140  -1.583  29.377 0.1111110002
45452  34.918  -1.397  28.733 0.2222220004
45462  35.639  -1.455  27.932 0.1111110002
46616  36.352  -0.810  26.033 0.2222220004
46615  37.552  -0.469  26.052 0.1111110002
48664  37.672  0.806  25.637 0.1111110002
32779  9.630  -13.636  43.435 0.1111110002
95243  13.165  -6.084  42.405 0.1111110002
95244  12.934  -6.806  41.118 0.1111110002
38643  11.987  -6.851  41.935 0.1111110002
35571  9.364  -10.089  46.866 0.1111110002
95239  13.472  -6.856  41.061 0.1111110002
38664  12.863  -7.469  40.245 0.2222220004
95220  11.317  -8.488  42.121 0.2222220004
95201  10.826  -9.726  42.010 0.1111110002
95200  9.756  -9.421  43.764 0.1111110002
95202  9.845  -8.928  44.575 0.1111110002
37451  8.924  -8.880  46.040 0.1111110002
37568  12.661  -8.358  39.576 0.2222220004
95213  11.580  -9.456  40.709 0.2222220004
95198  9.949  -9.653  42.800 0.1111110002
31752  8.850  -13.669  45.724 0.1111110002
32751  9.321  -13.166  45.512 0.1111110002
33690  9.263  -12.198  45.983 0.1111110002
36529  8.932  -9.713  44.297 0.1111110002
36501  8.228  -9.762  45.721 0.1111110002
95207  11.013  -10.078  40.770 0.1111110002
95199  9.705  -9.872  42.157 0.1111110002
35617  9.167  -10.333  43.147 0.1111110002
36613  11.404  -10.516  39.843 0.2222220004
35646  10.083  -10.535  41.445 0.1111110002
31744  8.115  -13.837  47.440 0.1111110002
31748  7.528  -14.063  46.803 0.1111110002
31753  8.366  -13.977  46.138 0.1111110002
32738  8.462  -12.958  46.588 0.1111110002
33676  9.013  -12.188  46.949 0.1111110002
34619  8.735  -11.050  46.497 0.1111110002
35573  7.890  -10.030  46.296 0.1111110002
36514  8.126  -9.689  44.909 0.1111110002
34595  7.658  -12.505  47.913 0.1111110002
34634  7.553  -10.962  45.956 0.1111110002
34646  7.550  -11.045  44.934 0.1111110002
35588  7.591  -10.105  45.412 0.1111110002
35603  7.876  -10.368  44.446 0.1111110002
36546  8.238  -10.292  44.130 0.1111110002
48404  17.284  0.415  41.971 0.1111110002
45355  31.365  -1.708  32.147 0.2222220004
45385  30.598  -2.024  31.537 0.2222220004
46562  32.988  -1.232  29.771 0.1111110002
47509  17.172  0.613  36.427 0.1111110002
48497  17.455  1.623  35.578 0.2222220004
48496  18.475  1.956  35.845 0.2222220004
95210  11.810  -10.012  40.215 0.2222220004
35645  10.633  -10.217  41.217 0.1111110002
48380  17.277  0.880  42.484 0.1111110002
51461  30.489  4.659  26.048 0.3333329856
35629  9.221  -10.499  41.852 0.1111110002
95257  13.521  -6.419  42.501 0.1111110002
95247  12.914  -7.083  39.236 0.2222220004
37541  12.514  -8.505  40.838 0.2222220004
45383  32.194  -1.672  30.711 0.2222220004
32767  9.716  -13.523  44.595 0.1111110002
38617  10.937  -7.020  42.632 0.1111110002
35587  9.362  -10.785  46.171 0.1111110002
35570  9.723  -10.132  46.403 0.1111110002
35562  9.029  -9.439  47.334 0.1111110002
95203  10.305  -7.943  43.416 0.1111110002
36513  9.099  -9.591  45.415 0.1111110002
36500  8.670  -9.356  46.410 0.1111110002
37432  9.129  -8.766  46.706 0.1111110002
32752  8.833  -13.375  46.081 0.1111110002
31762  9.070  -14.027  45.306 0.1111110002
33689  9.890  -12.415  45.144 0.1111110002
32750  10.016  -13.174  45.128 0.1111110002
32737  8.984  -12.774  46.244 0.1111110002
34633  9.455  -11.416  45.612 0.1111110002
34618  9.084  -11.324  46.466 0.1111110002
35572  8.674  -9.892  46.785 0.1111110002
33677  8.544  -12.482  47.013 0.1111110002
34603  8.896  -11.617  47.044 0.1111110002
34604  8.425  -11.732  47.226 0.1111110002
34620  8.049  -11.253  46.621 0.1111110002
36530  8.293  -10.033  44.356 0.1111110002
36545  8.534  -10.155  43.902 0.1111110002
34658  8.496  -11.058  42.989 0.1111110002
35618  8.305  -10.578  43.700 0.1111110002
45245  24.794  -1.832  38.368 0.1111110002
45263  25.515  -2.640  37.365 0.2222220004
50442  32.261  3.375  29.556 0.1111110002
49518  31.634  3.135  28.695 0.1111110002
52518  31.220  5.504  22.862 0.2222220004
52542  34.030  5.857  22.466 0.1111110002
53556  35.102  6.918  20.960 0.2222220004
53545  35.129  6.801  22.233 0.1111110002
53555  35.950  6.809  21.583 0.2222220004
53564  36.028  6.780  20.488 0.2222220004
53565  35.206  6.825  19.745 0.2222220004
54591  36.570  7.403  20.110 0.2222220004
53583  36.801  7.129  18.604 0.2222220004
54582  37.134  7.810  20.958 0.1111110002
55453  37.626  8.598  20.529 0.1111110002
54598  36.797  7.479  19.104 0.2222220004
54597  37.534  7.646  18.989 0.2222220004
50591  44.981  2.627  18.293 0.2222220004
55432  39.249  8.854  21.810 0.1111110002
54596  38.208  7.818  18.712 0.2222220004
50601  45.009  3.050  17.337 0.2222220004
50612  44.399  3.416  16.444 0.3333329856
55452  38.515  8.778  20.091 0.1111110002
55465  38.775  8.553  19.039 0.2222220004
50626  43.734  3.782  15.457 0.3333329856
50611  45.139  3.088  16.332 0.2222220004
55451  39.360  8.901  19.717 0.3333329856
51586  44.304  4.851  15.377 0.3333329856
52615  43.721  5.829  15.227 0.3333329856
52614  44.768  5.757  15.196 0.1111110002
53605  44.831  6.758  16.436 0.1111110002
53619  45.358  6.290  15.493 0.1111110002
53604  46.030  5.880  16.308 0.1111110002
52602  47.066  5.690  16.080 0.1111110002
52603  46.472  5.647  15.682 0.1111110002
53591  45.745  6.614  17.096 0.1111110002
53603  46.814  6.207  16.590 0.1111110002
52543  33.077  5.914  22.103 0.1111110002
54613  37.182  7.321  18.503 0.3333329856
54612  37.686  7.409  18.089 0.2222220004
52496  31.812  5.586  24.316 0.2222220004
54583  36.443  7.339  21.242 0.2222220004
54590  37.145  8.005  19.821 0.1111110002
55466  37.830  8.469  19.432 0.2222220004
55442  38.411  8.691  21.207 0.1111110002
27029  -7.944  -20.468  43.512 0.1111110002
27042  -7.463  -20.276  42.649 0.1111110002
27808  -7.466  -19.587  43.421 0.1111110002
27824  -7.282  -19.023  42.182 0.1111110002
27807  -6.626  -19.140  42.912 0.1111110002
27823  -6.398  -18.748  42.506 0.1111110002
27055  -7.448  -20.238  41.482 0.1111110002
27838  -7.062  -19.417  41.201 0.1111110002
27851  -6.983  -19.539  40.844 0.1111110002
47484  16.222  1.014  38.783 0.1111110002
49416  22.690  2.843  36.049 0.1111110002
50337  23.092  3.523  36.226 0.1111110002
47534  27.022  1.854  33.945 0.1111110002
51460  31.376  4.913  25.327 0.1111110002
52481  31.845  5.396  25.197 0.1111110002
50589  46.818  2.386  17.879 0.1111110002
50590  45.841  2.525  18.244 0.1111110002
49630  47.237  2.375  16.970 0.1111110002
49631  46.326  2.382  17.311 0.1111110002
49641  45.326  2.583  17.566 0.1111110002
48437  16.024  1.661  39.541 0.1111110002
48454  16.883  1.073  38.164 0.1111110002
47535  26.461  1.879  33.769 0.1111110002
49632  45.610  2.466  17.671 0.1111110002
50600  45.375  2.773  16.653 0.1111110002
27072  -7.297  -20.428  40.555 0.1111110002
49437  23.609  2.672  34.964 0.1111110002
49438  22.994  2.445  35.290 0.1111110002
49415  23.855  3.076  36.093 0.1111110002
49386  22.248  3.252  36.537 0.1111110002
50588  48.061  2.396  17.313 0.1111110002
49639  46.875  2.317  16.258 0.1111110002
94436  -7.286  -11.387  43.708 0.1111110002
94438  -8.003  -10.952  43.645 0.1111110002
94437  -8.557  -12.009  44.407 0.1111110002
33748  -7.795  -12.321  44.022 0.1111110002
48476  17.527  1.753  37.163 0.1111110002
49390  18.497  2.460  37.591 0.1111110002
48475  19.046  1.810  36.914 0.1111110002
48495  19.736  1.877  35.893 0.1111110002
46461  32.032  -1.123  32.665 0.1111110002
46511  32.205  -1.549  31.181 0.1111110002
46483  32.817  -0.757  32.046 0.1111110002
32804  -8.891  -12.991  42.514 0.1111110002
46510  32.735  -1.087  30.911 0.1111110002
46601  36.136  -0.717  27.216 0.1111110002
95944  47.826  3.788  12.637 0.1111110002
95933  49.022  4.057  11.669 0.1111110002
49666  45.264  2.750  15.201 0.1111110002
51599  47.217  4.263  13.928 0.1111110002
50624  45.607  3.333  14.347 0.1111110002
51601  45.664  4.712  14.377 0.1111110002
95915  46.440  2.511  14.075 0.1111110002
95925  47.164  2.774  13.929 0.1111110002
95928  48.428  3.792  13.038 0.1111110002
95931  47.217  4.055  12.438 0.1111110002
50687  46.546  3.373  11.843 0.1111110002
95939  49.291  4.626  12.891 0.1111110002
95934  49.378  4.573  12.557 0.1111110002
95940  49.615  4.655  12.251 0.1111110002
49640  45.723  2.443  16.755 0.1111110002
49667  45.239  3.013  15.741 0.1111110002
50625  45.101  3.803  15.378 0.1111110002
50647  46.179  4.152  14.366 0.1111110002
50648  45.642  3.971  14.629 0.1111110002
51585  45.160  5.007  15.024 0.1111110002
50698  46.533  2.737  11.451 0.1111110002
51600  46.456  4.706  14.296 0.1111110002
95932  47.667  4.397  11.799 0.1111110002
95937  48.981  4.696  13.279 0.1111110002
95943  49.558  5.590  12.100 0.1111110002
52643  48.790  5.513  13.002 0.1111110002
52622  46.798  5.257  14.460 0.1111110002
52632  47.534  5.564  14.152 0.1111110002
51622  47.153  4.418  11.444 0.1111110002
49650  45.367  2.539  15.970 0.1111110002
49649  46.297  2.270  15.095 0.1111110002
52623  46.203  5.206  14.283 0.1111110002
52613  45.924  5.747  14.798 0.1111110002
52621  47.455  5.573  14.673 0.1111110002
28605  -3.355  -18.254  41.664 0.3333329856
28610  -9.030  -17.477  41.882 0.3333329856
29319  -4.809  -17.795  44.705 0.1111110002
29333  -2.357  -17.304  42.929 0.2222220004
29340  -3.292  -17.907  41.480 0.2222220004
29341  -3.083  -17.852  41.728 0.2222220004
29356  -3.597  -17.838  41.199 0.5555559993
29357  -4.170  -17.861  41.101 0.4444440007
29375  -8.500  -18.207  40.678 0.2222220004
30885  -2.368  -16.621  42.654 0.2222220004
31731  8.440  -12.852  48.078 0.1111110002
31738  7.211  -13.484  47.910 0.1111110002
31743  8.255  -13.355  47.789 0.1111110002
31745  7.534  -13.590  47.395 0.1111110002
31747  8.110  -13.537  46.851 0.1111110002
32716  8.461  -13.079  47.984 0.1111110002
32717  8.234  -12.905  48.209 0.1111110002
32720  8.371  -13.122  47.747 0.1111110002
32721  8.351  -12.783  47.809 0.1111110002
32725  8.277  -13.262  47.559 0.1111110002
32726  8.318  -12.977  47.295 0.1111110002
33658  8.007  -12.842  48.330 0.1111110002
33659  7.699  -12.864  48.366 0.1111110002
33661  8.005  -12.577  48.056 0.1111110002
33662  7.444  -12.687  48.227 0.1111110002
33665  8.807  -11.888  47.335 0.1111110002
33666  8.434  -12.267  47.412 0.1111110002
33667  7.586  -11.982  47.086 0.1111110002
34594  8.059  -12.244  47.590 0.1111110002
34596  7.270  -12.578  48.090 0.1111110002
34605  7.772  -12.164  47.400 0.1111110002
34606  7.359  -12.533  47.860 0.1111110002
34664  -4.403  -10.135  42.576 0.4444440007
34681  -4.784  -10.171  42.526 0.4444440007
34845  11.426  -11.729  35.735 0.7777780294
34846  11.051  -11.814  35.620 0.7777780294
35561  9.237  -9.506  47.217 0.1111110002
35652  -5.381  -12.738  39.380 0.7777780294
36486  8.834  -9.079  47.205 0.1111110002
36663  16.258  -9.154  35.596 0.8888890147
36705  17.998  -9.424  34.419 0.8888890147
36706  17.283  -9.647  33.972 0.8888890147
36707  16.326  -9.297  34.148 0.8888890147
37633  20.530  -8.546  36.023 0.7777780294
37657  18.372  -9.447  35.174 0.8888890147
37680  18.658  -8.932  34.317 0.7777780294
37684  14.404  -7.189  34.816 0.8888890147
37685  13.730  -8.639  35.045 0.6666669846
37686  13.476  -8.963  34.490 0.6666669846
37704  19.992  -8.906  33.971 0.8888890147
38539  15.672  -7.423  43.905 0.1111110002
38540  15.489  -7.255  43.894 0.1111110002
38565  15.341  -7.356  43.552 0.1111110002
38646  2.853  -6.390  40.004 0.1111110002
38647  3.051  -6.337  40.149 0.1111110002
38738  18.947  -8.833  34.911 0.8888890147
38740  14.048  -6.815  35.095 0.7777780294
38756  18.993  -8.824  34.646 0.8888890147
38757  18.794  -8.881  34.508 0.8888890147
38785  14.532  -7.118  34.786 0.7777780294
38786  14.049  -6.812  34.994 0.7777780294
39807  2.668  -6.547  40.045 0.1111110002
39808  2.795  -6.347  39.988 0.1111110002
39809  2.707  -6.635  40.276 0.1111110002
39833  2.740  -6.536  39.817 0.1111110002
39834  2.951  -6.438  39.760 0.1111110002
39835  2.654  -6.473  40.078 0.1111110002
39850  21.280  -6.731  39.382 0.1111110002
39886  19.722  -7.446  38.640 0.5555559993
39925  23.426  -6.376  34.427 0.8888890147
39930  15.264  -7.010  33.804 0.7777780294
39931  14.063  -5.978  34.600 0.7777780294
39953  14.880  -6.611  34.529 0.7777780294
39954  14.619  -6.166  34.576 0.7777780294
39959  9.875  -6.248  33.093 0.7777780294
39968  15.102  -6.284  34.657 0.7777780294
39969  15.008  -6.010  34.559 0.7777780294
40877  20.144  -6.457  39.709 0.1111110002
40887  20.742  -6.673  39.500 0.1111110002
40926  14.997  -5.415  34.792 0.7777780294
40947  15.995  -5.858  35.073 0.7777780294
40977  15.423  -6.204  34.372 0.7777780294
40978  15.204  -5.980  34.570 0.7777780294
41001  15.192  -6.103  34.453 0.7777780294
41002  15.148  -5.990  34.236 0.7777780294
41928  16.150  -3.027  39.295 0.7777780294
41946  20.571  -6.500  39.692 0.1111110002
41947  20.387  -6.376  39.767 0.1111110002
41948  16.024  -3.057  38.913 0.7777780294
41963  20.512  -6.660  39.538 0.1111110002
41964  20.266  -6.654  39.658 0.1111110002
41985  16.117  -3.914  37.171 0.7777780294
42002  16.263  -4.101  36.127 0.7777780294
42004  11.387  -2.683  36.537 0.4444440007
42020  16.707  -4.125  35.546 0.7777780294
42056  15.406  -5.946  34.266 0.7777780294
42057  15.739  -6.020  33.898 0.7777780294
42072  15.147  -5.802  33.966 0.7777780294
42073  15.327  -5.931  34.384 0.7777780294
43038  16.541  -2.260  40.851 0.4444440007
43072  18.806  -2.275  39.502 0.2222220004
43073  18.350  -2.316  39.470 0.2222220004
43075  17.022  -2.951  39.874 0.4444440007
43085  23.550  -5.455  39.908 0.1111110002
43098  19.274  -3.150  37.434 0.5555559993
43147  20.685  -4.012  32.477 1.0000000000
43149  19.873  -3.587  32.125 1.0000000000
43158  20.391  -3.664  31.986 1.0000000000
43159  20.066  -3.636  31.948 1.0000000000
43181  27.325  -3.780  30.078 0.8888890147
44118  17.167  -2.321  40.140 0.4444440007
44131  19.150  -2.255  39.541 0.3333329856
44182  19.252  -2.876  37.062 0.4444440007
44208  12.472  -2.403  35.363 0.6666669846
44227  13.794  -2.483  35.298 0.7777780294
44256  20.016  -3.489  31.751 1.0000000000
44257  19.836  -3.634  31.791 1.0000000000
45364  21.110  -0.133  31.149 1.0000000000
45391  21.409  -0.205  30.476 0.8888890147
45392  21.019  -0.239  30.739 0.8888890147
45393  21.125  -1.074  30.295 0.8888890147
45394  20.471  -1.238  30.497 0.8888890147
45395  19.690  -1.183  31.202 0.8888890147
45396  18.882  -1.091  31.432 1.0000000000
45421  21.724  -0.217  30.207 0.8888890147
45422  21.231  -0.531  30.383 0.8888890147
45423  20.733  -1.062  30.230 0.8888890147
46418  24.740  -2.491  36.757 0.5555559993
46446  21.028  0.093  33.205 0.8888890147
46466  20.186  -0.003  32.361 1.0000000000
46491  20.950  0.010  30.946 1.0000000000
46493  20.097  -0.205  31.606 1.0000000000
46494  19.410  -0.225  31.948 0.8888890147
46516  21.584  -0.048  30.606 0.8888890147
46517  21.173  -0.273  30.508 0.8888890147
46518  20.618  -0.302  30.788 0.8888890147
46520  19.117  -0.640  31.515 0.8888890147
46543  21.642  -0.119  30.349 0.8888890147
46544  21.487  -0.290  30.347 0.8888890147
46564  20.950  -0.812  30.156 0.8888890147
47579  19.132  0.240  32.407 0.8888890147
47580  18.976  -0.035  32.269 0.6666669846
47649  28.032  1.316  27.473 0.4444440007
48562  17.945  0.945  33.138 0.4444440007
48696  38.677  2.153  23.106 0.1111110002
48715  37.894  1.370  22.034 0.2222220004
49581  37.651  1.385  21.934 0.2222220004
49616  34.561  2.500  19.185 0.5555559993
51621  47.660  3.943  11.159 0.1111110002
52564  31.238  5.341  21.387 0.2222220004
55464  39.728  8.667  19.020 0.1111110002
94383  -2.339  -16.523  43.020 0.2222220004
94384  -4.088  -18.212  44.668 0.1111110002
94390  -2.221  -17.045  42.772 0.2222220004
94397  -2.562  -16.599  43.407 0.2222220004
94398  -2.690  -17.431  41.910 0.2222220004
94400  -4.419  -17.427  44.805 0.1111110002
94403  -4.655  -16.543  40.389 0.5555559993
94404  -3.263  -16.614  40.110 0.5555559993
94423  -4.486  -16.719  40.409 0.5555559993
94426  -4.032  -11.798  39.130 0.7777780294
94434  -7.271  -10.588  43.784 0.1111110002
94444  -4.854  -16.933  40.255 0.5555559993
94452  -5.085  -13.239  38.956 0.5555559993
94453  -5.257  -12.909  39.234 0.6666669846
94456  -5.617  -13.932  39.594 0.7777780294
94457  -5.411  -13.130  39.354 0.5555559993
94459  -5.024  -13.050  39.185 0.6666669846
94461  -4.782  -12.042  39.435 0.6666669846
94472  -8.526  -17.794  40.549 0.1111110002
94474  -6.191  -14.969  39.748 0.1111110002
94477  -4.782  -11.748  39.689 0.6666669846
95235  9.201  -9.222  47.255 0.1111110002
95268  15.558  -2.130  41.890 0.4444440007
95271  16.129  -1.711  42.710 0.3333329856
95272  15.897  -1.689  42.694 0.3333329856
95303  10.563  -1.647  40.224 0.1111110002
95309  15.916  -2.978  39.475 0.6666669846
95312  15.324  -2.567  40.813 0.6666669846
95313  11.314  -2.781  36.903 0.3333329856
95317  10.419  -2.137  40.057 0.1111110002
95655  26.550  -2.981  29.299 0.6666669846
95656  26.327  -2.926  29.260 0.6666669846
95657  26.156  -2.940  29.077 0.6666669846
95658  26.921  -3.247  28.738 0.6666669846
95661  26.447  -2.988  28.992 0.6666669846
95662  25.228  -2.858  28.830 0.6666669846
95663  26.820  -2.992  28.751 0.6666669846
95664  26.589  -2.979  28.720 0.6666669846
95665  24.913  -2.806  28.992 0.6666669846
95668  26.564  -3.084  28.577 0.6666669846
95669  27.054  -3.651  29.563 0.8888890147
95670  25.494  -2.864  28.728 0.6666669846
95673  26.252  -3.155  28.026 0.6666669846
95674  26.687  -3.677  27.582 0.6666669846
95677  25.967  -2.969  28.646 0.6666669846
95810  20.397  -1.124  30.149 0.8888890147
95938  49.559  4.307  11.994 0.1111110002
95941  49.348  4.258  12.292 0.1111110002
95946  49.628  4.692  11.854 0.1111110002
