#!ascii label  , from subject output2 vox2ras=TkReg
289
41685  28.093  -6.444  -19.980 0.0000000000
43944  33.559  -2.147  -21.488 0.0000000000
50121  31.433  3.263  -25.501 0.0000000000
48235  28.501  1.837  -25.862 0.0000000000
39566  30.202  -7.374  -16.406 0.0000000000
39593  31.947  -6.269  -17.205 0.0000000000
41716  30.596  -5.360  -21.018 0.0000000000
45019  29.779  -2.397  -23.941 0.0000000000
47264  32.506  -0.434  -24.913 0.0000000000
49174  33.701  1.727  -22.890 0.0000000000
54068  31.643  6.092  -27.245 0.0000000000
39607  28.769  -7.214  -18.174 0.0000000000
39579  31.373  -6.343  -16.450 0.0000000000
40639  29.837  -6.405  -18.450 0.0000000000
45003  28.470  -3.024  -22.937 0.0000000000
46138  28.358  -1.519  -23.937 0.0000000000
49193  29.851  2.570  -26.071 0.0000000000
47266  30.775  -0.341  -25.428 0.0000000000
48238  32.636  1.129  -26.254 0.0000000000
48224  33.823  0.275  -24.320 0.0000000000
49185  32.932  2.375  -24.863 0.0000000000
57496  29.941  10.539  -26.525 0.0000000000
55864  29.831  8.511  -26.509 0.0000000000
55862  31.914  8.386  -26.464 0.0000000000
41727  32.536  -3.967  -21.355 0.0000000000
41683  32.667  -4.467  -18.632 0.0000000000
41681  34.420  -3.560  -19.384 0.0000000000
52043  29.333  4.515  -26.394 0.0000000000
45014  35.097  -2.599  -22.638 0.0000000000
42843  28.437  -5.028  -20.524 0.0000000000
41700  29.330  -5.754  -20.482 0.0000000000
42863  29.599  -4.859  -21.269 0.0000000000
42879  30.895  -4.167  -22.144 0.0000000000
43961  32.001  -3.253  -23.209 0.0000000000
47251  29.162  -0.667  -24.887 0.0000000000
46154  31.200  -1.455  -24.795 0.0000000000
45016  32.536  -2.456  -23.415 0.0000000000
47237  34.318  -1.271  -23.372 0.0000000000
54069  28.953  6.103  -26.538 0.0000000000
52041  31.491  4.941  -26.699 0.0000000000
54065  34.096  6.368  -27.141 0.0000000000
52054  33.642  5.234  -27.270 0.0000000000
51080  33.682  4.246  -25.751 0.0000000000
50105  34.539  3.670  -23.704 0.0000000000
40665  31.119  -5.975  -19.360 0.0000000000
41686  27.867  -6.536  -19.755 0.0000000000
40658  27.739  -6.831  -19.136 0.0000000000
40641  28.243  -7.196  -18.777 0.0000000000
39606  29.273  -6.822  -18.285 0.0000000000
40640  28.929  -6.609  -18.753 0.0000000000
49192  30.570  2.488  -25.645 0.0000000000
48240  30.583  1.592  -25.645 0.0000000000
49191  31.460  2.194  -25.494 0.0000000000
49189  33.023  1.482  -25.221 0.0000000000
50120  32.343  2.925  -25.451 0.0000000000
57495  30.881  10.474  -26.859 0.0000000000
56665  30.387  9.503  -26.515 0.0000000000
56664  31.333  9.442  -26.516 0.0000000000
42876  33.262  -3.198  -21.453 0.0000000000
41696  33.551  -3.204  -19.911 0.0000000000
42838  34.015  -2.627  -20.191 0.0000000000
52045  28.038  4.576  -26.170 0.0000000000
52058  28.312  5.110  -26.535 0.0000000000
39582  28.897  -7.324  -17.006 0.0000000000
39567  29.579  -7.326  -16.086 0.0000000000
37313  30.930  -7.736  -15.640 0.0000000000
38374  31.447  -7.271  -15.777 0.0000000000
39563  33.014  -7.108  -16.198 0.0000000000
42864  28.677  -4.518  -21.238 0.0000000000
42882  28.211  -4.408  -22.086 0.0000000000
43964  29.411  -2.903  -23.506 0.0000000000
43949  29.204  -3.499  -22.971 0.0000000000
43963  30.040  -3.069  -23.433 0.0000000000
43947  31.374  -3.538  -22.523 0.0000000000
43962  31.002  -3.169  -23.298 0.0000000000
47252  28.481  -0.440  -25.045 0.0000000000
47268  28.418  0.578  -25.480 0.0000000000
47265  31.571  -0.356  -25.271 0.0000000000
46186  30.898  -0.977  -25.398 0.0000000000
47250  31.749  -0.805  -24.749 0.0000000000
45031  32.122  -2.198  -24.074 0.0000000000
46153  32.257  -1.276  -24.329 0.0000000000
46135  33.256  -1.515  -23.498 0.0000000000
46171  33.371  -0.697  -24.411 0.0000000000
48229  34.279  1.068  -24.416 0.0000000000
48223  34.358  0.432  -23.434 0.0000000000
55007  30.332  7.389  -26.486 0.0000000000
55008  29.181  7.532  -26.519 0.0000000000
54056  31.033  6.117  -25.946 0.0000000000
53028  30.386  5.589  -26.398 0.0000000000
53027  31.502  5.568  -27.192 0.0000000000
52039  33.634  4.731  -26.808 0.0000000000
52023  34.693  4.424  -25.732 0.0000000000
51063  34.352  3.721  -25.344 0.0000000000
41699  30.206  -5.860  -20.447 0.0000000000
40666  30.500  -6.285  -19.842 0.0000000000
41698  31.295  -5.343  -19.975 0.0000000000
40652  34.368  -4.456  -17.995 0.0000000000
40636  33.407  -5.088  -17.775 0.0000000000
39597  27.987  -8.034  -17.309 0.0000000000
39581  29.459  -7.285  -16.784 0.0000000000
39565  31.040  -7.125  -16.284 0.0000000000
39595  29.696  -6.911  -17.625 0.0000000000
40627  30.454  -6.388  -17.861 0.0000000000
40626  31.280  -6.235  -17.774 0.0000000000
45020  28.806  -2.375  -23.394 0.0000000000
46137  29.266  -1.635  -24.096 0.0000000000
48234  29.552  1.078  -25.503 0.0000000000
48233  30.635  0.624  -25.737 0.0000000000
48232  31.675  0.498  -25.797 0.0000000000
48231  32.610  0.436  -25.669 0.0000000000
47263  33.305  -0.257  -24.538 0.0000000000
48237  33.632  1.054  -26.099 0.0000000000
48236  34.026  1.304  -25.304 0.0000000000
49183  33.627  2.281  -24.125 0.0000000000
56666  29.360  9.591  -26.500 0.0000000000
55863  30.880  8.418  -26.500 0.0000000000
55006  31.441  7.279  -26.290 0.0000000000
41715  31.621  -4.612  -21.034 0.0000000000
41697  32.478  -4.339  -19.779 0.0000000000
41682  33.774  -3.691  -18.862 0.0000000000
49196  28.129  2.313  -26.391 0.0000000000
50125  28.405  2.902  -26.434 0.0000000000
50123  29.799  3.236  -26.336 0.0000000000
51083  30.394  4.290  -25.791 0.0000000000
39564  31.896  -6.500  -15.748 0.0000000000
45001  34.681  -2.143  -21.727 0.0000000000
42875  35.428  -3.426  -21.274 0.0000000000
41702  28.093  -6.132  -20.357 0.0000000000
40668  28.943  -6.221  -20.258 0.0000000000
41701  28.553  -6.007  -20.430 0.0000000000
42841  29.445  -5.242  -20.718 0.0000000000
42881  28.889  -4.366  -22.171 0.0000000000
42880  29.895  -4.292  -22.246 0.0000000000
42862  30.640  -4.707  -21.631 0.0000000000
42878  31.960  -4.336  -21.988 0.0000000000
42877  32.531  -3.542  -21.732 0.0000000000
43945  33.092  -3.135  -22.156 0.0000000000
46157  28.804  -1.010  -24.500 0.0000000000
45034  29.904  -1.826  -24.514 0.0000000000
46175  30.170  -0.786  -25.426 0.0000000000
46155  30.398  -1.562  -24.850 0.0000000000
45033  30.563  -2.055  -24.442 0.0000000000
45017  31.624  -2.634  -23.704 0.0000000000
43959  33.589  -2.652  -22.439 0.0000000000
45015  33.741  -2.519  -23.045 0.0000000000
46134  34.462  -1.978  -22.915 0.0000000000
47248  34.048  -0.735  -24.239 0.0000000000
53042  29.352  5.684  -26.501 0.0000000000
52042  30.399  4.845  -26.426 0.0000000000
51082  31.397  4.385  -25.750 0.0000000000
55005  32.497  7.286  -26.018 0.0000000000
55021  32.576  6.280  -26.257 0.0000000000
53038  34.494  5.744  -27.927 0.0000000000
53040  32.378  5.597  -27.586 0.0000000000
52040  32.421  4.902  -27.043 0.0000000000
51081  32.559  4.217  -25.627 0.0000000000
51065  33.148  3.457  -25.538 0.0000000000
50106  34.375  2.944  -24.785 0.0000000000
49182  34.463  2.981  -22.826 0.0000000000
40655  29.617  -6.375  -19.338 0.0000000000
40654  30.543  -6.287  -19.051 0.0000000000
41655  31.890  -5.921  -18.147 0.0000000000
42823  31.720  -4.453  -19.038 0.0000000000
41667  32.321  -5.210  -18.145 0.0000000000
40657  27.929  -6.868  -19.349 0.0000000000
40656  28.631  -6.491  -19.661 0.0000000000
50122  30.488  3.364  -25.748 0.0000000000
49190  32.359  1.906  -25.268 0.0000000000
42860  33.592  -2.639  -20.673 0.0000000000
43936  34.075  -2.049  -20.558 0.0000000000
94980  30.393  -7.505  -15.966 0.0000000000
39578  32.556  -6.448  -16.605 0.0000000000
39592  33.354  -5.972  -17.298 0.0000000000
43937  27.779  -4.085  -22.273 0.0000000000
45018  30.723  -2.571  -23.852 0.0000000000
47249  32.116  -0.767  -24.576 0.0000000000
46172  32.925  -0.744  -24.513 0.0000000000
46152  33.213  -1.050  -24.314 0.0000000000
49168  34.342  1.206  -22.168 0.0000000000
52038  34.649  4.495  -26.586 0.0000000000
39620  34.595  -5.945  -18.069 0.0000000000
39608  28.028  -7.452  -17.841 0.0000000000
39596  28.607  -7.282  -17.351 0.0000000000
39580  30.488  -7.025  -16.833 0.0000000000
40638  30.817  -6.276  -18.362 0.0000000000
45021  28.166  -1.671  -23.245 0.0000000000
48242  29.234  2.320  -25.776 0.0000000000
48241  29.677  2.029  -25.550 0.0000000000
48239  31.589  1.315  -26.116 0.0000000000
49188  33.462  1.471  -25.013 0.0000000000
49184  33.365  2.404  -24.761 0.0000000000
57497  28.825  10.707  -26.401 0.0000000000
41728  32.178  -4.294  -21.310 0.0000000000
41714  32.820  -4.316  -20.847 0.0000000000
40651  34.950  -4.267  -18.812 0.0000000000
50126  27.713  2.881  -26.252 0.0000000000
49195  28.462  2.393  -26.262 0.0000000000
52044  28.598  4.451  -26.344 0.0000000000
51085  28.833  3.732  -26.396 0.0000000000
51084  29.539  3.953  -26.037 0.0000000000
42844  26.667  -5.084  -20.314 0.0000000000
42842  29.021  -5.073  -20.532 0.0000000000
43950  28.211  -3.655  -22.543 0.0000000000
43948  30.357  -3.535  -22.691 0.0000000000
42861  31.274  -4.519  -21.735 0.0000000000
43946  32.306  -3.544  -22.461 0.0000000000
46156  29.690  -1.205  -25.006 0.0000000000
47267  29.586  -0.200  -25.403 0.0000000000
46174  30.700  -1.094  -25.348 0.0000000000
45032  31.438  -2.142  -24.335 0.0000000000
46136  32.416  -1.796  -23.713 0.0000000000
43960  33.039  -3.295  -23.060 0.0000000000
48230  33.423  0.540  -25.052 0.0000000000
55865  28.829  8.615  -26.514 0.0000000000
54057  29.568  6.469  -26.497 0.0000000000
54058  28.890  6.878  -26.576 0.0000000000
54070  28.520  6.445  -26.936 0.0000000000
53043  28.639  5.713  -26.666 0.0000000000
53014  31.222  5.351  -26.404 0.0000000000
52025  31.303  5.076  -26.636 0.0000000000
55004  33.478  7.631  -26.228 0.0000000000
55020  33.260  6.761  -26.466 0.0000000000
52053  34.754  5.053  -28.148 0.0000000000
53039  33.535  5.596  -27.034 0.0000000000
52055  32.899  5.388  -26.595 0.0000000000
51064  33.830  3.301  -25.990 0.0000000000
40667  29.527  -6.308  -20.110 0.0000000000
40653  31.189  -5.922  -18.683 0.0000000000
40637  31.509  -6.067  -18.208 0.0000000000
41668  31.640  -5.575  -18.236 0.0000000000
42822  32.065  -4.328  -19.224 0.0000000000
42839  31.676  -4.509  -19.494 0.0000000000
40624  32.821  -5.569  -17.640 0.0000000000
41713  33.314  -3.684  -21.038 0.0000000000
41695  34.353  -3.206  -19.892 0.0000000000
38396  28.288  -7.561  -17.186 0.0000000000
95013  27.948  -7.799  -16.789 0.0000000000
94995  28.978  -7.275  -16.391 0.0000000000
37300  31.617  -8.264  -15.201 0.0000000000
37312  31.973  -7.647  -15.430 0.0000000000
42865  28.040  -4.473  -21.686 0.0000000000
46185  31.121  -0.890  -25.328 0.0000000000
46173  31.297  -0.980  -25.179 0.0000000000
53013  31.421  5.291  -26.863 0.0000000000
52024  31.432  5.103  -26.989 0.0000000000
51079  34.175  4.211  -25.640 0.0000000000
41684  31.387  -5.030  -18.782 0.0000000000
39594  30.841  -6.453  -17.231 0.0000000000
54055  31.928  6.180  -26.071 0.0000000000
49194  29.083  2.589  -26.137 0.0000000000
51086  28.098  3.769  -25.821 0.0000000000
50124  29.042  3.059  -26.456 0.0000000000
38373  32.346  -7.144  -15.541 0.0000000000
44989  34.430  -1.408  -21.282 0.0000000000
43935  34.850  -2.358  -20.982 0.0000000000
44988  35.090  -1.726  -21.390 0.0000000000
41717  29.836  -5.449  -20.803 0.0000000000
46158  27.833  -0.912  -24.532 0.0000000000
45002  33.871  -1.786  -22.289 0.0000000000
47247  34.388  -0.581  -23.128 0.0000000000
52057  28.979  5.099  -26.501 0.0000000000
52056  29.682  5.133  -26.496 0.0000000000
54066  32.996  5.745  -26.509 0.0000000000
54067  32.212  6.173  -27.261 0.0000000000
53041  31.800  5.965  -27.831 0.0000000000
53026  31.768  5.163  -27.680 0.0000000000
50108  33.102  2.746  -25.341 0.0000000000
50093  33.240  2.597  -25.153 0.0000000000
50107  33.788  2.618  -25.441 0.0000000000
49175  33.447  2.529  -25.069 0.0000000000
49173  34.333  2.353  -21.536 0.0000000000
40625  32.154  -6.020  -17.784 0.0000000000
42840  31.424  -4.757  -19.316 0.0000000000
41654  32.207  -5.739  -18.101 0.0000000000
43920  34.416  -2.722  -20.489 0.0000000000
42837  34.457  -3.536  -20.462 0.0000000000
41694  34.460  -3.800  -20.266 0.0000000000
41726  32.847  -3.605  -21.368 0.0000000000
42859  34.583  -3.497  -21.098 0.0000000000
43921  33.735  -2.528  -20.676 0.0000000000
47274  31.054  -0.660  -25.374 0.0000000000
47275  30.820  -0.741  -25.406 0.0000000000
49176  33.230  2.490  -24.950 0.0000000000
49199  28.846  2.675  -26.271 0.0000000000
49200  28.637  2.549  -26.250 0.0000000000
50092  33.436  2.634  -25.287 0.0000000000
50132  28.636  2.764  -26.369 0.0000000000
50133  28.431  2.623  -26.362 0.0000000000
