#!ascii label  , from subject output2 vox2ras=TkReg
460
43950  28.211  -3.655  -22.543 0.2500000000
42882  28.211  -4.408  -22.086 0.7500000000
45021  28.166  -1.671  -23.245 0.2500000000
45003  28.470  -3.024  -22.937 0.2500000000
42881  28.889  -4.366  -22.171 0.8750000000
42863  29.599  -4.859  -21.269 0.8750000000
45020  28.806  -2.375  -23.394 0.3750000000
42880  29.895  -4.292  -22.246 1.0000000000
43949  29.204  -3.499  -22.971 1.0000000000
42862  30.640  -4.707  -21.631 1.0000000000
46138  28.358  -1.519  -23.937 0.2500000000
43948  30.357  -3.535  -22.691 1.0000000000
42879  30.895  -4.167  -22.144 1.0000000000
46139  27.377  -1.531  -23.914 0.1250000000
43964  29.411  -2.903  -23.506 1.0000000000
43963  30.040  -3.069  -23.433 1.0000000000
42878  31.960  -4.336  -21.988 1.0000000000
42861  31.274  -4.519  -21.735 1.0000000000
47269  27.259  1.486  -25.554 0.2500000000
46158  27.833  -0.912  -24.532 0.2500000000
46137  29.266  -1.635  -24.096 1.0000000000
46157  28.804  -1.010  -24.500 0.6250000000
45019  29.779  -2.397  -23.941 1.0000000000
43947  31.374  -3.538  -22.523 1.0000000000
45018  30.723  -2.571  -23.852 1.0000000000
43946  32.306  -3.544  -22.461 1.0000000000
42877  32.531  -3.542  -21.732 1.0000000000
47268  28.418  0.578  -25.480 0.5000000000
47252  28.481  -0.440  -25.045 0.3750000000
47251  29.162  -0.667  -24.887 0.8750000000
45034  29.904  -1.826  -24.514 1.0000000000
45017  31.624  -2.634  -23.704 1.0000000000
43961  32.001  -3.253  -23.209 1.0000000000
94924  27.581  1.741  -25.848 0.5000000000
46156  29.690  -1.205  -25.006 1.0000000000
45032  31.438  -2.142  -24.335 1.0000000000
46154  31.200  -1.455  -24.795 1.0000000000
45033  30.563  -2.055  -24.442 1.0000000000
45031  32.122  -2.198  -24.074 1.0000000000
45016  32.536  -2.456  -23.415 0.8750000000
43960  33.039  -3.295  -23.060 0.8750000000
47266  30.775  -0.341  -25.428 1.0000000000
46175  30.170  -0.786  -25.426 1.0000000000
46186  30.898  -0.977  -25.398 1.0000000000
46155  30.398  -1.562  -24.850 1.0000000000
47250  31.749  -0.805  -24.749 1.0000000000
46136  32.416  -1.796  -23.713 1.0000000000
94938  27.765  1.681  -25.984 0.5000000000
48235  28.501  1.837  -25.862 0.8750000000
48234  29.552  1.078  -25.503 1.0000000000
48233  30.635  0.624  -25.737 1.0000000000
48232  31.675  0.498  -25.797 1.0000000000
47264  32.506  -0.434  -24.913 1.0000000000
48231  32.610  0.436  -25.669 1.0000000000
47265  31.571  -0.356  -25.271 1.0000000000
46172  32.925  -0.744  -24.513 1.0000000000
46153  32.257  -1.276  -24.329 0.8750000000
52058  28.312  5.110  -26.535 1.0000000000
52044  28.598  4.451  -26.344 0.8750000000
49193  29.851  2.570  -26.071 1.0000000000
48239  31.589  1.315  -26.116 1.0000000000
53043  28.639  5.713  -26.666 0.8750000000
52057  28.979  5.099  -26.501 1.0000000000
52043  29.333  4.515  -26.394 1.0000000000
51084  29.539  3.953  -26.037 1.0000000000
49191  31.460  2.194  -25.494 1.0000000000
48238  32.636  1.129  -26.254 1.0000000000
54070  28.520  6.445  -26.936 0.7500000000
51083  30.394  4.290  -25.791 1.0000000000
50121  31.433  3.263  -25.501 1.0000000000
50122  30.488  3.364  -25.748 1.0000000000
52056  29.682  5.133  -26.496 1.0000000000
58411  29.590  11.580  -26.747 0.1250000000
59367  29.468  12.085  -26.910 0.1250000000
57496  29.941  10.539  -26.525 0.2500000000
56665  30.387  9.503  -26.515 0.3750000000
57495  30.881  10.474  -26.859 0.2500000000
56664  31.333  9.442  -26.516 0.5000000000
58410  30.329  11.252  -27.012 0.2500000000
57508  30.891  11.221  -27.427 0.2500000000
57507  31.488  11.147  -27.165 0.2500000000
57494  31.662  10.401  -26.482 0.2500000000
56663  32.266  9.436  -26.411 0.3750000000
55861  32.881  8.511  -25.762 0.3750000000
43951  27.614  -3.379  -22.434 0.1250000000
45004  27.763  -2.372  -22.626 0.1250000000
41715  31.621  -4.612  -21.034 1.0000000000
47267  29.586  -0.200  -25.403 0.8750000000
43938  27.591  -3.834  -22.221 0.1250000000
42864  28.677  -4.518  -21.238 0.6250000000
42842  29.021  -5.073  -20.532 0.7500000000
42841  29.445  -5.242  -20.718 1.0000000000
45005  27.494  -2.960  -22.530 0.1250000000
47253  27.347  0.138  -24.894 0.2500000000
43945  33.092  -3.135  -22.156 0.8750000000
53045  27.263  5.617  -27.145 0.1250000000
52059  27.609  5.000  -26.511 0.1250000000
49197  27.634  1.997  -26.138 0.3750000000
49196  28.129  2.313  -26.391 0.6250000000
52045  28.038  4.576  -26.170 0.3750000000
51086  28.098  3.769  -25.821 0.8750000000
53042  29.352  5.684  -26.501 1.0000000000
54069  28.953  6.103  -26.538 0.8750000000
53028  30.386  5.589  -26.398 1.0000000000
52042  30.399  4.845  -26.426 1.0000000000
59368  29.136  12.310  -26.535 0.1250000000
57497  28.825  10.707  -26.401 0.1250000000
55864  29.831  8.511  -26.509 0.6250000000
55862  31.914  8.386  -26.464 0.5000000000
58425  30.490  11.925  -27.479 0.2500000000
58424  31.256  11.813  -27.504 0.1250000000
56662  33.222  9.515  -26.250 0.2500000000
55860  33.862  8.520  -26.401 0.2500000000
57506  31.874  11.316  -26.404 0.1250000000
43937  27.779  -4.085  -22.273 0.1250000000
41728  32.178  -4.294  -21.310 1.0000000000
43962  31.002  -3.169  -23.298 1.0000000000
46174  30.700  -1.094  -25.348 1.0000000000
46173  31.297  -0.980  -25.179 1.0000000000
46185  31.121  -0.890  -25.328 1.0000000000
47249  32.116  -0.767  -24.576 1.0000000000
48241  29.677  2.029  -25.550 1.0000000000
48240  30.583  1.592  -25.645 1.0000000000
51085  28.833  3.732  -26.396 1.0000000000
48242  29.234  2.320  -25.776 1.0000000000
49194  29.083  2.589  -26.137 1.0000000000
50123  29.799  3.236  -26.336 1.0000000000
49192  30.570  2.488  -25.645 1.0000000000
58412  28.990  11.492  -26.459 0.1250000000
58426  29.979  11.737  -27.268 0.2500000000
55863  30.880  8.418  -26.500 0.7500000000
57493  32.493  10.421  -26.411 0.2500000000
42865  28.040  -4.473  -21.686 0.6250000000
51094  27.591  4.340  -26.188 0.5000000000
49195  28.462  2.393  -26.262 0.7500000000
50125  28.405  2.902  -26.434 0.8750000000
50124  29.042  3.059  -26.456 1.0000000000
53014  31.222  5.351  -26.404 1.0000000000
51082  31.397  4.385  -25.750 1.0000000000
56666  29.360  9.591  -26.500 0.3750000000
55004  33.478  7.631  -26.228 0.3750000000
40640  28.929  -6.609  -18.753 0.7500000000
40638  30.817  -6.276  -18.362 0.7500000000
40656  28.631  -6.491  -19.661 0.7500000000
40654  30.543  -6.287  -19.051 0.7500000000
40639  29.837  -6.405  -18.450 0.7500000000
40655  29.617  -6.375  -19.338 0.7500000000
41701  28.553  -6.007  -20.430 0.7500000000
40667  29.527  -6.308  -20.110 0.7500000000
41700  29.330  -5.754  -20.482 0.8750000000
40653  31.189  -5.922  -18.683 0.7500000000
40666  30.500  -6.285  -19.842 0.7500000000
41699  30.206  -5.860  -20.447 0.8750000000
41717  29.836  -5.449  -20.803 0.8750000000
41684  31.387  -5.030  -18.782 0.7500000000
40665  31.119  -5.975  -19.360 0.7500000000
41698  31.295  -5.343  -19.975 0.8750000000
41716  30.596  -5.360  -21.018 0.8750000000
41697  32.478  -4.339  -19.779 0.8750000000
41714  32.820  -4.316  -20.847 0.8750000000
41681  34.420  -3.560  -19.384 0.3750000000
41696  33.551  -3.204  -19.911 0.6250000000
41713  33.314  -3.684  -21.038 0.7500000000
41727  32.536  -3.967  -21.355 0.7500000000
41695  34.353  -3.206  -19.892 0.5000000000
42838  34.015  -2.627  -20.191 0.5000000000
42860  33.592  -2.639  -20.673 0.7500000000
42876  33.262  -3.198  -21.453 0.7500000000
42858  35.668  -3.940  -20.511 0.1250000000
43920  34.416  -2.722  -20.489 0.3750000000
43936  34.075  -2.049  -20.558 0.6250000000
43944  33.559  -2.147  -21.488 0.6250000000
41725  36.572  -3.812  -21.065 0.1250000000
42874  36.356  -3.551  -20.548 0.1250000000
44988  35.090  -1.726  -21.390 0.1250000000
43943  35.562  -2.277  -21.521 0.1250000000
45002  33.871  -1.786  -22.289 0.6250000000
45015  33.741  -2.519  -23.045 0.6250000000
42892  35.928  -3.122  -21.295 0.1250000000
43958  36.438  -2.138  -21.749 0.1250000000
45014  35.097  -2.599  -22.638 0.1250000000
46135  33.256  -1.515  -23.498 0.7500000000
42899  36.850  -2.841  -21.206 0.1250000000
46134  34.462  -1.978  -22.915 0.5000000000
54058  28.890  6.878  -26.576 0.6250000000
55008  29.181  7.532  -26.519 0.5000000000
54057  29.568  6.469  -26.497 0.7500000000
47237  34.318  -1.271  -23.372 0.6250000000
47263  33.305  -0.257  -24.538 0.6250000000
47248  34.048  -0.735  -24.239 0.6250000000
49190  32.359  1.906  -25.268 0.8750000000
48230  33.423  0.540  -25.052 0.7500000000
48237  33.632  1.054  -26.099 0.8750000000
49189  33.023  1.482  -25.221 0.8750000000
50120  32.343  2.925  -25.451 0.8750000000
47247  34.388  -0.581  -23.128 0.3750000000
48224  33.823  0.275  -24.320 0.5000000000
55007  30.332  7.389  -26.486 0.7500000000
48223  34.358  0.432  -23.434 0.3750000000
48229  34.279  1.068  -24.416 0.5000000000
49185  32.932  2.375  -24.863 0.7500000000
54056  31.033  6.117  -25.946 0.8750000000
53013  31.421  5.291  -26.863 0.8750000000
52041  31.491  4.941  -26.699 0.8750000000
53027  31.502  5.568  -27.192 0.7500000000
51065  33.148  3.457  -25.538 0.7500000000
49188  33.462  1.471  -25.013 0.5000000000
49174  33.701  1.727  -22.890 0.2500000000
49183  33.627  2.281  -24.125 0.5000000000
48236  34.026  1.304  -25.304 0.5000000000
54068  31.643  6.092  -27.245 0.7500000000
53041  31.800  5.965  -27.831 0.7500000000
52040  32.421  4.902  -27.043 0.7500000000
53026  31.768  5.163  -27.680 0.7500000000
54067  32.212  6.173  -27.261 0.7500000000
51081  32.559  4.217  -25.627 0.7500000000
52039  33.634  4.731  -26.808 0.7500000000
50107  33.788  2.618  -25.441 0.5000000000
51064  33.830  3.301  -25.990 0.3750000000
50106  34.375  2.944  -24.785 0.3750000000
55006  31.441  7.279  -26.290 0.6250000000
54055  31.928  6.180  -26.071 0.7500000000
53040  32.378  5.597  -27.586 0.7500000000
52055  32.899  5.388  -26.595 0.7500000000
51063  34.352  3.721  -25.344 0.3750000000
51079  34.175  4.211  -25.640 0.3750000000
49182  34.463  2.981  -22.826 0.1250000000
50105  34.539  3.670  -23.704 0.1250000000
52054  33.642  5.234  -27.270 0.3750000000
51080  33.682  4.246  -25.751 0.6250000000
50104  35.424  4.104  -22.863 0.1250000000
55005  32.497  7.286  -26.018 0.6250000000
54066  32.996  5.745  -26.509 0.3750000000
55021  32.576  6.280  -26.257 0.3750000000
53039  33.535  5.596  -27.034 0.3750000000
52037  35.519  4.533  -26.067 0.2500000000
52038  34.649  4.495  -26.586 0.3750000000
51062  34.649  4.248  -24.451 0.1250000000
52023  34.693  4.424  -25.732 0.3750000000
49181  35.439  3.394  -21.929 0.1250000000
54065  34.096  6.368  -27.141 0.3750000000
55020  33.260  6.761  -26.466 0.3750000000
52068  35.518  5.734  -29.352 0.3750000000
53038  34.494  5.744  -27.927 0.3750000000
52052  35.718  4.885  -27.396 0.3750000000
52053  34.754  5.053  -28.148 0.3750000000
51060  36.677  4.038  -24.033 0.1250000000
52022  34.995  4.466  -25.212 0.1250000000
55019  33.866  7.042  -26.464 0.2500000000
54079  34.758  6.287  -28.677 0.2500000000
52051  36.107  5.140  -27.400 0.1250000000
54082  35.259  6.046  -29.476 0.3750000000
53025  35.856  5.035  -26.624 0.1250000000
53011  35.774  5.947  -24.381 0.1250000000
54064  34.934  6.500  -27.554 0.2500000000
53051  36.355  5.564  -28.038 0.1250000000
54063  35.730  6.328  -27.027 0.1250000000
53036  36.211  5.412  -26.567 0.1250000000
52020  36.324  5.208  -24.103 0.1250000000
53023  36.589  5.582  -24.288 0.1250000000
54062  35.678  6.356  -24.602 0.1250000000
53035  36.346  5.835  -24.500 0.1250000000
52035  37.382  5.273  -24.782 0.1250000000
52019  37.517  4.194  -24.764 0.1250000000
52024  31.432  5.103  -26.989 0.8750000000
49184  33.365  2.404  -24.761 0.5000000000
49175  33.447  2.529  -25.069 0.5000000000
50093  33.240  2.597  -25.153 0.7500000000
53001  35.379  5.658  -24.611 0.1250000000
54078  35.499  6.132  -28.870 0.2500000000
44989  34.430  -1.408  -21.282 0.5000000000
43959  33.589  -2.652  -22.439 0.6250000000
47236  35.200  -1.075  -22.411 0.2500000000
53024  35.955  5.356  -25.402 0.1250000000
39595  29.696  -6.911  -17.625 0.7500000000
39606  29.273  -6.822  -18.285 0.7500000000
40641  28.243  -7.196  -18.777 0.7500000000
40657  27.929  -6.868  -19.349 0.7500000000
40627  30.454  -6.388  -17.861 0.7500000000
40626  31.280  -6.235  -17.774 0.7500000000
40668  28.943  -6.221  -20.258 0.7500000000
40637  31.509  -6.067  -18.208 0.6250000000
42839  31.676  -4.509  -19.494 0.6250000000
41682  33.774  -3.691  -18.862 0.3750000000
43934  35.549  -4.325  -20.540 0.1250000000
95150  36.171  -3.829  -20.805 0.1250000000
40684  36.771  -4.264  -21.196 0.1250000000
41738  36.881  -3.700  -21.483 0.1250000000
43970  36.973  -2.654  -21.476 0.1250000000
43969  37.255  -2.650  -21.537 0.1250000000
43957  36.732  -2.589  -22.213 0.1250000000
45013  36.241  -2.371  -22.594 0.1250000000
55865  28.829  8.615  -26.514 0.5000000000
48218  34.546  0.114  -22.078 0.1250000000
49168  34.342  1.206  -22.168 0.1250000000
49173  34.333  2.353  -21.536 0.1250000000
49180  36.511  2.998  -22.025 0.1250000000
51059  38.051  4.242  -23.506 0.1250000000
59381  29.791  12.401  -27.319 0.1250000000
54043  34.505  7.155  -26.151 0.2500000000
55018  34.819  6.677  -26.210 0.1250000000
55017  35.190  7.505  -25.013 0.1250000000
53034  37.172  6.102  -23.903 0.1250000000
46152  33.213  -1.050  -24.314 0.7500000000
52025  31.303  5.076  -26.636 0.8750000000
55003  34.292  7.597  -26.405 0.2500000000
41685  28.093  -6.444  -19.980 0.7500000000
42843  28.437  -5.028  -20.524 0.6250000000
42840  31.424  -4.757  -19.316 0.7500000000
42822  32.065  -4.328  -19.224 0.6250000000
42837  34.457  -3.536  -20.462 0.2500000000
95132  34.563  -4.090  -20.095 0.1250000000
42875  35.428  -3.426  -21.274 0.2500000000
43935  34.850  -2.358  -20.982 0.3750000000
42891  36.902  -3.301  -20.874 0.1250000000
41735  36.921  -3.618  -21.128 0.1250000000
45001  34.681  -2.143  -21.727 0.5000000000
46171  33.371  -0.697  -24.411 0.6250000000
50108  33.102  2.746  -25.341 0.7500000000
51061  35.177  4.903  -23.515 0.1250000000
52072  35.657  5.659  -29.469 0.3750000000
52021  35.067  5.016  -24.457 0.1250000000
52011  35.328  5.395  -24.571 0.1250000000
52036  35.571  4.894  -25.171 0.1250000000
50103  36.943  3.195  -23.156 0.1250000000
54053  34.503  6.737  -26.465 0.2500000000
54054  34.200  6.976  -26.383 0.2500000000
54051  36.191  5.949  -24.543 0.1250000000
54042  35.865  5.762  -25.262 0.1250000000
39594  30.841  -6.453  -17.231 0.7500000000
39607  28.769  -7.214  -18.174 0.7500000000
41702  28.093  -6.132  -20.357 0.5000000000
42823  31.720  -4.453  -19.038 0.6250000000
41683  32.667  -4.467  -18.632 0.5000000000
45029  36.906  -1.991  -22.088 0.1250000000
39608  28.028  -7.452  -17.841 0.7500000000
39580  30.488  -7.025  -16.833 0.6250000000
39593  31.947  -6.269  -17.205 0.3750000000
41655  31.890  -5.921  -18.147 0.5000000000
41668  31.640  -5.575  -18.236 0.5000000000
41667  32.321  -5.210  -18.145 0.3750000000
39578  32.556  -6.448  -16.605 0.5000000000
39579  31.373  -6.343  -16.450 0.6250000000
39565  31.040  -7.125  -16.284 0.6250000000
40658  27.739  -6.831  -19.136 0.3750000000
40642  27.774  -7.214  -18.225 0.3750000000
39564  31.896  -6.500  -15.748 0.3750000000
39592  33.354  -5.972  -17.298 0.2500000000
40625  32.154  -6.020  -17.784 0.2500000000
40652  34.368  -4.456  -17.995 0.2500000000
40651  34.950  -4.267  -18.812 0.2500000000
50126  27.713  2.881  -26.252 0.2500000000
53044  28.051  5.657  -27.130 0.2500000000
41686  27.867  -6.536  -19.755 0.3750000000
39596  28.607  -7.282  -17.351 0.6250000000
41654  32.207  -5.739  -18.101 0.3750000000
39563  33.014  -7.108  -16.198 0.3750000000
39581  29.459  -7.285  -16.784 0.6250000000
40624  32.821  -5.569  -17.640 0.2500000000
40636  33.407  -5.088  -17.775 0.2500000000
48225  26.848  0.350  -24.718 0.1250000000
39567  29.579  -7.326  -16.086 0.5000000000
38373  32.346  -7.144  -15.541 0.2500000000
38374  31.447  -7.271  -15.777 0.3750000000
94995  28.978  -7.275  -16.391 0.3750000000
38396  28.288  -7.561  -17.186 0.5000000000
39582  28.897  -7.324  -17.006 0.5000000000
39597  27.987  -8.034  -17.309 0.3750000000
94997  28.350  -7.904  -15.696 0.1250000000
37301  29.165  -7.648  -15.471 0.3750000000
39609  27.529  -7.741  -17.319 0.2500000000
94979  29.001  -9.199  -15.366 0.1250000000
37312  31.973  -7.647  -15.430 0.2500000000
37313  30.930  -7.736  -15.640 0.3750000000
94992  28.531  -8.328  -15.482 0.1250000000
95020  27.882  -7.040  -16.027 0.1250000000
39610  27.228  -7.682  -16.580 0.1250000000
39566  30.202  -7.374  -16.406 0.5000000000
94980  30.393  -7.505  -15.966 0.5000000000
95015  27.880  -7.159  -16.022 0.2500000000
95013  27.948  -7.799  -16.789 0.1250000000
95017  28.689  -8.126  -15.630 0.1250000000
95002  28.364  -8.989  -15.537 0.1250000000
37300  31.617  -8.264  -15.201 0.2500000000
37290  29.683  -9.259  -14.324 0.2500000000
37289  31.304  -8.910  -14.259 0.2500000000
42844  26.667  -5.084  -20.314 0.1250000000
55022  28.559  7.141  -26.801 0.1250000000
55009  28.340  7.768  -26.611 0.1250000000
55866  27.921  8.653  -26.482 0.1250000000
56667  28.345  9.603  -26.462 0.1250000000
55023  28.058  7.176  -27.281 0.1250000000
57482  28.394  10.798  -26.011 0.1250000000
54071  27.689  6.386  -27.464 0.1250000000
41703  26.435  -5.591  -20.089 0.1250000000
51095  27.272  4.485  -26.405 0.1250000000
55010  27.586  7.754  -26.676 0.1250000000
56668  27.338  9.529  -26.176 0.1250000000
58396  27.910  10.806  -25.540 0.1250000000
58395  28.522  11.347  -25.947 0.1250000000
57481  28.589  10.947  -26.148 0.1250000000
42866  27.352  -3.980  -20.874 0.1250000000
41687  26.581  -5.757  -19.391 0.1250000000
51087  27.141  3.815  -26.259 0.1250000000
42826  26.518  -4.746  -19.844 0.1250000000
57498  27.869  10.331  -26.083 0.1250000000
57509  27.210  9.997  -25.620 0.1250000000
39562  34.144  -6.555  -15.753 0.1250000000
39577  33.650  -6.162  -16.548 0.1250000000
38410  34.545  -6.469  -17.832 0.1250000000
39605  33.719  -5.562  -17.182 0.1250000000
39620  34.595  -5.945  -18.069 0.1250000000
39627  35.864  -6.910  -18.147 0.1250000000
37299  32.616  -7.549  -14.730 0.1250000000
38372  33.234  -7.193  -15.257 0.1250000000
38371  34.231  -7.104  -15.086 0.1250000000
39576  34.596  -5.823  -16.473 0.1250000000
38395  34.267  -5.622  -17.344 0.1250000000
38420  34.950  -7.414  -18.218 0.1250000000
95121  35.718  -5.226  -18.853 0.1250000000
39591  34.208  -5.419  -16.960 0.1250000000
37288  33.132  -8.410  -14.051 0.1250000000
37311  32.533  -7.357  -15.171 0.1250000000
41694  34.460  -3.800  -20.266 0.2500000000
41726  32.847  -3.605  -21.368 0.7500000000
42836  35.139  -4.228  -20.249 0.1250000000
42859  34.583  -3.497  -21.098 0.3750000000
42898  36.355  -3.218  -21.381 0.1250000000
43918  35.648  -4.725  -20.713 0.1250000000
43919  35.341  -4.394  -20.425 0.1250000000
43921  33.735  -2.528  -20.676 0.6250000000
43933  35.535  -4.563  -20.596 0.1250000000
47274  31.054  -0.660  -25.374 1.0000000000
47275  30.820  -0.741  -25.406 1.0000000000
49176  33.230  2.490  -24.950 0.7500000000
49199  28.846  2.675  -26.271 1.0000000000
49200  28.637  2.549  -26.250 1.0000000000
50092  33.436  2.634  -25.287 0.5000000000
50132  28.636  2.764  -26.369 1.0000000000
50133  28.431  2.623  -26.362 1.0000000000
52010  35.438  5.691  -24.577 0.1250000000
52066  36.290  4.949  -27.704 0.1250000000
52067  35.811  5.273  -28.589 0.3750000000
52073  35.564  5.675  -29.782 0.3750000000
53000  35.379  5.890  -24.482 0.1250000000
53012  35.600  5.635  -24.951 0.1250000000
53037  35.915  5.227  -27.223 0.1250000000
53052  35.650  5.651  -28.841 0.3750000000
53053  34.818  5.732  -29.288 0.3750000000
53055  35.481  5.791  -29.593 0.3750000000
53056  35.357  5.893  -29.641 0.3750000000
54041  35.895  6.036  -25.143 0.1250000000
54044  34.383  7.312  -26.301 0.2500000000
54052  36.032  5.630  -24.852 0.1250000000
54077  36.091  6.027  -28.412 0.2500000000
54081  35.476  6.062  -29.682 0.2500000000
54994  34.694  7.270  -26.033 0.2500000000
54995  34.588  7.387  -26.224 0.2500000000
59380  30.252  12.314  -27.492 0.2500000000
95022  28.639  -8.198  -15.599 0.1250000000
