#!ascii label  , from subject output2 vox2ras=TkReg
1230
3663  40.990  -56.490  7.649 0.2000000030
3646  41.005  -56.403  8.132 0.2000000030
3674  41.272  -56.719  6.431 0.2000000030
4103  40.690  -56.248  7.674 0.2000000030
3243  41.496  -58.021  5.459 0.1000000015
4087  41.226  -55.972  8.300 0.3000000119
3662  41.213  -56.342  7.889 0.2000000030
3675  40.933  -56.680  6.649 0.2000000030
3224  41.311  -58.202  6.057 0.1000000015
3692  41.526  -57.119  5.294 0.1000000015
3709  41.670  -56.803  4.657 0.1000000015
3720  42.264  -56.514  3.543 0.1000000015
3264  41.524  -57.514  4.559 0.1000000015
3278  41.629  -57.378  3.527 0.1000000015
3733  42.394  -56.421  2.899 0.2000000030
3292  42.196  -56.947  2.732 0.1000000015
4117  41.862  -55.580  6.655 0.1000000015
4116  42.458  -54.963  6.095 0.1000000015
4102  41.604  -55.656  7.489 0.2000000030
3691  42.031  -56.333  5.183 0.1000000015
3708  42.074  -56.459  4.285 0.1000000015
4155  42.305  -55.626  3.445 0.1000000015
4156  41.946  -55.380  3.274 0.2000000030
4170  42.217  -55.927  2.786 0.2000000030
4157  41.227  -55.327  3.420 0.1000000015
4656  40.597  -54.602  3.323 0.2000000030
4657  39.988  -54.412  3.105 0.1000000015
5196  39.587  -53.659  3.403 0.1000000015
4130  41.692  -55.051  5.053 0.1000000015
4145  42.416  -55.797  4.229 0.1000000015
5195  41.158  -53.795  3.676 0.2000000030
5175  40.526  -53.182  4.333 0.2000000030
5176  39.753  -53.076  4.214 0.2000000030
5688  39.319  -52.714  3.982 0.1000000015
5197  38.633  -53.192  2.965 0.2000000030
4637  42.390  -54.504  4.180 0.1000000015
4654  42.215  -54.627  3.684 0.2000000030
5194  42.200  -53.800  3.786 0.2000000030
4655  41.646  -54.600  3.519 0.3000000119
5678  39.013  -52.133  4.361 0.3000000119
5689  38.386  -52.365  3.473 0.2000000030
5708  38.329  -53.111  1.753 0.2000000030
5174  41.721  -53.120  4.416 0.3000000119
5677  39.958  -52.321  4.475 0.3000000119
6210  39.528  -51.238  4.769 0.3000000119
6764  39.553  -50.223  5.012 0.3000000119
6211  38.626  -51.503  4.160 0.3000000119
5699  38.323  -52.761  2.377 0.2000000030
6753  40.131  -50.144  5.414 0.4000000060
6209  40.544  -51.534  4.897 0.3000000119
6199  39.788  -50.652  5.266 0.3000000119
6765  38.723  -50.555  4.411 0.3000000119
6219  37.928  -51.489  3.451 0.2000000030
6771  38.329  -51.003  3.794 0.2000000030
5690  37.659  -51.895  3.174 0.2000000030
7275  39.948  -49.330  5.660 0.3000000119
6772  37.745  -50.659  3.594 0.2000000030
6766  38.128  -50.537  4.100 0.2000000030
6226  37.517  -51.357  2.917 0.2000000030
5700  37.620  -52.120  2.569 0.2000000030
7794  40.463  -48.554  5.700 0.3000000119
7795  39.604  -48.550  5.305 0.3000000119
7276  39.141  -49.507  4.683 0.3000000119
7796  38.601  -48.749  4.609 0.2000000030
7277  37.824  -49.856  4.473 0.1000000015
7283  37.161  -49.870  3.634 0.1000000015
7797  37.361  -48.724  4.846 0.1000000015
6775  37.463  -50.492  2.737 0.1000000015
8298  40.550  -48.123  4.705 0.3000000119
8312  40.969  -47.282  4.081 0.2000000030
8849  40.181  -47.229  4.442 0.2000000030
8865  40.380  -46.436  3.630 0.1000000015
8299  39.428  -47.916  4.578 0.1000000015
7278  36.720  -49.428  4.555 0.1000000015
8866  39.580  -45.866  4.381 0.1000000015
8850  39.308  -46.850  4.606 0.1000000015
8300  38.301  -47.812  4.675 0.1000000015
8301  37.153  -47.603  4.771 0.1000000015
8302  36.438  -47.225  4.750 0.1000000015
7798  36.322  -48.322  4.595 0.1000000015
8871  40.605  -45.646  2.897 0.1000000015
3721  41.657  -56.816  4.034 0.1000000015
3673  41.781  -55.706  5.908 0.1000000015
4172  40.417  -55.411  2.835 0.1000000015
11706  45.597  -41.524  12.610 0.5000000000
12251  44.894  -40.848  13.296 0.5000000000
12260  44.762  -40.616  12.935 0.5000000000
11707  44.313  -41.293  12.285 0.5000000000
11722  43.498  -41.548  11.466 0.5000000000
11676  42.767  -41.439  14.347 0.2000000030
11675  43.831  -41.784  14.089 0.3000000119
12241  44.129  -41.566  13.542 0.5000000000
12252  44.392  -40.891  13.230 0.5000000000
12262  43.167  -41.360  13.147 0.5000000000
12261  43.894  -40.734  12.891 0.5000000000
11709  42.157  -41.497  12.837 0.5000000000
11708  43.234  -41.467  12.338 0.5000000000
11721  44.749  -41.545  11.376 0.5000000000
11140  44.697  -42.794  10.557 0.5000000000
9964  44.136  -44.529  10.532 0.5000000000
12243  42.345  -40.527  14.256 0.3000000119
12253  43.570  -41.261  13.308 0.5000000000
11729  42.887  -42.112  10.531 0.5000000000
11141  43.401  -42.985  10.509 0.5000000000
8209  41.281  -46.664  10.351 0.4000000060
8775  42.143  -46.368  10.270 0.5000000000
9363  42.686  -45.317  10.429 0.5000000000
11677  41.607  -41.266  14.450 0.3000000119
12789  42.278  -40.012  14.140 0.4000000060
12254  42.447  -40.531  13.731 0.5000000000
11694  41.862  -41.016  13.497 0.5000000000
11710  41.171  -41.387  13.130 0.5000000000
11724  40.976  -41.515  11.984 0.5000000000
11723  41.954  -41.550  11.309 0.5000000000
9965  42.992  -44.533  10.488 0.5000000000
10553  43.128  -43.703  10.479 0.5000000000
7684  40.501  -48.389  10.914 0.4000000060
7698  40.566  -47.387  10.139 0.4000000060
11036  39.057  -42.530  16.725 0.1000000015
11661  39.088  -42.473  16.090 0.1000000015
11645  38.985  -42.188  15.566 0.1000000015
11049  39.673  -42.499  16.152 0.1000000015
11660  39.710  -41.976  15.527 0.1000000015
12220  38.980  -41.692  15.320 0.1000000015
12234  39.935  -40.644  15.134 0.1000000015
11678  40.999  -41.051  14.547 0.1000000015
12244  41.650  -40.385  14.446 0.3000000119
12781  42.041  -39.931  14.337 0.4000000060
12255  41.615  -39.751  13.790 0.4000000060
11695  41.534  -40.445  13.537 0.5000000000
11711  40.553  -40.797  13.211 0.5000000000
11725  40.289  -41.321  12.402 0.5000000000
92586  40.931  -46.444  9.874 0.5000000000
7174  40.521  -49.141  11.509 0.5000000000
11023  38.028  -42.782  18.302 0.1000000015
10448  39.087  -43.580  18.411 0.1000000015
11031  38.811  -43.044  17.632 0.1000000015
11647  38.688  -42.596  16.175 0.1000000015
11646  38.474  -42.622  16.055 0.1000000015
12221  38.087  -41.552  15.338 0.1000000015
11635  38.005  -42.504  17.383 0.1000000015
12771  39.873  -39.869  14.427 0.2000000030
13316  38.970  -39.762  14.466 0.2000000030
11659  40.796  -41.715  15.312 0.1000000015
12233  40.500  -41.140  15.114 0.1000000015
12245  41.216  -40.691  14.520 0.1000000015
92771  41.031  -39.640  14.150 0.2000000030
12770  40.514  -39.571  14.009 0.2000000030
13332  39.451  -39.051  13.579 0.2000000030
12782  41.478  -39.774  14.262 0.2000000030
12256  40.672  -39.821  13.656 0.3000000119
12263  40.580  -40.254  13.451 0.4000000060
11712  40.083  -40.746  12.767 0.4000000060
9365  41.107  -44.234  9.533 0.5000000000
92606  41.222  -43.384  9.521 0.5000000000
92609  41.891  -42.850  9.605 0.5000000000
9967  41.512  -44.395  9.643 0.5000000000
10554  42.259  -43.768  9.738 0.5000000000
11731  40.202  -41.505  11.660 0.5000000000
92593  41.030  -45.823  9.539 0.5000000000
9364  41.402  -44.907  9.798 0.5000000000
9966  42.027  -44.390  9.866 0.5000000000
11015  37.418  -42.667  18.509 0.1000000015
11626  37.305  -42.413  17.832 0.1000000015
11636  36.299  -40.839  17.081 0.1000000015
12208  37.337  -41.843  16.802 0.1000000015
12758  38.075  -40.489  14.868 0.1000000015
12757  38.948  -40.861  14.583 0.1000000015
12235  40.072  -40.208  14.646 0.1000000015
12791  39.885  -39.690  13.676 0.3000000119
12264  39.963  -40.409  13.129 0.4000000060
12794  39.562  -39.921  13.117 0.3000000119
92608  39.970  -42.419  9.470 0.5000000000
92618  39.734  -42.167  8.918 0.5000000000
12267  39.580  -41.065  12.458 0.5000000000
92612  38.527  -41.906  9.381 0.5000000000
92613  40.569  -41.419  9.932 0.6000000238
12266  39.576  -41.489  11.658 0.5000000000
6631  40.202  -50.115  11.174 0.4000000060
7175  40.079  -49.496  10.931 0.4000000060
12748  34.702  -39.346  16.208 0.1000000015
12211  35.564  -40.144  16.784 0.1000000015
12224  35.431  -39.912  16.197 0.1000000015
12210  36.198  -40.634  16.263 0.1000000015
12223  35.743  -40.326  16.090 0.1000000015
12745  36.643  -40.768  15.588 0.1000000015
12746  36.237  -40.449  15.639 0.1000000015
12222  37.321  -40.842  15.370 0.1000000015
12759  36.938  -40.300  14.724 0.1000000015
13317  38.134  -39.730  14.433 0.2000000030
13334  38.145  -39.062  14.370 0.2000000030
13333  38.975  -38.923  14.337 0.2000000030
14615  36.812  -35.076  8.628 0.2000000030
92774  39.493  -39.381  13.107 0.2000000030
13378  35.516  -36.242  7.915 0.2000000030
13371  35.108  -36.901  8.898 0.2000000030
13365  35.251  -37.700  10.005 0.2000000030
13956  35.214  -37.054  11.147 0.2000000030
12825  35.181  -37.499  7.793 0.2000000030
12812  35.286  -38.171  8.789 0.2000000030
12807  35.207  -38.887  9.756 0.2000000030
13364  35.537  -38.712  11.264 0.2000000030
13363  36.333  -39.751  11.032 0.2000000030
12799  37.573  -39.978  11.225 0.4000000060
92622  36.421  -39.995  7.577 0.2000000030
92627  35.966  -39.590  8.308 0.3000000119
12806  36.242  -39.799  9.549 0.3000000119
12805  37.226  -39.804  10.645 0.4000000060
12797  38.966  -40.355  12.474 0.4000000060
12292  37.610  -41.962  8.189 0.5000000000
12824  37.532  -41.576  8.488 0.4000000060
92621  37.078  -40.906  8.599 0.4000000060
12811  37.588  -40.390  9.825 0.4000000060
12804  37.913  -40.483  10.906 0.5000000000
12803  38.616  -41.143  11.602 0.5000000000
92617  38.151  -40.763  9.054 0.5000000000
92619  39.817  -40.940  9.731 0.5000000000
11730  40.002  -41.321  10.646 0.5000000000
13897  33.573  -38.554  15.446 0.1000000015
13888  34.011  -38.607  16.040 0.1000000015
13308  34.542  -39.063  15.955 0.1000000015
13907  35.026  -38.776  14.383 0.1000000015
12761  35.185  -39.461  15.712 0.1000000015
13319  35.068  -38.865  15.269 0.1000000015
12775  35.735  -39.541  15.169 0.1000000015
13336  35.613  -39.181  14.829 0.1000000015
12774  36.334  -39.505  14.600 0.1000000015
12773  37.260  -39.341  14.359 0.2000000030
12785  37.174  -38.938  14.272 0.2000000030
15346  36.410  -35.461  9.224 0.1000000015
14596  35.959  -35.596  9.371 0.2000000030
13973  35.576  -36.387  9.881 0.2000000030
92700  39.404  -36.053  8.632 0.1000000015
14602  37.334  -35.755  9.244 0.1000000015
15345  36.482  -35.608  9.407 0.1000000015
14594  36.864  -36.305  10.086 0.1000000015
13972  36.101  -36.173  10.837 0.1000000015
13360  36.461  -38.233  11.800 0.1000000015
13359  37.186  -39.214  11.506 0.2000000030
92778  39.168  -39.595  12.625 0.3000000119
13944  36.579  -37.844  11.844 0.1000000015
13358  38.492  -39.484  12.013 0.2000000030
92616  38.755  -40.749  10.235 0.5000000000
92615  39.117  -41.496  10.989 0.5000000000
13909  33.244  -38.055  14.574 0.1000000015
13921  33.576  -37.806  13.574 0.1000000015
13920  34.672  -37.788  13.182 0.1000000015
13908  33.887  -38.402  14.300 0.1000000015
13919  36.075  -38.169  13.435 0.1000000015
13348  36.737  -38.744  14.113 0.1000000015
13347  37.857  -38.593  13.911 0.2000000030
13346  38.735  -38.547  13.890 0.2000000030
13345  39.153  -38.482  13.619 0.2000000030
13390  38.698  -36.349  9.353 0.1000000015
13982  37.649  -36.374  10.057 0.1000000015
13971  37.091  -36.335  10.765 0.1000000015
13955  36.354  -37.281  11.855 0.1000000015
92786  39.054  -38.795  12.443 0.1000000015
13954  37.741  -37.263  11.766 0.1000000015
13943  37.068  -38.038  11.663 0.1000000015
14566  34.189  -36.234  13.064 0.1000000015
13930  33.880  -37.121  13.137 0.1000000015
15277  34.568  -35.133  13.221 0.1000000015
13929  34.457  -36.926  12.994 0.1000000015
15276  35.402  -35.207  13.004 0.1000000015
14565  34.979  -36.449  12.623 0.1000000015
14557  35.768  -37.061  13.198 0.1000000015
13918  37.589  -37.637  13.355 0.1000000015
92776  39.339  -38.206  13.166 0.2000000030
13952  39.417  -37.751  12.216 0.1000000015
92693  41.157  -36.477  9.012 0.1000000015
92692  40.740  -36.568  9.564 0.1000000015
13375  39.655  -36.680  9.377 0.1000000015
13981  38.306  -36.452  10.518 0.1000000015
13369  39.974  -36.743  10.267 0.1000000015
13370  39.300  -37.309  10.300 0.1000000015
13942  38.178  -38.496  11.645 0.1000000015
15256  35.147  -33.942  13.202 0.1000000015
14564  36.181  -36.396  12.585 0.1000000015
14556  36.858  -37.031  13.280 0.1000000015
14555  37.497  -36.993  13.286 0.1000000015
13928  38.490  -37.153  12.892 0.1000000015
13917  39.129  -37.674  12.923 0.2000000030
13967  41.558  -36.475  10.259 0.1000000015
13968  40.454  -37.375  11.028 0.1000000015
92682  41.196  -36.506  9.468 0.1000000015
92681  41.277  -36.498  9.719 0.1000000015
13969  39.421  -37.470  10.966 0.1000000015
13953  38.875  -37.903  11.534 0.1000000015
15275  36.453  -35.434  12.106 0.1000000015
14572  37.868  -36.627  12.170 0.1000000015
14563  37.807  -36.729  12.574 0.1000000015
92780  39.141  -36.814  12.160 0.1000000015
13941  41.607  -35.898  10.773 0.1000000015
92782  41.316  -36.415  11.225 0.1000000015
92784  40.599  -36.609  11.474 0.1000000015
92779  39.998  -36.931  11.516 0.1000000015
13949  42.005  -36.002  10.505 0.1000000015
13950  41.490  -36.374  10.903 0.1000000015
92783  40.423  -36.832  11.480 0.1000000015
13966  42.247  -36.204  10.349 0.1000000015
13951  40.655  -36.877  11.464 0.1000000015
92788  39.148  -36.218  11.521 0.1000000015
92781  40.637  -36.021  11.445 0.1000000015
13357  41.262  -35.834  11.179 0.1000000015
92777  41.107  -36.294  11.392 0.1000000015
12242  43.210  -41.158  13.930 0.4000000060
12790  42.067  -39.745  14.089 0.4000000060
11050  39.234  -42.493  16.417 0.1000000015
11696  41.065  -40.082  13.533 0.4000000060
12246  40.359  -40.276  14.633 0.2000000030
12783  40.623  -39.871  14.404 0.2000000030
92772  41.179  -39.583  13.949 0.3000000119
12257  39.986  -40.004  13.493 0.3000000119
12196  36.592  -41.712  17.609 0.1000000015
12209  36.781  -41.302  15.999 0.1000000015
12747  35.073  -39.566  16.586 0.1000000015
12762  34.775  -39.279  15.895 0.1000000015
12760  35.896  -39.958  15.464 0.1000000015
13318  37.612  -39.644  14.394 0.1000000015
13983  35.513  -35.699  8.912 0.2000000030
13991  35.973  -34.865  8.276 0.2000000030
92635  35.278  -38.599  7.626 0.2000000030
92634  35.465  -39.194  8.602 0.2000000030
12798  38.153  -40.120  11.603 0.4000000060
92626  35.534  -39.422  7.585 0.2000000030
12303  37.884  -41.180  6.906 0.5000000000
13896  34.435  -38.789  15.376 0.1000000015
13906  35.909  -38.830  14.229 0.1000000015
12786  36.856  -39.158  14.334 0.2000000030
14595  36.310  -35.943  9.644 0.1000000015
13350  33.274  -37.808  14.033 0.1000000015
13931  33.245  -37.363  13.138 0.1000000015
92691  40.251  -37.054  8.929 0.1000000015
13391  38.140  -36.440  9.660 0.1000000015
13970  38.778  -36.745  11.058 0.1000000015
15278  33.840  -35.339  13.190 0.1000000015
15257  34.716  -34.037  13.326 0.1000000015
13376  38.827  -36.972  9.856 0.1000000015
13980  38.815  -37.223  10.522 0.1000000015
14562  38.673  -36.708  12.059 0.1000000015
92787  40.521  -35.560  11.021 0.1000000015
13936  42.070  -34.982  10.659 0.1000000015
13940  42.180  -35.145  10.076 0.1000000015
92773  41.097  -35.650  11.152 0.1000000015
11115  42.386  -42.400  13.142 0.1000000015
11114  43.390  -42.396  13.053 0.1000000015
11092  43.977  -42.369  13.963 0.1000000015
11069  44.435  -42.119  14.298 0.1000000015
11093  42.836  -42.361  13.915 0.1000000015
11071  41.686  -41.972  14.317 0.1000000015
10521  41.486  -42.522  12.797 0.2000000030
10520  42.725  -42.930  12.396 0.2000000030
10537  42.055  -43.539  11.739 0.2000000030
11113  44.517  -42.405  12.999 0.1000000015
10519  43.890  -43.079  12.269 0.2000000030
11091  45.011  -42.366  13.908 0.2000000030
11112  45.678  -42.451  12.945 0.2000000030
11068  45.194  -42.051  14.191 0.3000000119
11674  44.791  -41.714  14.097 0.3000000119
11090  45.880  -41.982  13.473 0.3000000119
11673  45.320  -41.849  13.997 0.3000000119
10535  44.411  -43.870  11.464 0.2000000030
10518  45.115  -43.133  12.242 0.2000000030
9945  42.622  -44.719  11.393 0.2000000030
11111  46.935  -42.455  13.011 0.2000000030
8743  40.363  -47.007  11.832 0.1000000015
9946  41.463  -44.461  11.417 0.2000000030
10536  43.234  -43.743  11.540 0.2000000030
11691  46.781  -41.647  13.297 0.3000000119
12259  45.190  -40.924  13.130 0.4000000060
9345  40.853  -45.340  11.439 0.1000000015
10517  46.359  -43.066  12.352 0.2000000030
8758  40.191  -46.084  11.490 0.1000000015
11705  47.295  -41.599  12.605 0.4000000060
9344  41.924  -45.584  11.401 0.2000000030
8742  41.393  -47.051  12.133 0.2000000030
8757  41.166  -46.317  11.582 0.1000000015
9943  44.821  -44.998  11.357 0.2000000030
10534  45.577  -43.798  11.512 0.2000000030
10533  46.699  -43.269  11.660 0.4000000060
9942  45.620  -44.603  11.012 0.4000000060
11720  46.358  -41.906  11.593 0.4000000060
9343  43.078  -45.866  11.387 0.3000000119
9941  46.180  -44.089  10.817 0.4000000060
11727  46.010  -42.368  11.217 0.4000000060
9342  44.170  -46.013  11.292 0.3000000119
8756  41.875  -46.407  11.141 0.4000000060
92685  39.683  -35.308  7.858 0.1000000015
11139  46.108  -42.747  10.829 0.4000000060
9341  44.528  -45.553  10.817 0.4000000060
9963  45.317  -44.389  10.631 0.5000000000
8755  43.302  -46.338  10.920 0.4000000060
8754  44.101  -46.139  10.766 0.4000000060
13990  37.861  -34.660  8.173 0.1000000015
10551  45.585  -43.535  10.551 0.4000000060
9361  44.710  -45.120  10.606 0.5000000000
10552  44.444  -43.659  10.537 0.5000000000
13394  35.946  -35.364  6.925 0.1000000015
12841  35.235  -36.911  6.856 0.1000000015
11116  41.933  -42.406  13.191 0.1000000015
11070  43.347  -42.073  14.308 0.1000000015
11094  41.926  -42.390  13.657 0.1000000015
10515  47.307  -42.640  13.161 0.3000000119
9944  43.784  -45.000  11.384 0.2000000030
11130  46.921  -42.550  11.525 0.4000000060
9340  45.136  -45.037  10.681 0.4000000060
10495  40.551  -42.487  15.113 0.1000000015
7718  34.614  -47.695  8.665 0.1000000015
7218  35.228  -48.623  7.473 0.1000000015
6692  36.194  -50.026  8.582 0.1000000015
7738  33.780  -48.177  7.973 0.1000000015
7203  36.362  -48.875  8.940 0.1000000015
7755  31.867  -48.136  6.617 0.1000000015
7753  33.934  -48.273  6.657 0.1000000015
3971  32.411  -55.464  16.125 0.1000000015
6674  30.277  -49.641  8.857 0.1000000015
6695  29.670  -49.316  8.387 0.1000000015
7717  35.593  -48.044  9.075 0.1000000015
7220  29.709  -48.481  7.505 0.1000000015
7737  35.146  -48.210  8.271 0.1000000015
7740  31.274  -47.370  7.518 0.1000000015
7716  36.398  -48.299  9.592 0.1000000015
6671  36.590  -49.488  9.157 0.1000000015
3959  32.316  -54.031  16.903 0.1000000015
4440  32.467  -54.541  16.322 0.1000000015
4459  32.458  -54.572  15.606 0.1000000015
5466  31.345  -52.205  17.716 0.1000000015
92334  31.517  -53.390  17.840 0.1000000015
4423  33.007  -54.076  17.464 0.1000000015
4424  32.483  -54.220  16.949 0.1000000015
5529  32.440  -52.907  14.631 0.1000000015
6636  32.170  -50.683  11.468 0.1000000015
6672  30.759  -50.374  10.209 0.1000000015
7719  33.927  -47.637  8.646 0.1000000015
8246  32.796  -47.405  8.294 0.1000000015
7202  37.019  -48.952  9.578 0.1000000015
6670  36.957  -50.020  9.452 0.1000000015
4986  32.396  -53.729  16.393 0.1000000015
5007  32.415  -53.495  15.183 0.1000000015
3945  32.573  -53.421  17.424 0.1000000015
3958  33.024  -53.965  17.646 0.1000000015
5008  32.097  -52.995  15.457 0.1000000015
5530  32.179  -52.657  15.063 0.1000000015
6565  32.466  -51.084  14.388 0.1000000015
6089  32.799  -51.740  13.400 0.1000000015
6108  32.455  -51.606  11.927 0.1000000015
6616  32.433  -50.739  12.785 0.1000000015
7179  31.577  -50.335  11.597 0.1000000015
7191  31.161  -50.420  11.126 0.1000000015
7192  30.492  -49.889  10.978 0.1000000015
7206  30.355  -48.836  9.070 0.1000000015
7721  31.071  -47.218  8.485 0.1000000015
8227  34.862  -47.377  9.339 0.1000000015
8228  34.125  -47.277  9.121 0.1000000015
8229  33.233  -47.404  8.856 0.1000000015
8230  31.941  -47.304  9.003 0.1000000015
7720  31.871  -47.312  8.188 0.1000000015
7701  36.175  -47.655  9.933 0.1000000015
6540  32.140  -51.221  15.210 0.1000000015
92356  30.043  -50.446  17.307 0.1000000015
5478  32.310  -52.741  17.545 0.1000000015
5489  32.365  -52.812  17.068 0.1000000015
5509  31.624  -52.504  15.756 0.1000000015
6022  31.580  -51.702  15.732 0.1000000015
6066  32.222  -51.740  14.515 0.1000000015
6590  32.442  -50.249  13.941 0.1000000015
7164  32.320  -49.927  13.164 0.1000000015
7676  30.980  -48.994  12.604 0.1000000015
92335  30.260  -50.432  17.274 0.1000000015
5479  31.486  -51.677  17.106 0.1000000015
5490  31.691  -52.377  16.567 0.1000000015
6007  31.535  -51.668  16.346 0.1000000015
7165  31.880  -50.087  12.453 0.1000000015
7166  31.284  -49.662  12.200 0.1000000015
7180  30.932  -49.821  11.590 0.1000000015
7686  29.830  -48.228  11.138 0.1000000015
7193  30.386  -48.944  10.448 0.1000000015
7702  30.268  -47.768  9.978 0.1000000015
8232  30.274  -47.035  9.482 0.1000000015
8215  31.503  -46.592  9.359 0.1000000015
8231  30.878  -46.927  9.182 0.1000000015
7722  30.494  -47.557  9.033 0.1000000015
8213  33.604  -46.598  9.412 0.1000000015
8211  35.408  -47.192  10.196 0.1000000015
7189  37.723  -48.888  10.435 0.1000000015
7700  36.872  -47.918  10.466 0.1000000015
7685  37.489  -48.001  11.382 0.1000000015
6519  31.738  -50.614  15.486 0.1000000015
6539  32.039  -50.500  14.946 0.1000000015
6493  30.323  -50.280  17.412 0.1000000015
6506  31.310  -50.699  16.780 0.1000000015
6520  31.530  -51.118  16.092 0.1000000015
7098  31.895  -50.187  14.666 0.1000000015
7654  31.754  -49.720  13.661 0.1000000015
8168  30.777  -48.666  13.314 0.1000000015
8169  30.368  -48.015  13.052 0.1000000015
8187  30.514  -48.407  12.627 0.1000000015
7677  30.419  -48.620  12.015 0.1000000015
8188  30.366  -47.581  12.039 0.1000000015
8198  30.243  -47.080  10.767 0.1000000015
8762  30.977  -45.857  10.227 0.1000000015
8763  30.339  -46.353  10.238 0.1000000015
8212  34.549  -46.677  9.667 0.1000000015
8196  33.941  -46.110  10.095 0.1000000015
8197  33.112  -46.274  10.036 0.1000000015
8777  31.565  -46.266  9.829 0.1000000015
8195  34.859  -46.288  10.652 0.1000000015
8214  32.457  -46.642  9.549 0.1000000015
8186  37.377  -47.822  12.203 0.1000000015
92355  29.567  -50.250  18.568 0.1000000015
92337  29.871  -50.235  17.657 0.1000000015
7040  30.540  -49.984  16.958 0.1000000015
7121  31.527  -49.979  14.962 0.1000000015
7064  31.149  -49.807  16.231 0.1000000015
7063  31.366  -49.792  15.784 0.1000000015
92796  31.433  -49.529  15.010 0.1000000015
8709  31.101  -48.302  14.809 0.1000000015
8728  30.828  -48.764  14.070 0.1000000015
92790  31.187  -48.541  15.167 0.1000000015
8729  30.311  -48.217  13.929 0.1000000015
8730  30.330  -47.018  13.281 0.1000000015
8747  30.232  -45.915  11.423 0.1000000015
8760  33.278  -45.617  10.393 0.1000000015
8761  32.219  -46.010  10.299 0.1000000015
92810  34.110  -45.339  10.544 0.1000000015
92809  33.574  -45.320  10.574 0.1000000015
8194  36.108  -46.254  11.125 0.1000000015
8210  36.498  -46.941  10.519 0.1000000015
8193  36.569  -47.003  11.976 0.1000000015
7555  30.261  -48.654  17.253 0.1000000015
7576  30.372  -48.011  16.936 0.1000000015
92373  28.982  -50.379  19.559 0.1000000015
92360  29.901  -49.639  19.126 0.1000000015
7041  30.393  -49.251  17.183 0.1000000015
92791  30.323  -47.910  16.089 0.1000000015
92792  30.710  -48.116  15.296 0.1000000015
8695  30.278  -47.057  15.177 0.1000000015
8711  30.251  -46.501  14.458 0.1000000015
92794  30.896  -47.877  15.130 0.1000000015
8710  30.356  -47.598  14.643 0.1000000015
9318  29.538  -45.623  13.292 0.1000000015
9351  32.015  -44.221  11.215 0.1000000015
8746  31.551  -45.328  10.642 0.1000000015
92813  33.210  -44.917  11.180 0.1000000015
92812  33.305  -45.219  10.925 0.1000000015
8745  32.595  -45.414  10.680 0.1000000015
92806  35.811  -46.070  11.541 0.1000000015
92352  29.345  -49.416  20.046 0.1000000015
5984  29.482  -50.312  20.290 0.1000000015
7556  29.525  -48.502  18.127 0.1000000015
6478  29.110  -51.565  20.566 0.1000000015
7042  30.217  -49.570  17.786 0.1000000015
7597  30.169  -47.531  16.482 0.1000000015
8681  30.275  -46.971  15.848 0.1000000015
92797  30.272  -47.454  16.063 0.1000000015
9301  29.662  -45.765  14.782 0.1000000015
9334  30.137  -44.457  12.156 0.1000000015
9333  31.158  -44.718  11.247 0.1000000015
9955  31.710  -43.659  11.479 0.1000000015
9953  33.723  -44.670  11.422 0.1000000015
9332  32.550  -44.896  11.146 0.1000000015
10544  34.834  -43.876  11.362 0.1000000015
9952  35.733  -45.426  11.247 0.1000000015
7577  29.595  -47.533  17.593 0.1000000015
92359  29.486  -49.770  20.084 0.1000000015
8663  29.382  -46.649  17.001 0.1000000015
8683  29.300  -45.956  16.742 0.1000000015
8682  29.481  -46.424  16.332 0.1000000015
9279  29.255  -45.817  16.007 0.1000000015
9302  29.167  -44.774  14.385 0.1000000015
9930  29.352  -43.437  12.801 0.1000000015
9319  29.307  -44.288  13.114 0.1000000015
10529  30.866  -42.702  12.521 0.1000000015
9335  29.637  -43.794  12.519 0.1000000015
9937  32.280  -43.437  12.033 0.1000000015
9938  31.297  -43.258  12.098 0.1000000015
10526  33.527  -43.368  12.209 0.1000000015
9954  32.438  -43.870  11.583 0.1000000015
11135  34.232  -43.179  12.058 0.1000000015
10545  33.957  -43.506  11.805 0.1000000015
9350  32.821  -44.269  11.405 0.1000000015
9951  36.622  -44.332  10.845 0.1000000015
9331  36.956  -45.641  11.491 0.1000000015
7537  29.425  -48.554  20.125 0.1000000015
8088  29.457  -47.051  18.504 0.1000000015
8103  29.417  -46.795  17.564 0.1000000015
8664  29.331  -46.031  17.284 0.1000000015
7523  29.804  -49.605  20.528 0.1000000015
9280  29.242  -45.340  16.624 0.1000000015
9918  29.158  -43.992  15.768 0.1000000015
9922  29.384  -43.369  13.990 0.1000000015
10502  29.639  -42.541  13.683 0.1000000015
11124  32.859  -42.080  12.539 0.1000000015
10528  32.034  -42.696  12.574 0.1000000015
10527  32.985  -43.083  12.364 0.1000000015
11134  34.530  -43.050  11.762 0.1000000015
10543  35.973  -43.798  11.340 0.1000000015
9950  37.532  -44.223  10.524 0.1000000015
9347  38.722  -45.325  11.379 0.1000000015
8068  29.447  -47.580  19.430 0.1000000015
8642  29.448  -46.184  18.187 0.1000000015
9234  29.331  -45.675  18.011 0.1000000015
11058  29.814  -42.572  14.928 0.1000000015
11102  31.410  -42.253  13.643 0.1000000015
10509  31.451  -42.458  12.943 0.1000000015
11097  38.413  -41.908  13.323 0.1000000015
11098  37.548  -41.535  13.174 0.1000000015
11697  35.636  -41.491  13.103 0.1000000015
11713  35.159  -41.823  12.570 0.1000000015
11716  33.284  -41.586  12.816 0.1000000015
11125  32.393  -42.345  12.712 0.1000000015
11119  38.082  -42.186  12.395 0.1000000015
11099  36.546  -41.507  13.068 0.1000000015
11715  33.844  -41.757  12.641 0.1000000015
11096  38.951  -42.465  13.419 0.1000000015
11118  38.827  -42.421  12.586 0.1000000015
11120  37.053  -42.308  12.174 0.1000000015
11132  36.274  -42.787  11.516 0.1000000015
11122  34.929  -42.406  12.115 0.1000000015
11117  39.409  -42.532  12.773 0.1000000015
10523  39.378  -42.764  12.026 0.1000000015
10524  38.605  -42.669  11.716 0.1000000015
10541  38.122  -43.376  11.116 0.1000000015
10542  37.056  -43.279  11.099 0.1000000015
9948  39.383  -44.332  11.411 0.1000000015
9949  38.468  -44.285  11.018 0.1000000015
7536  30.094  -48.178  20.631 0.1000000015
8087  29.722  -46.696  19.598 0.1000000015
8641  30.244  -46.120  18.974 0.1000000015
9233  29.718  -45.288  18.598 0.1000000015
9258  29.268  -45.097  17.856 0.1000000015
10454  29.385  -43.569  18.492 0.1000000015
9902  29.178  -44.020  17.441 0.1000000015
10490  29.552  -42.882  16.183 0.1000000015
11057  30.233  -42.449  15.363 0.1000000015
11056  31.367  -42.172  15.125 0.1000000015
11664  33.747  -41.435  14.819 0.1000000015
11701  32.040  -41.787  13.593 0.1000000015
11679  36.064  -41.472  13.844 0.1000000015
11680  35.297  -41.453  13.997 0.1000000015
11699  33.707  -41.459  13.312 0.1000000015
11075  37.799  -41.695  14.246 0.1000000015
10522  40.155  -42.767  12.572 0.1000000015
8067  30.394  -47.285  20.536 0.1000000015
8616  30.591  -46.393  19.755 0.1000000015
9232  30.830  -44.986  19.444 0.1000000015
9874  29.525  -44.730  18.647 0.1000000015
10438  30.108  -43.566  18.798 0.1000000015
10471  29.466  -43.300  17.817 0.1000000015
11040  30.391  -42.535  16.417 0.1000000015
11038  31.822  -42.267  15.778 0.1000000015
11039  31.217  -42.388  16.038 0.1000000015
11054  33.391  -41.747  15.435 0.1000000015
11055  32.363  -41.875  15.508 0.1000000015
10500  37.011  -41.816  15.219 0.1000000015
10501  36.534  -41.577  15.059 0.1000000015
11663  34.171  -41.440  14.822 0.1000000015
11666  31.925  -41.524  14.671 0.1000000015
11074  38.497  -42.225  14.201 0.1000000015
10499  37.844  -42.421  14.934 0.1000000015
11681  34.313  -41.438  14.283 0.1000000015
11073  39.094  -42.514  14.204 0.1000000015
8640  31.308  -45.809  19.490 0.1000000015
9847  29.940  -44.340  18.796 0.1000000015
9846  31.081  -44.011  18.919 0.1000000015
10453  30.079  -43.190  18.214 0.1000000015
10452  30.989  -43.056  17.836 0.1000000015
10469  31.164  -42.435  17.093 0.1000000015
10489  33.073  -42.298  15.897 0.1000000015
11053  34.373  -41.612  15.259 0.1000000015
10488  33.913  -42.321  15.888 0.1000000015
11052  35.305  -41.749  15.355 0.1000000015
11095  39.612  -42.486  13.463 0.1000000015
10507  40.348  -42.453  13.675 0.1000000015
8615  31.564  -46.406  19.841 0.1000000015
9231  32.047  -45.375  18.852 0.1000000015
9256  31.761  -44.687  18.753 0.1000000015
9873  32.156  -44.081  18.751 0.1000000015
10436  31.497  -43.154  18.213 0.1000000015
10451  32.155  -43.118  17.596 0.1000000015
10468  32.306  -42.452  16.459 0.1000000015
10487  34.909  -42.350  15.853 0.1000000015
10486  36.110  -42.250  15.622 0.1000000015
9255  32.855  -44.748  18.383 0.1000000015
9872  32.826  -43.945  18.072 0.1000000015
9871  33.459  -43.453  17.529 0.1000000015
10450  33.133  -43.099  16.920 0.1000000015
10449  33.681  -43.067  16.706 0.1000000015
10466  34.279  -42.917  16.542 0.1000000015
11072  39.680  -42.498  14.239 0.1000000015
9900  33.456  -44.386  18.135 0.1000000015
9276  34.594  -44.499  17.737 0.1000000015
9899  33.861  -44.027  17.851 0.1000000015
9897  35.886  -44.018  16.524 0.1000000015
9898  34.619  -43.745  17.136 0.1000000015
9870  33.870  -43.271  17.004 0.1000000015
10497  39.209  -42.559  14.939 0.1000000015
10483  38.760  -43.171  15.549 0.1000000015
10498  38.591  -42.560  14.962 0.1000000015
10485  37.116  -43.038  15.506 0.1000000015
10506  41.040  -42.418  14.126 0.1000000015
10484  38.007  -43.065  15.474 0.1000000015
10464  36.399  -43.213  16.208 0.1000000015
10465  35.429  -43.002  16.486 0.1000000015
9915  38.161  -43.597  16.074 0.1000000015
6655  30.978  -50.785  9.747 0.1000000015
7205  30.451  -49.840  10.159 0.1000000015
7217  35.758  -48.754  8.289 0.1000000015
7741  30.294  -47.597  8.034 0.1000000015
7739  32.439  -47.659  7.525 0.1000000015
7754  33.083  -48.339  6.766 0.1000000015
3960  31.619  -54.782  16.777 0.1000000015
6673  30.480  -50.215  9.568 0.1000000015
4964  32.688  -53.619  17.416 0.1000000015
6067  32.106  -52.284  14.639 0.1000000015
6635  31.837  -50.513  11.114 0.1000000015
4987  31.922  -53.251  15.792 0.1000000015
6044  31.647  -51.859  15.016 0.1000000015
6591  32.482  -50.790  13.724 0.1000000015
6615  32.439  -50.316  13.477 0.1000000015
7167  30.709  -49.320  12.043 0.1000000015
7181  30.462  -49.143  11.386 0.1000000015
7632  31.430  -49.564  14.602 0.1000000015
8166  31.365  -49.521  13.630 0.1000000015
7675  31.501  -49.464  12.810 0.1000000015
8216  30.148  -46.861  9.947 0.1000000015
8791  30.386  -46.625  9.463 0.1000000015
7086  31.525  -50.379  15.857 0.1000000015
8147  31.245  -49.123  14.349 0.1000000015
7574  31.304  -49.513  15.441 0.1000000015
7575  30.615  -48.639  15.550 0.1000000015
92805  36.234  -46.474  11.746 0.1000000015
7065  30.456  -48.916  16.603 0.1000000015
8680  30.379  -47.739  15.461 0.1000000015
8696  30.068  -46.393  15.407 0.1000000015
8102  29.644  -47.221  16.854 0.1000000015
8117  30.067  -47.092  16.351 0.1000000015
9292  29.209  -45.322  15.515 0.1000000015
9353  30.665  -44.127  11.449 0.1000000015
9957  30.448  -43.870  11.872 0.1000000015
9939  30.056  -43.183  12.245 0.1000000015
11103  30.772  -42.413  13.612 0.1000000015
9936  33.102  -43.982  12.174 0.1000000015
11123  33.998  -42.791  12.393 0.1000000015
9349  36.886  -44.899  11.071 0.1000000015
9348  37.718  -45.007  11.249 0.1000000015
10491  29.489  -42.894  15.127 0.1000000015
11080  30.561  -42.444  14.209 0.1000000015
11133  35.375  -42.880  11.484 0.1000000015
9917  29.473  -43.525  16.785 0.1000000015
11121  35.882  -42.175  12.304 0.1000000015
11714  34.532  -41.970  12.484 0.1000000015
11698  34.662  -41.479  13.135 0.1000000015
11682  33.314  -41.436  14.069 0.1000000015
10525  37.807  -42.696  11.624 0.1000000015
10540  39.006  -43.441  11.442 0.1000000015
11665  32.845  -41.439  14.795 0.1000000015
11076  36.806  -41.512  14.214 0.1000000015
11077  35.918  -41.505  14.775 0.1000000015
10470  30.107  -43.162  17.195 0.1000000015
8773  44.104  -45.927  10.616 0.4000000060
8774  43.521  -46.052  10.590 0.4000000060
9362  43.921  -45.440  10.541 0.4000000060
8776  41.907  -46.487  10.692 0.3000000119
5611  39.767  -53.337  10.711 0.1000000015
5610  40.153  -52.833  10.551 0.1000000015
6136  40.826  -51.527  10.783 0.2000000030
6648  40.740  -50.810  10.559 0.3000000119
92594  40.494  -46.029  9.512 0.4000000060
7186  40.246  -48.989  10.667 0.4000000060
92595  40.217  -48.454  10.198 0.4000000060
6135  41.361  -51.074  10.870 0.2000000030
5088  39.733  -53.887  10.718 0.1000000015
92596  40.123  -48.181  9.708 0.4000000060
92597  39.812  -46.772  9.399 0.4000000060
5087  40.270  -54.004  10.284 0.1000000015
9380  40.338  -44.928  9.504 0.5000000000
6148  40.503  -51.843  9.903 0.2000000030
6632  39.881  -49.895  10.681 0.3000000119
7699  39.749  -48.959  10.222 0.4000000060
92599  39.708  -48.635  9.698 0.4000000060
92600  39.558  -47.217  9.114 0.4000000060
8790  39.147  -46.514  9.107 0.4000000060
92598  39.707  -46.030  9.473 0.5000000000
5100  40.557  -53.586  9.763 0.2000000030
6649  40.295  -49.939  10.275 0.3000000119
7201  39.726  -49.428  9.605 0.3000000119
4557  40.086  -54.412  9.725 0.1000000015
92590  39.527  -48.089  9.074 0.4000000060
92602  39.562  -45.403  9.490 0.5000000000
9984  38.948  -44.634  9.605 0.5000000000
9983  40.035  -43.546  9.488 0.4000000060
92589  39.525  -48.811  9.115 0.4000000060
92601  38.973  -46.981  8.524 0.4000000060
9382  38.788  -46.042  9.287 0.5000000000
5622  40.766  -52.711  9.561 0.2000000030
6667  40.398  -51.105  9.300 0.4000000060
6668  40.114  -50.317  9.519 0.3000000119
6689  40.246  -50.536  8.868 0.4000000060
92588  39.537  -49.255  8.948 0.4000000060
92582  39.318  -48.296  8.668 0.4000000060
9381  38.642  -45.421  9.200 0.5000000000
5108  40.583  -53.901  9.046 0.2000000030
6155  40.568  -51.960  8.939 0.2000000030
92577  39.206  -48.469  8.341 0.4000000060
92591  39.080  -47.617  8.567 0.4000000060
5621  41.193  -52.863  9.260 0.2000000030
6688  40.534  -51.023  8.255 0.4000000060
9995  38.384  -44.810  8.917 0.5000000000
5099  41.058  -53.302  9.241 0.2000000030
92579  39.342  -48.733  7.988 0.4000000060
92578  38.816  -48.243  8.161 0.4000000060
9985  38.237  -43.435  8.823 0.5000000000
92605  38.716  -42.076  9.197 0.4000000060
4571  40.671  -54.833  8.354 0.2000000030
5107  41.209  -53.742  8.480 0.2000000030
5629  40.964  -52.619  9.258 0.2000000030
7216  39.853  -49.724  8.499 0.4000000060
9393  38.312  -45.861  8.369 0.5000000000
9392  38.141  -45.084  8.786 0.5000000000
9403  38.528  -47.748  7.720 0.5000000000
10569  38.631  -43.053  9.243 0.5000000000
4088  40.817  -56.125  8.241 0.2000000030
6167  40.765  -52.318  7.911 0.4000000060
92607  38.918  -42.437  8.393 0.4000000060
5628  41.429  -52.926  8.881 0.2000000030
5638  41.297  -52.599  8.397 0.2000000030
92623  39.321  -41.306  6.851 0.4000000060
92611  39.357  -41.488  7.302 0.4000000060
92576  39.077  -48.550  7.889 0.3000000119
9394  37.541  -45.668  7.663 0.5000000000
9996  37.539  -44.231  8.312 0.5000000000
10579  38.603  -41.820  8.600 0.4000000060
92572  39.005  -48.472  7.663 0.3000000119
6687  40.544  -50.076  7.661 0.4000000060
9404  38.273  -45.914  7.206 0.5000000000
10008  37.343  -43.976  6.978 0.5000000000
9997  37.308  -45.305  7.963 0.5000000000
10009  37.253  -45.040  6.982 0.5000000000
8184  41.662  -47.660  12.541 0.3000000119
8192  41.436  -47.227  11.425 0.3000000119
92587  41.539  -46.711  10.717 0.2000000030
8160  42.208  -47.948  13.313 0.2000000030
7683  41.232  -48.129  11.737 0.3000000119
7161  41.618  -49.230  13.207 0.2000000030
7173  41.108  -48.917  12.475 0.2000000030
6121  41.422  -51.086  11.355 0.2000000030
4118  40.656  -56.223  7.171 0.1000000015
4131  40.528  -56.110  6.541 0.1000000015
5133  42.592  -52.917  6.053 0.1000000015
8741  41.478  -47.110  11.859 0.2000000030
8723  41.003  -47.269  12.657 0.1000000015
8161  41.417  -47.911  13.418 0.1000000015
7650  41.905  -48.532  14.040 0.1000000015
4583  40.533  -55.627  8.020 0.1000000015
5119  41.779  -53.866  7.663 0.1000000015
5118  42.479  -53.020  7.015 0.1000000015
5636  42.381  -51.847  7.138 0.1000000015
4582  41.956  -54.761  7.527 0.1000000015
5647  43.573  -51.932  6.327 0.1000000015
6181  42.660  -50.853  6.472 0.1000000015
5646  43.780  -50.692  6.233 0.1000000015
5645  43.511  -50.380  5.837 0.1000000015
8185  41.484  -47.512  12.740 0.1000000015
6710  40.740  -51.611  7.498 0.1000000015
6686  39.592  -49.022  7.299 0.3000000119
4570  41.457  -54.895  8.064 0.1000000015
5637  41.646  -52.636  7.945 0.1000000015
6166  41.464  -51.812  7.539 0.1000000015
6709  41.074  -50.923  7.450 0.2000000030
92584  39.341  -48.001  6.968 0.3000000119
6165  41.695  -51.174  6.904 0.1000000015
6708  41.293  -49.945  6.581 0.2000000030
9420  41.096  -47.900  6.990 0.3000000119
92570  41.866  -49.511  6.250 0.2000000030
6732  42.332  -49.992  6.295 0.1000000015
92571  41.996  -49.416  6.033 0.2000000030
5659  44.022  -50.310  5.712 0.1000000015
6731  42.194  -49.787  5.417 0.1000000015
92565  42.775  -49.292  5.728 0.3000000119
10538  40.895  -43.467  11.865 0.1000000015
9422  37.719  -45.724  6.122 0.4000000060
9421  38.907  -46.791  6.538 0.4000000060
9442  39.875  -46.254  5.786 0.4000000060
9441  41.255  -46.693  5.579 0.5000000000
92575  41.836  -49.133  6.230 0.3000000119
92552  43.653  -50.036  4.540 0.2000000030
6749  43.494  -49.413  5.275 0.1000000015
5661  43.545  -51.802  5.192 0.1000000015
5673  43.827  -50.909  4.802 0.1000000015
92556  43.233  -49.690  4.741 0.2000000030
92563  42.756  -49.451  4.885 0.2000000030
5173  42.493  -52.967  4.719 0.1000000015
5674  43.040  -51.547  4.931 0.1000000015
92555  42.762  -49.862  4.680 0.2000000030
10591  37.421  -42.772  6.586 0.4000000060
10580  38.213  -41.922  7.867 0.3000000119
10028  37.234  -44.957  5.700 0.4000000060
9443  38.435  -45.646  5.571 0.4000000060
10051  37.477  -44.910  5.350 0.4000000060
9419  42.250  -48.576  5.345 0.3000000119
9418  42.539  -47.529  5.474 0.4000000060
5675  42.194  -52.001  4.551 0.2000000030
6207  42.140  -51.099  5.322 0.2000000030
3734  41.904  -56.505  2.584 0.1000000015
10050  38.077  -44.424  5.260 0.4000000060
10049  39.454  -45.037  5.189 0.4000000060
10048  40.658  -45.340  5.419 0.4000000060
10047  41.837  -45.300  5.495 0.4000000060
9440  42.383  -46.655  5.508 0.4000000060
8287  42.822  -47.827  5.450 0.3000000119
6208  41.444  -51.458  5.020 0.2000000030
2835  40.074  -57.875  2.488 0.1000000015
3293  41.148  -57.333  2.763 0.1000000015
3735  40.793  -56.464  2.833 0.1000000015
10581  38.734  -41.624  6.510 0.4000000060
92610  39.210  -41.520  7.253 0.3000000119
10606  37.979  -42.893  5.407 0.4000000060
11199  40.144  -43.195  5.271 0.4000000060
10623  39.061  -43.219  5.372 0.4000000060
10621  40.574  -44.284  5.113 0.4000000060
10622  39.663  -43.947  5.394 0.4000000060
10620  41.269  -44.602  5.187 0.4000000060
10046  42.904  -45.365  5.485 0.4000000060
92559  42.896  -48.443  5.377 0.3000000119
92566  43.167  -47.845  5.425 0.3000000119
8286  43.252  -47.434  5.420 0.3000000119
8841  42.964  -47.057  5.450 0.3000000119
9439  43.317  -46.156  5.463 0.3000000119
6197  40.892  -51.056  5.394 0.2000000030
6196  41.413  -50.844  5.421 0.2000000030
92562  41.017  -49.974  5.382 0.3000000119
92558  41.944  -49.620  4.843 0.2000000030
5676  41.128  -52.236  4.502 0.2000000030
92624  39.075  -41.437  6.124 0.3000000119
92628  38.932  -41.520  5.636 0.3000000119
92620  40.187  -41.986  5.358 0.3000000119
92614  40.035  -41.312  5.895 0.4000000060
11197  41.173  -42.800  4.582 0.4000000060
11200  40.050  -42.492  5.346 0.4000000060
11179  38.882  -42.586  5.376 0.4000000060
11218  41.130  -43.475  4.512 0.4000000060
11198  40.603  -43.553  4.799 0.4000000060
10637  42.389  -43.976  4.533 0.3000000119
10063  41.894  -44.441  4.961 0.4000000060
10638  41.413  -44.026  4.563 0.4000000060
8284  44.366  -47.528  5.103 0.3000000119
8839  44.379  -46.701  5.235 0.2000000030
9438  44.258  -45.960  5.457 0.2000000030
10061  43.490  -44.591  5.162 0.2000000030
10062  42.625  -44.545  5.110 0.3000000119
92557  43.835  -48.444  5.129 0.3000000119
8285  43.697  -47.599  5.413 0.3000000119
8840  43.645  -46.812  5.425 0.2000000030
6198  40.221  -50.892  5.411 0.2000000030
92564  40.983  -49.389  5.587 0.3000000119
92569  41.474  -49.029  5.149 0.3000000119
11196  42.708  -42.527  4.514 0.3000000119
10044  44.960  -44.994  5.460 0.2000000030
10618  44.867  -43.943  4.744 0.2000000030
10636  43.287  -44.063  4.590 0.2000000030
11216  43.137  -43.310  4.583 0.2000000030
9436  46.208  -45.992  5.313 0.2000000030
10060  44.251  -44.586  5.151 0.2000000030
10635  44.001  -44.194  4.679 0.2000000030
5193  42.440  -53.934  3.995 0.1000000015
7262  40.509  -49.596  5.599 0.3000000119
5648  41.585  -52.230  7.862 0.1000000015
7672  42.070  -48.340  12.887 0.1000000015
4581  42.344  -54.153  7.210 0.1000000015
92574  41.663  -49.270  6.218 0.3000000119
10027  37.337  -43.964  6.044 0.4000000060
6206  43.161  -50.629  4.933 0.2000000030
10607  37.778  -41.999  5.638 0.4000000060
6751  41.545  -50.354  5.400 0.2000000030
11180  38.893  -42.038  5.412 0.4000000060
92560  44.100  -48.053  5.343 0.3000000119
6752  40.843  -50.266  5.424 0.2000000030
92632  39.755  -41.375  5.914 0.4000000060
11217  41.986  -43.309  4.486 0.4000000060
8296  44.549  -47.160  4.543 0.2000000030
8838  45.104  -46.486  4.926 0.2000000030
9437  45.247  -45.918  5.456 0.2000000030
10045  43.870  -45.243  5.472 0.2000000030
92645  39.791  -41.363  5.669 0.2000000030
92656  40.175  -41.246  5.355 0.3000000119
92629  38.715  -41.091  5.439 0.2000000030
6610  41.418  -50.258  13.298 0.1000000015
6630  41.355  -50.158  11.823 0.1000000015
6104  41.284  -51.003  12.288 0.1000000015
92636  37.282  -39.350  6.095 0.1000000015
92649  38.047  -39.930  5.440 0.1000000015
92680  38.842  -39.762  5.414 0.1000000015
92633  39.434  -40.865  5.406 0.1000000015
92657  39.624  -40.391  5.377 0.1000000015
92673  40.042  -39.995  5.355 0.2000000030
92672  40.479  -40.862  5.352 0.2000000030
92662  40.980  -40.711  5.310 0.2000000030
92654  40.908  -39.805  5.333 0.2000000030
92652  41.232  -40.647  5.307 0.2000000030
92651  42.089  -41.587  4.775 0.2000000030
92664  40.394  -39.070  5.327 0.2000000030
92661  41.701  -40.571  5.331 0.2000000030
92638  43.328  -41.977  4.760 0.1000000015
12854  35.640  -38.709  6.383 0.1000000015
13411  37.185  -37.677  6.282 0.1000000015
92648  38.202  -38.108  5.976 0.1000000015
92660  38.430  -38.900  5.431 0.1000000015
92653  41.472  -40.347  5.322 0.2000000030
92567  42.804  -48.841  5.187 0.2000000030
7274  40.676  -49.036  5.741 0.2000000030
8297  41.384  -48.583  5.370 0.2000000030
7793  44.405  -48.163  4.824 0.2000000030
7806  42.393  -48.478  4.835 0.2000000030
7782  44.303  -48.032  5.146 0.2000000030
7804  43.845  -48.464  3.916 0.1000000015
7803  44.487  -48.424  4.092 0.2000000030
8310  43.271  -47.988  3.501 0.1000000015
8309  44.357  -47.825  3.590 0.1000000015
8863  42.587  -46.903  3.388 0.1000000015
8848  45.297  -46.497  4.405 0.1000000015
8308  45.022  -47.658  4.140 0.1000000015
8864  41.542  -46.811  3.357 0.1000000015
8870  41.224  -46.060  2.582 0.1000000015
92665  41.018  -38.631  4.591 0.1000000015
13441  40.266  -36.947  5.054 0.1000000015
10043  46.049  -45.139  5.472 0.1000000015
8837  46.012  -46.440  4.864 0.1000000015
8861  44.821  -46.565  3.946 0.1000000015
8860  46.118  -46.277  3.895 0.1000000015
8862  43.637  -46.674  3.419 0.1000000015
8869  42.178  -46.117  2.601 0.1000000015
8868  42.951  -46.186  2.680 0.1000000015
9450  46.825  -45.482  4.749 0.1000000015
9462  45.544  -45.589  3.532 0.1000000015
8847  46.271  -46.272  4.508 0.1000000015
9435  46.638  -45.765  5.026 0.1000000015
10072  43.510  -44.630  3.183 0.1000000015
9463  44.211  -45.614  3.487 0.1000000015
10081  43.427  -44.723  1.964 0.1000000015
9464  43.373  -45.584  2.715 0.1000000015
10617  45.800  -44.194  5.406 0.1000000015
10650  43.873  -43.715  3.518 0.1000000015
10071  44.659  -44.617  3.529 0.1000000015
8311  41.874  -48.200  3.857 0.1000000015
9473  42.786  -45.335  1.839 0.1000000015
10042  46.841  -45.285  5.281 0.1000000015
4210  38.585  -55.334  -0.101 0.1000000015
4694  38.509  -54.627  0.480 0.1000000015
4703  38.572  -54.679  -0.663 0.1000000015
3769  38.645  -55.989  -0.083 0.1000000015
3780  40.541  -56.277  -1.579 0.1000000015
3778  42.227  -56.707  -2.122 0.1000000015
4188  38.529  -54.988  1.065 0.1000000015
5233  38.317  -53.741  0.883 0.1000000015
4209  39.092  -55.564  -0.818 0.1000000015
4208  39.488  -56.177  -0.862 0.1000000015
5234  37.636  -53.142  0.628 0.1000000015
5222  37.963  -53.268  1.271 0.1000000015
5207  38.696  -53.681  2.407 0.1000000015
4682  38.534  -54.483  1.704 0.1000000015
3758  38.699  -56.284  0.313 0.1000000015
5249  38.576  -54.112  -0.968 0.1000000015
5206  39.269  -54.024  2.691 0.1000000015
5242  37.553  -52.841  0.099 0.1000000015
5709  37.695  -52.516  1.468 0.1000000015
5728  37.522  -52.567  0.133 0.1000000015
6233  37.636  -51.841  0.951 0.1000000015
3792  41.925  -56.298  -3.131 0.1000000015
3277  42.421  -56.855  3.010 0.2000000030
3291  42.344  -56.677  2.813 0.2000000030
3645  41.137  -56.266  8.201 0.2000000030
4199  38.553  -55.693  0.687 0.1000000015
4541  39.843  -54.353  10.307 0.1000000015
4666  40.210  -54.715  2.894 0.1000000015
4668  39.001  -54.331  2.487 0.1000000015
4947  32.371  -52.724  17.455 0.1000000015
4963  32.956  -53.779  17.609 0.1000000015
5025  32.457  -53.239  14.127 0.1000000015
5221  38.408  -53.642  1.594 0.2000000030
5241  38.263  -53.443  -0.371 0.1000000015
5508  31.836  -52.978  16.363 0.1000000015
5550  32.318  -52.593  14.621 0.1000000015
5649  41.328  -52.453  8.014 0.1000000015
5660  44.171  -50.999  5.589 0.1000000015
5672  43.477  -50.373  5.430 0.2000000030
5717  37.523  -52.437  0.456 0.1000000015
5727  37.636  -52.454  -0.145 0.1000000015
6043  32.013  -51.559  14.903 0.1000000015
6179  43.253  -49.933  5.531 0.1000000015
6180  42.942  -50.345  5.916 0.1000000015
6182  41.343  -52.255  7.767 0.1000000015
6183  41.176  -52.413  7.733 0.1000000015
6195  44.103  -49.797  5.237 0.1000000015
6218  38.300  -51.582  3.715 0.2000000030
6518  31.718  -50.408  15.295 0.1000000015
6538  32.184  -50.381  14.602 0.1000000015
6541  31.723  -51.432  15.499 0.1000000015
6563  32.280  -50.299  14.382 0.1000000015
6564  32.375  -50.514  14.339 0.1000000015
6647  41.374  -50.802  11.110 0.2000000030
6653  31.602  -50.524  10.960 0.1000000015
6730  43.014  -49.425  5.507 0.1000000015
6748  43.803  -49.458  5.055 0.1000000015
6750  42.910  -49.288  5.394 0.1000000015
7084  31.679  -50.068  14.947 0.1000000015
7085  31.515  -50.101  15.556 0.1000000015
7118  32.102  -50.170  14.498 0.1000000015
7119  32.017  -49.970  14.287 0.1000000015
7120  31.597  -49.893  14.697 0.1000000015
7146  32.322  -49.932  13.725 0.1000000015
7178  31.820  -50.460  11.369 0.1000000015
7187  40.008  -49.455  10.391 0.3000000119
7190  31.632  -50.451  11.216 0.1000000015
7204  30.785  -50.359  10.630 0.1000000015
7259  43.819  -49.564  4.853 0.1000000015
7260  43.764  -49.331  4.873 0.1000000015
7261  43.544  -49.252  4.944 0.1000000015
7273  43.635  -49.624  4.696 0.2000000030
7631  31.470  -49.662  14.185 0.1000000015
7655  31.458  -49.476  13.318 0.1000000015
7656  31.291  -49.061  13.152 0.1000000015
7673  37.772  -48.352  11.962 0.1000000015
7674  31.878  -49.634  13.072 0.1000000015
7736  35.528  -48.319  8.518 0.1000000015
7805  43.013  -48.689  4.244 0.1000000015
8146  31.309  -49.509  13.905 0.1000000015
8167  31.202  -49.140  13.686 0.1000000015
8245  33.338  -47.545  8.358 0.1000000015
8753  44.276  -45.925  10.746 0.4000000060
8778  30.752  -46.307  9.631 0.1000000015
8779  30.300  -46.515  9.754 0.1000000015
8792  30.217  -46.732  9.646 0.1000000015
8836  46.422  -46.114  4.911 0.1000000015
8846  46.551  -45.890  4.721 0.1000000015
8859  46.539  -45.867  4.380 0.1000000015
9257  29.388  -44.890  18.427 0.1000000015
9278  33.647  -44.502  18.458 0.1000000015
9291  29.504  -45.986  15.597 0.1000000015
9352  31.266  -44.061  11.284 0.1000000015
9444  37.572  -45.241  5.407 0.4000000060
9461  46.541  -45.313  4.115 0.1000000015
9845  31.837  -43.434  18.534 0.1000000015
9848  29.443  -43.962  18.774 0.1000000015
9875  29.262  -44.347  18.470 0.1000000015
9901  29.453  -43.444  17.327 0.1000000015
9921  29.357  -42.804  13.556 0.1000000015
9929  29.316  -42.662  13.047 0.1000000015
9940  29.592  -43.465  12.448 0.1000000015
9956  30.865  -43.642  11.616 0.1000000015
9962  45.987  -43.964  10.565 0.5000000000
10437  30.917  -43.312  18.502 0.1000000015
10439  29.654  -43.796  18.819 0.1000000015
10467  33.412  -42.686  16.442 0.1000000015
10503  29.721  -42.629  14.437 0.1000000015
10508  31.907  -42.495  12.859 0.1000000015
10510  30.345  -42.251  13.023 0.1000000015
10516  47.054  -42.856  12.554 0.3000000119
10530  30.313  -42.558  12.463 0.1000000015
10532  47.562  -42.677  12.564 0.3000000119
10550  46.312  -43.502  10.838 0.4000000060
10592  38.433  -41.953  6.225 0.4000000060
10639  40.884  -43.771  4.605 0.4000000060
11035  39.704  -42.541  16.704 0.1000000015
11037  38.719  -42.555  16.414 0.1000000015
11051  38.951  -42.501  16.477 0.1000000015
11067  45.407  -42.071  13.923 0.3000000119
11078  35.063  -41.468  14.780 0.1000000015
11079  31.428  -42.050  14.328 0.1000000015
11081  30.040  -42.479  14.736 0.1000000015
11088  47.957  -42.179  13.363 0.3000000119
11089  47.496  -42.119  13.621 0.3000000119
11100  32.595  -41.901  12.848 0.1000000015
11101  32.206  -42.242  13.033 0.1000000015
11110  47.933  -42.455  13.036 0.3000000119
11129  47.795  -42.448  12.279 0.3000000119
11131  46.381  -42.443  11.327 0.4000000060
11138  46.550  -43.047  11.202 0.4000000060
11219  40.853  -43.519  4.598 0.4000000060
11662  38.889  -42.515  16.243 0.1000000015
11683  32.424  -41.457  14.034 0.1000000015
11684  31.760  -41.661  13.984 0.1000000015
11690  47.974  -41.831  13.294 0.3000000119
11692  45.366  -41.541  13.429 0.3000000119
11693  44.744  -41.298  13.507 0.5000000000
11700  32.762  -41.581  13.181 0.1000000015
11702  31.741  -41.863  13.759 0.1000000015
11704  48.134  -41.958  12.629 0.4000000060
11718  47.913  -41.843  12.405 0.4000000060
11719  47.518  -41.911  12.120 0.4000000060
11726  40.141  -40.958  12.638 0.4000000060
11728  45.264  -42.071  10.786 0.4000000060
12247  40.253  -40.074  14.541 0.2000000030
12772  39.760  -39.891  14.541 0.2000000030
12784  40.184  -39.864  14.432 0.2000000030
13299  34.303  -39.076  16.306 0.1000000015
13320  34.791  -39.089  15.670 0.1000000015
13335  36.127  -39.117  14.419 0.1000000015
13337  33.529  -38.185  14.327 0.1000000015
13338  33.398  -37.939  14.312 0.1000000015
13349  33.591  -37.984  14.146 0.1000000015
13377  38.232  -36.561  10.034 0.1000000015
13876  34.131  -38.823  16.238 0.1000000015
13877  33.997  -38.903  16.395 0.1000000015
13887  34.298  -38.824  16.044 0.1000000015
13895  34.897  -38.686  15.079 0.1000000015
14603  36.295  -35.325  8.946 0.2000000030
15327  36.265  -35.687  9.489 0.1000000015
15328  36.200  -35.531  9.335 0.1000000015
92338  32.712  -53.418  17.582 0.1000000015
92553  43.028  -50.067  4.554 0.2000000030
92554  43.388  -49.820  4.554 0.2000000030
92561  43.742  -48.595  4.588 0.2000000030
92568  42.046  -49.668  6.289 0.2000000030
92573  38.876  -48.408  7.931 0.3000000119
92580  39.485  -48.915  8.584 0.4000000060
92581  39.410  -48.512  8.752 0.4000000060
92583  39.157  -48.222  8.503 0.4000000060
92585  38.900  -48.040  8.410 0.4000000060
92592  40.044  -45.519  9.501 0.4000000060
92603  41.323  -43.975  9.521 0.5000000000
92604  41.768  -43.878  9.530 0.5000000000
92625  39.584  -41.407  5.539 0.1000000015
92646  39.214  -40.749  5.371 0.1000000015
92671  40.661  -41.043  5.336 0.2000000030
92789  31.355  -49.302  15.171 0.1000000015
92793  31.019  -48.152  15.240 0.1000000015
92795  31.353  -48.986  15.048 0.1000000015
92811  36.037  -46.326  11.794 0.1000000015
