#!ascii label  , from subject output2 vox2ras=TkReg
179
11709  42.157  -41.497  12.837 0.0000000000
92577  39.206  -48.469  8.341 0.0000000000
10536  43.234  -43.743  11.540 0.0000000000
9363  42.686  -45.317  10.429 0.0000000000
8184  41.662  -47.660  12.541 0.0000000000
9344  41.924  -45.584  11.401 0.0000000000
8723  41.003  -47.269  12.657 0.0000000000
92597  39.812  -46.772  9.399 0.0000000000
9983  40.035  -43.546  9.488 0.0000000000
11691  46.781  -41.647  13.297 0.0000000000
9341  44.528  -45.553  10.817 0.0000000000
92587  41.539  -46.711  10.717 0.0000000000
7684  40.501  -48.389  10.914 0.0000000000
6630  41.355  -50.158  11.823 0.0000000000
12255  41.615  -39.751  13.790 0.0000000000
11676  42.767  -41.439  14.347 0.0000000000
11093  42.836  -42.361  13.915 0.0000000000
92609  41.891  -42.850  9.605 0.0000000000
8758  40.191  -46.084  11.490 0.0000000000
92600  39.558  -47.217  9.114 0.0000000000
9382  38.788  -46.042  9.287 0.0000000000
10518  45.115  -43.133  12.242 0.0000000000
9943  44.821  -44.998  11.357 0.0000000000
8741  41.478  -47.110  11.859 0.0000000000
8756  41.875  -46.407  11.141 0.0000000000
8192  41.436  -47.227  11.425 0.0000000000
7698  40.566  -47.387  10.139 0.0000000000
7683  41.232  -48.129  11.737 0.0000000000
6648  40.740  -50.810  10.559 0.0000000000
11677  41.607  -41.266  14.450 0.0000000000
11070  43.347  -42.073  14.308 0.0000000000
11071  41.686  -41.972  14.317 0.0000000000
9964  44.136  -44.529  10.532 0.0000000000
10554  42.259  -43.768  9.738 0.0000000000
9985  38.237  -43.435  8.823 0.0000000000
92608  39.970  -42.419  9.470 0.0000000000
9946  41.463  -44.461  11.417 0.0000000000
9945  42.622  -44.719  11.393 0.0000000000
8757  41.166  -46.317  11.582 0.0000000000
8185  41.484  -47.512  12.740 0.0000000000
92593  41.030  -45.823  9.539 0.0000000000
9365  41.107  -44.234  9.533 0.0000000000
92602  39.562  -45.403  9.490 0.0000000000
9995  38.384  -44.810  8.917 0.0000000000
7216  39.853  -49.724  8.499 0.0000000000
12260  44.762  -40.616  12.935 0.0000000000
9963  45.317  -44.389  10.631 0.0000000000
9362  43.921  -45.440  10.541 0.0000000000
9343  43.078  -45.866  11.387 0.0000000000
8755  43.302  -46.338  10.920 0.0000000000
8775  42.143  -46.368  10.270 0.0000000000
8209  41.281  -46.664  10.351 0.0000000000
92599  39.708  -48.635  9.698 0.0000000000
7161  41.618  -49.230  13.207 0.0000000000
7174  40.521  -49.141  11.509 0.0000000000
6632  39.881  -49.895  10.681 0.0000000000
92588  39.537  -49.255  8.948 0.0000000000
12263  40.580  -40.254  13.451 0.0000000000
11694  41.862  -41.016  13.497 0.0000000000
12789  42.278  -40.012  14.140 0.0000000000
12253  43.570  -41.261  13.308 0.0000000000
11674  44.791  -41.714  14.097 0.0000000000
11091  45.011  -42.366  13.908 0.0000000000
11114  43.390  -42.396  13.053 0.0000000000
10521  41.486  -42.522  12.797 0.0000000000
10537  42.055  -43.539  11.739 0.0000000000
92606  41.222  -43.384  9.521 0.0000000000
11724  40.976  -41.515  11.984 0.0000000000
92582  39.318  -48.296  8.668 0.0000000000
92591  39.080  -47.617  8.567 0.0000000000
10535  44.411  -43.870  11.464 0.0000000000
6136  40.826  -51.527  10.783 0.0000000000
9965  42.992  -44.533  10.488 0.0000000000
10553  43.128  -43.703  10.479 0.0000000000
9966  42.027  -44.390  9.866 0.0000000000
10579  38.603  -41.820  8.600 0.0000000000
9345  40.853  -45.340  11.439 0.0000000000
8743  40.363  -47.007  11.832 0.0000000000
8742  41.393  -47.051  12.133 0.0000000000
92586  40.931  -46.444  9.874 0.0000000000
92594  40.494  -46.029  9.512 0.0000000000
92598  39.707  -46.030  9.473 0.0000000000
9381  38.642  -45.421  9.200 0.0000000000
9392  38.141  -45.084  8.786 0.0000000000
9996  37.539  -44.231  8.312 0.0000000000
12259  45.190  -40.924  13.130 0.0000000000
11706  45.597  -41.524  12.610 0.0000000000
11705  47.295  -41.599  12.605 0.0000000000
9361  44.710  -45.120  10.606 0.0000000000
8773  44.104  -45.927  10.616 0.0000000000
8776  41.907  -46.487  10.692 0.0000000000
92595  40.217  -48.454  10.198 0.0000000000
92596  40.123  -48.181  9.708 0.0000000000
6086  40.997  -51.545  13.950 0.0000000000
6104  41.284  -51.003  12.288 0.0000000000
6586  41.424  -50.869  13.756 0.0000000000
6610  41.418  -50.258  13.298 0.0000000000
7173  41.108  -48.917  12.475 0.0000000000
6631  40.202  -50.115  11.174 0.0000000000
6649  40.295  -49.939  10.275 0.0000000000
7201  39.726  -49.428  9.605 0.0000000000
6668  40.114  -50.317  9.519 0.0000000000
11696  41.065  -40.082  13.533 0.0000000000
11695  41.534  -40.445  13.537 0.0000000000
12243  42.345  -40.527  14.256 0.0000000000
12254  42.447  -40.531  13.731 0.0000000000
12242  43.210  -41.158  13.930 0.0000000000
12241  44.129  -41.566  13.542 0.0000000000
11675  43.831  -41.784  14.089 0.0000000000
11069  44.435  -42.119  14.298 0.0000000000
11092  43.977  -42.369  13.963 0.0000000000
11113  44.517  -42.405  12.999 0.0000000000
10507  40.348  -42.453  13.675 0.0000000000
9380  40.338  -44.928  9.504 0.0000000000
8790  39.147  -46.514  9.107 0.0000000000
11111  46.935  -42.455  13.011 0.0000000000
10515  47.307  -42.640  13.161 0.0000000000
10517  46.359  -43.066  12.352 0.0000000000
6135  41.361  -51.074  10.870 0.0000000000
10569  38.631  -43.053  9.243 0.0000000000
92605  38.716  -42.076  9.197 0.0000000000
92607  38.918  -42.437  8.393 0.0000000000
9364  41.402  -44.907  9.798 0.0000000000
9984  38.948  -44.634  9.605 0.0000000000
92579  39.342  -48.733  7.988 0.0000000000
12261  43.894  -40.734  12.891 0.0000000000
11708  43.234  -41.467  12.338 0.0000000000
11707  44.313  -41.293  12.285 0.0000000000
9342  44.170  -46.013  11.292 0.0000000000
8754  44.101  -46.139  10.766 0.0000000000
8774  43.521  -46.052  10.590 0.0000000000
92590  39.527  -48.089  9.074 0.0000000000
92589  39.525  -48.811  9.115 0.0000000000
8160  42.208  -47.948  13.313 0.0000000000
7672  42.070  -48.340  12.887 0.0000000000
7175  40.079  -49.496  10.931 0.0000000000
7186  40.246  -48.989  10.667 0.0000000000
7699  39.749  -48.959  10.222 0.0000000000
11712  40.083  -40.746  12.767 0.0000000000
12264  39.963  -40.409  13.129 0.0000000000
11711  40.553  -40.797  13.211 0.0000000000
12244  41.650  -40.385  14.446 0.0000000000
12790  42.067  -39.745  14.089 0.0000000000
12262  43.167  -41.360  13.147 0.0000000000
12252  44.392  -40.891  13.230 0.0000000000
12251  44.894  -40.848  13.296 0.0000000000
11673  45.320  -41.849  13.997 0.0000000000
11068  45.194  -42.051  14.191 0.0000000000
11090  45.880  -41.982  13.473 0.0000000000
11112  45.678  -42.451  12.945 0.0000000000
10519  43.890  -43.079  12.269 0.0000000000
11115  42.386  -42.400  13.142 0.0000000000
10520  42.725  -42.930  12.396 0.0000000000
9967  41.512  -44.395  9.643 0.0000000000
6121  41.422  -51.086  11.355 0.0000000000
6647  41.374  -50.802  11.110 0.0000000000
7187  40.008  -49.455  10.391 0.0000000000
8753  44.276  -45.925  10.746 0.0000000000
9962  45.987  -43.964  10.565 0.0000000000
10516  47.054  -42.856  12.554 0.0000000000
10532  47.562  -42.677  12.564 0.0000000000
11067  45.407  -42.071  13.923 0.0000000000
11088  47.957  -42.179  13.363 0.0000000000
11089  47.496  -42.119  13.621 0.0000000000
11110  47.933  -42.455  13.036 0.0000000000
11129  47.795  -42.448  12.279 0.0000000000
11690  47.974  -41.831  13.294 0.0000000000
11692  45.366  -41.541  13.429 0.0000000000
11693  44.744  -41.298  13.507 0.0000000000
11704  48.134  -41.958  12.629 0.0000000000
11718  47.913  -41.843  12.405 0.0000000000
11719  47.518  -41.911  12.120 0.0000000000
11726  40.141  -40.958  12.638 0.0000000000
92580  39.485  -48.915  8.584 0.0000000000
92581  39.410  -48.512  8.752 0.0000000000
92583  39.157  -48.222  8.503 0.0000000000
92592  40.044  -45.519  9.501 0.0000000000
92603  41.323  -43.975  9.521 0.0000000000
92604  41.768  -43.878  9.530 0.0000000000
