#!ascii label  , from subject output2 vox2ras=TkReg
156
43944  33.559  -2.147  -21.488 0.0000000000
39593  31.947  -6.269  -17.205 0.0000000000
47264  32.506  -0.434  -24.913 0.0000000000
54068  31.643  6.092  -27.245 0.0000000000
39579  31.373  -6.343  -16.450 0.0000000000
48224  33.823  0.275  -24.320 0.0000000000
49185  32.932  2.375  -24.863 0.0000000000
41727  32.536  -3.967  -21.355 0.0000000000
41683  32.667  -4.467  -18.632 0.0000000000
41681  34.420  -3.560  -19.384 0.0000000000
45014  35.097  -2.599  -22.638 0.0000000000
41725  36.572  -3.812  -21.065 0.0000000000
45016  32.536  -2.456  -23.415 0.0000000000
47237  34.318  -1.271  -23.372 0.0000000000
52041  31.491  4.941  -26.699 0.0000000000
51080  33.682  4.246  -25.751 0.0000000000
39605  33.719  -5.562  -17.182 0.0000000000
49189  33.023  1.482  -25.221 0.0000000000
50120  32.343  2.925  -25.451 0.0000000000
42876  33.262  -3.198  -21.453 0.0000000000
41696  33.551  -3.204  -19.911 0.0000000000
42838  34.015  -2.627  -20.191 0.0000000000
46153  32.257  -1.276  -24.329 0.0000000000
46135  33.256  -1.515  -23.498 0.0000000000
46171  33.371  -0.697  -24.411 0.0000000000
48229  34.279  1.068  -24.416 0.0000000000
48223  34.358  0.432  -23.434 0.0000000000
55007  30.332  7.389  -26.486 0.0000000000
53028  30.386  5.589  -26.398 0.0000000000
53027  31.502  5.568  -27.192 0.0000000000
52068  35.518  5.734  -29.352 0.0000000000
52038  34.649  4.495  -26.586 0.0000000000
52039  33.634  4.731  -26.808 0.0000000000
52023  34.693  4.424  -25.732 0.0000000000
51063  34.352  3.721  -25.344 0.0000000000
40652  34.368  -4.456  -17.995 0.0000000000
40636  33.407  -5.088  -17.775 0.0000000000
39565  31.040  -7.125  -16.284 0.0000000000
47263  33.305  -0.257  -24.538 0.0000000000
48237  33.632  1.054  -26.099 0.0000000000
48236  34.026  1.304  -25.304 0.0000000000
49183  33.627  2.281  -24.125 0.0000000000
41697  32.478  -4.339  -19.779 0.0000000000
41682  33.774  -3.691  -18.862 0.0000000000
40651  34.950  -4.267  -18.812 0.0000000000
45001  34.681  -2.143  -21.727 0.0000000000
42875  35.428  -3.426  -21.274 0.0000000000
42892  35.928  -3.122  -21.295 0.0000000000
43945  33.092  -3.135  -22.156 0.0000000000
43959  33.589  -2.652  -22.439 0.0000000000
45015  33.741  -2.519  -23.045 0.0000000000
46134  34.462  -1.978  -22.915 0.0000000000
46133  35.794  -2.209  -23.092 0.0000000000
47248  34.048  -0.735  -24.239 0.0000000000
47236  35.200  -1.075  -22.411 0.0000000000
51082  31.397  4.385  -25.750 0.0000000000
53040  32.378  5.597  -27.586 0.0000000000
52040  32.421  4.902  -27.043 0.0000000000
51081  32.559  4.217  -25.627 0.0000000000
51065  33.148  3.457  -25.538 0.0000000000
50106  34.375  2.944  -24.785 0.0000000000
41655  31.890  -5.921  -18.147 0.0000000000
42823  31.720  -4.453  -19.038 0.0000000000
43934  35.549  -4.325  -20.540 0.0000000000
40635  35.507  -4.566  -19.173 0.0000000000
49190  32.359  1.906  -25.268 0.0000000000
50121  31.433  3.263  -25.501 0.0000000000
42860  33.592  -2.639  -20.673 0.0000000000
43936  34.075  -2.049  -20.558 0.0000000000
94980  30.393  -7.505  -15.966 0.0000000000
38374  31.447  -7.271  -15.777 0.0000000000
46172  32.925  -0.744  -24.513 0.0000000000
46152  33.213  -1.050  -24.314 0.0000000000
49174  33.701  1.727  -22.890 0.0000000000
49168  34.342  1.206  -22.168 0.0000000000
54056  31.033  6.117  -25.946 0.0000000000
39620  34.595  -5.945  -18.069 0.0000000000
40627  30.454  -6.388  -17.861 0.0000000000
48231  32.610  0.436  -25.669 0.0000000000
48238  32.636  1.129  -26.254 0.0000000000
49188  33.462  1.471  -25.013 0.0000000000
49184  33.365  2.404  -24.761 0.0000000000
55006  31.441  7.279  -26.290 0.0000000000
41714  32.820  -4.316  -20.847 0.0000000000
39580  30.488  -7.025  -16.833 0.0000000000
43943  35.562  -2.277  -21.521 0.0000000000
43958  36.438  -2.138  -21.749 0.0000000000
43946  32.306  -3.544  -22.461 0.0000000000
46136  32.416  -1.796  -23.713 0.0000000000
43960  33.039  -3.295  -23.060 0.0000000000
48230  33.423  0.540  -25.052 0.0000000000
47247  34.388  -0.581  -23.128 0.0000000000
53014  31.222  5.351  -26.404 0.0000000000
52042  30.399  4.845  -26.426 0.0000000000
52025  31.303  5.076  -26.636 0.0000000000
52053  34.754  5.053  -28.148 0.0000000000
53038  34.494  5.744  -27.927 0.0000000000
52055  32.899  5.388  -26.595 0.0000000000
51064  33.830  3.301  -25.990 0.0000000000
40637  31.509  -6.067  -18.208 0.0000000000
42822  32.065  -4.328  -19.224 0.0000000000
42839  31.676  -4.509  -19.494 0.0000000000
41667  32.321  -5.210  -18.145 0.0000000000
40624  32.821  -5.569  -17.640 0.0000000000
42874  36.356  -3.551  -20.548 0.0000000000
42858  35.668  -3.940  -20.511 0.0000000000
95150  36.171  -3.829  -20.805 0.0000000000
41713  33.314  -3.684  -21.038 0.0000000000
41695  34.353  -3.206  -19.892 0.0000000000
39578  32.556  -6.448  -16.605 0.0000000000
45013  36.241  -2.371  -22.594 0.0000000000
53013  31.421  5.291  -26.863 0.0000000000
52024  31.432  5.103  -26.989 0.0000000000
52054  33.642  5.234  -27.270 0.0000000000
51079  34.175  4.211  -25.640 0.0000000000
39594  30.841  -6.453  -17.231 0.0000000000
40626  31.280  -6.235  -17.774 0.0000000000
54055  31.928  6.180  -26.071 0.0000000000
95121  35.718  -5.226  -18.853 0.0000000000
44989  34.430  -1.408  -21.282 0.0000000000
43935  34.850  -2.358  -20.982 0.0000000000
44988  35.090  -1.726  -21.390 0.0000000000
42891  36.902  -3.301  -20.874 0.0000000000
43970  36.973  -2.654  -21.476 0.0000000000
42899  36.850  -2.841  -21.206 0.0000000000
41735  36.921  -3.618  -21.128 0.0000000000
42877  32.531  -3.542  -21.732 0.0000000000
45002  33.871  -1.786  -22.289 0.0000000000
54067  32.212  6.173  -27.261 0.0000000000
53041  31.800  5.965  -27.831 0.0000000000
53026  31.768  5.163  -27.680 0.0000000000
50108  33.102  2.746  -25.341 0.0000000000
50093  33.240  2.597  -25.153 0.0000000000
50107  33.788  2.618  -25.441 0.0000000000
49175  33.447  2.529  -25.069 0.0000000000
40625  32.154  -6.020  -17.784 0.0000000000
41684  31.387  -5.030  -18.782 0.0000000000
41668  31.640  -5.575  -18.236 0.0000000000
41654  32.207  -5.739  -18.101 0.0000000000
43920  34.416  -2.722  -20.489 0.0000000000
42837  34.457  -3.536  -20.462 0.0000000000
95132  34.563  -4.090  -20.095 0.0000000000
42857  35.380  -4.955  -20.603 0.0000000000
95137  35.056  -4.181  -19.576 0.0000000000
39604  35.525  -4.623  -18.788 0.0000000000
41694  34.460  -3.800  -20.266 0.0000000000
41726  32.847  -3.605  -21.368 0.0000000000
42836  35.139  -4.228  -20.249 0.0000000000
42859  34.583  -3.497  -21.098 0.0000000000
42898  36.355  -3.218  -21.381 0.0000000000
43918  35.648  -4.725  -20.713 0.0000000000
43919  35.341  -4.394  -20.425 0.0000000000
43921  33.735  -2.528  -20.676 0.0000000000
43933  35.535  -4.563  -20.596 0.0000000000
49176  33.230  2.490  -24.950 0.0000000000
50092  33.436  2.634  -25.287 0.0000000000
