#!ascii label  , from subject output2 vox2ras=TkReg
366
94977  29.159  -10.332  -13.527 0.1428571492
94993  28.419  -10.532  -13.078 0.1428571492
36391  29.246  -10.552  -12.188 0.1428571492
36390  30.328  -10.424  -12.863 0.1428571492
37290  29.683  -9.259  -14.324 0.5714285970
36389  31.406  -9.820  -13.128 0.1428571492
36388  32.718  -9.322  -13.003 0.2857142985
37288  33.132  -8.410  -14.051 0.1428571492
38372  33.234  -7.193  -15.257 0.2857142985
37299  32.616  -7.549  -14.730 0.2857142985
39577  33.650  -6.162  -16.548 0.2857142985
39562  34.144  -6.555  -15.753 0.2857142985
39591  34.208  -5.419  -16.960 0.2857142985
38395  34.267  -5.622  -17.344 0.2857142985
39620  34.595  -5.945  -18.069 0.8571428657
39605  33.719  -5.562  -17.182 0.4285714328
40651  34.950  -4.267  -18.812 0.7142857313
95121  35.718  -5.226  -18.853 0.7142857313
40652  34.368  -4.456  -17.995 0.7142857313
40636  33.407  -5.088  -17.775 0.7142857313
40635  35.507  -4.566  -19.173 0.8571428657
39604  35.525  -4.623  -18.788 0.5714285970
41725  36.572  -3.812  -21.065 0.4285714328
42857  35.380  -4.955  -20.603 0.7142857313
95137  35.056  -4.181  -19.576 0.8571428657
41738  36.881  -3.700  -21.483 0.2857142985
42899  36.850  -2.841  -21.206 0.5714285970
95150  36.171  -3.829  -20.805 0.8571428657
43934  35.549  -4.325  -20.540 0.8571428657
43969  37.255  -2.650  -21.537 0.1428571492
42905  36.600  -3.296  -21.976 0.1428571492
43970  36.973  -2.654  -21.476 0.4285714328
42891  36.902  -3.301  -20.874 0.5714285970
42874  36.356  -3.551  -20.548 0.8571428657
45030  37.152  -2.336  -22.463 0.1428571492
45044  37.643  -2.328  -22.421 0.1428571492
43957  36.732  -2.589  -22.213 0.1428571492
42875  35.428  -3.426  -21.274 0.8571428657
46150  36.879  -2.169  -22.761 0.1428571492
46169  37.408  -2.118  -23.013 0.1428571492
45029  36.906  -1.991  -22.088 0.1428571492
45013  36.241  -2.371  -22.594 0.4285714328
43958  36.438  -2.138  -21.749 0.5714285970
44988  35.090  -1.726  -21.390 0.8571428657
46133  35.794  -2.209  -23.092 0.1428571492
47236  35.200  -1.075  -22.411 0.1428571492
45014  35.097  -2.599  -22.638 0.8571428657
43943  35.562  -2.277  -21.521 0.8571428657
45001  34.681  -2.143  -21.727 0.8571428657
47235  36.720  -1.579  -21.826 0.1428571492
46134  34.462  -1.978  -22.915 0.8571428657
48218  34.546  0.114  -22.078 0.1428571492
49168  34.342  1.206  -22.168 0.1428571492
47247  34.388  -0.581  -23.128 0.8571428657
47237  34.318  -1.271  -23.372 0.8571428657
49174  33.701  1.727  -22.890 0.2857142985
48223  34.358  0.432  -23.434 0.5714285970
47248  34.048  -0.735  -24.239 0.8571428657
48224  33.823  0.275  -24.320 0.8571428657
48229  34.279  1.068  -24.416 0.8571428657
48230  33.423  0.540  -25.052 0.8571428657
47263  33.305  -0.257  -24.538 0.8571428657
49183  33.627  2.281  -24.125 0.8571428657
49188  33.462  1.471  -25.013 0.8571428657
48236  34.026  1.304  -25.304 0.8571428657
49189  33.023  1.482  -25.221 0.7142857313
48237  33.632  1.054  -26.099 0.7142857313
49184  33.365  2.404  -24.761 0.8571428657
49185  32.932  2.375  -24.863 0.8571428657
50093  33.240  2.597  -25.153 0.8571428657
50106  34.375  2.944  -24.785 0.7142857313
50107  33.788  2.618  -25.441 0.8571428657
51064  33.830  3.301  -25.990 0.8571428657
51080  33.682  4.246  -25.751 0.7142857313
51065  33.148  3.457  -25.538 0.8571428657
52021  35.067  5.016  -24.457 0.1428571492
51079  34.175  4.211  -25.640 0.7142857313
52039  33.634  4.731  -26.808 0.7142857313
53024  35.955  5.356  -25.402 0.1428571492
52038  34.649  4.495  -26.586 0.5714285970
52053  34.754  5.053  -28.148 0.5714285970
52052  35.718  4.885  -27.396 0.1428571492
53035  36.346  5.835  -24.500 0.1428571492
53038  34.494  5.744  -27.927 0.5714285970
53036  36.211  5.412  -26.567 0.1428571492
54062  35.678  6.356  -24.602 0.1428571492
52072  35.657  5.659  -29.469 0.1428571492
52068  35.518  5.734  -29.352 0.5714285970
54063  35.730  6.328  -27.027 0.1428571492
55016  36.490  7.473  -24.084 0.1428571492
55018  34.819  6.677  -26.210 0.1428571492
94981  28.684  -10.545  -12.645 0.1428571492
38359  33.751  -7.567  -14.601 0.2857142985
39592  33.354  -5.972  -17.298 0.2857142985
40677  35.685  -5.223  -20.851 0.2857142985
40684  36.771  -4.264  -21.196 0.1428571492
42837  34.457  -3.536  -20.462 0.8571428657
42892  35.928  -3.122  -21.295 0.7142857313
47246  37.456  -2.031  -22.856 0.1428571492
51063  34.352  3.721  -25.344 0.8571428657
52023  34.693  4.424  -25.732 0.7142857313
52037  35.519  4.533  -26.067 0.2857142985
54061  36.827  6.632  -24.399 0.1428571492
36405  27.944  -10.308  -12.344 0.1428571492
37289  31.304  -8.910  -14.259 0.2857142985
38371  34.231  -7.104  -15.086 0.2857142985
39563  33.014  -7.108  -16.198 0.2857142985
46170  37.427  -1.920  -22.594 0.1428571492
48217  35.570  0.026  -21.932 0.1428571492
45002  33.871  -1.786  -22.289 1.0000000000
49173  34.333  2.353  -21.536 0.1428571492
49182  34.463  2.981  -22.826 0.2857142985
51062  34.649  4.248  -24.451 0.2857142985
52022  34.995  4.466  -25.212 0.2857142985
53025  35.856  5.035  -26.624 0.1428571492
54079  34.758  6.287  -28.677 0.2857142985
54064  34.934  6.500  -27.554 0.1428571492
55017  35.190  7.505  -25.013 0.1428571492
50105  34.539  3.670  -23.704 0.4285714328
94996  28.538  -10.463  -13.420 0.1428571492
35512  28.007  -10.561  -13.274 0.1428571492
37300  31.617  -8.264  -15.201 0.1428571492
95132  34.563  -4.090  -20.095 0.8571428657
41735  36.921  -3.618  -21.128 0.5714285970
49175  33.447  2.529  -25.069 0.8571428657
52036  35.571  4.894  -25.171 0.1428571492
54082  35.259  6.046  -29.476 0.4285714328
53051  36.355  5.564  -28.038 0.1428571492
53034  37.172  6.102  -23.903 0.1428571492
52051  36.107  5.140  -27.400 0.1428571492
54078  35.499  6.132  -28.870 0.1428571492
38344  34.369  -7.928  -14.168 0.1428571492
39578  32.556  -6.448  -16.605 0.5714285970
39579  31.373  -6.343  -16.450 0.5714285970
39580  30.488  -7.025  -16.833 0.5714285970
39593  31.947  -6.269  -17.205 0.5714285970
39594  30.841  -6.453  -17.231 0.5714285970
39566  30.202  -7.374  -16.406 0.4285714328
39581  29.459  -7.285  -16.784 0.2857142985
39595  29.696  -6.911  -17.625 0.4285714328
40626  31.280  -6.235  -17.774 0.5714285970
40627  30.454  -6.388  -17.861 0.5714285970
40625  32.154  -6.020  -17.784 0.5714285970
41655  31.890  -5.921  -18.147 0.5714285970
41654  32.207  -5.739  -18.101 0.7142857313
41668  31.640  -5.575  -18.236 0.4285714328
41667  32.321  -5.210  -18.145 0.4285714328
39596  28.607  -7.282  -17.351 0.2857142985
40638  30.817  -6.276  -18.362 0.4285714328
40624  32.821  -5.569  -17.640 0.7142857313
41683  32.667  -4.467  -18.632 0.7142857313
42840  31.424  -4.757  -19.316 0.4285714328
42822  32.065  -4.328  -19.224 0.7142857313
41697  32.478  -4.339  -19.779 0.5714285970
41715  31.621  -4.612  -21.034 0.2857142985
41682  33.774  -3.691  -18.862 0.7142857313
41714  32.820  -4.316  -20.847 0.7142857313
41713  33.314  -3.684  -21.038 0.7142857313
41727  32.536  -3.967  -21.355 0.7142857313
41728  32.178  -4.294  -21.310 0.4285714328
41681  34.420  -3.560  -19.384 0.5714285970
41696  33.551  -3.204  -19.911 0.5714285970
42876  33.262  -3.198  -21.453 0.7142857313
43944  33.559  -2.147  -21.488 0.7142857313
42877  32.531  -3.542  -21.732 0.7142857313
43946  32.306  -3.544  -22.461 0.5714285970
43960  33.039  -3.295  -23.060 0.5714285970
42858  35.668  -3.940  -20.511 0.7142857313
42838  34.015  -2.627  -20.191 0.5714285970
43936  34.075  -2.049  -20.558 0.7142857313
42860  33.592  -2.639  -20.673 0.7142857313
43959  33.589  -2.652  -22.439 0.8571428657
45015  33.741  -2.519  -23.045 0.7142857313
45016  32.536  -2.456  -23.415 0.5714285970
43920  34.416  -2.722  -20.489 0.5714285970
46136  32.416  -1.796  -23.713 0.5714285970
46153  32.257  -1.276  -24.329 0.2857142985
47264  32.506  -0.434  -24.913 0.7142857313
46135  33.256  -1.515  -23.498 0.8571428657
46172  32.925  -0.744  -24.513 0.5714285970
46171  33.371  -0.697  -24.411 0.8571428657
48231  32.610  0.436  -25.669 0.8571428657
50120  32.343  2.925  -25.451 0.7142857313
50108  33.102  2.746  -25.341 0.5714285970
50121  31.433  3.263  -25.501 0.7142857313
51081  32.559  4.217  -25.627 0.8571428657
51082  31.397  4.385  -25.750 0.7142857313
53026  31.768  5.163  -27.680 0.7142857313
52024  31.432  5.103  -26.989 0.5714285970
52040  32.421  4.902  -27.043 0.7142857313
53027  31.502  5.568  -27.192 0.5714285970
53040  32.378  5.597  -27.586 0.4285714328
53041  31.800  5.965  -27.831 0.5714285970
54068  31.643  6.092  -27.245 0.5714285970
54067  32.212  6.173  -27.261 0.5714285970
54056  31.033  6.117  -25.946 0.4285714328
55006  31.441  7.279  -26.290 0.5714285970
55007  30.332  7.389  -26.486 0.4285714328
54057  29.568  6.469  -26.497 0.4285714328
56665  30.387  9.503  -26.515 0.4285714328
41695  34.353  -3.206  -19.892 0.5714285970
55863  30.880  8.418  -26.500 0.2857142985
55864  29.831  8.511  -26.509 0.4285714328
56666  29.360  9.591  -26.500 0.2857142985
39565  31.040  -7.125  -16.284 0.5714285970
38374  31.447  -7.271  -15.777 0.5714285970
40637  31.509  -6.067  -18.208 0.5714285970
39606  29.273  -6.822  -18.285 0.2857142985
40639  29.837  -6.405  -18.450 0.2857142985
41684  31.387  -5.030  -18.782 0.5714285970
39627  35.864  -6.910  -18.147 0.2857142985
41698  31.295  -5.343  -19.975 0.2857142985
49190  32.359  1.906  -25.268 0.7142857313
52041  31.491  4.941  -26.699 0.7142857313
53013  31.421  5.291  -26.863 0.5714285970
52055  32.899  5.388  -26.595 0.5714285970
52054  33.642  5.234  -27.270 0.5714285970
54055  31.928  6.180  -26.071 0.5714285970
40654  30.543  -6.287  -19.051 0.4285714328
44989  34.430  -1.408  -21.282 0.7142857313
43935  34.850  -2.358  -20.982 0.7142857313
48238  32.636  1.129  -26.254 0.7142857313
39564  31.896  -6.500  -15.748 0.4285714328
94980  30.393  -7.505  -15.966 0.5714285970
40665  31.119  -5.975  -19.360 0.4285714328
42823  31.720  -4.453  -19.038 0.7142857313
42839  31.676  -4.509  -19.494 0.5714285970
43945  33.092  -3.135  -22.156 0.7142857313
43961  32.001  -3.253  -23.209 0.2857142985
46152  33.213  -1.050  -24.314 0.8571428657
39576  34.596  -5.823  -16.473 0.1428571492
38410  34.545  -6.469  -17.832 0.1428571492
39590  34.776  -5.082  -16.807 0.1428571492
39575  35.219  -5.374  -16.487 0.1428571492
37341  34.891  -7.950  -17.859 0.1428571492
38394  35.216  -5.719  -17.432 0.1428571492
38420  34.950  -7.414  -18.218 0.1428571492
95120  36.154  -5.681  -19.643 0.1428571492
55875  36.021  8.520  -25.023 0.1428571492
55858  35.494  8.281  -25.836 0.1428571492
49191  31.460  2.194  -25.494 0.4285714328
55861  32.881  8.511  -25.762 0.2857142985
55005  32.497  7.286  -26.018 0.2857142985
55021  32.576  6.280  -26.257 0.2857142985
55020  33.260  6.761  -26.466 0.2857142985
51084  29.539  3.953  -26.037 0.1428571492
55862  31.914  8.386  -26.464 0.2857142985
53039  33.535  5.596  -27.034 0.4285714328
51083  30.394  4.290  -25.791 0.4285714328
52025  31.303  5.076  -26.636 0.5714285970
52056  29.682  5.133  -26.496 0.4285714328
53042  29.352  5.684  -26.501 0.2857142985
56664  31.333  9.442  -26.516 0.1428571492
54069  28.953  6.103  -26.538 0.2857142985
57497  28.825  10.707  -26.401 0.1428571492
57496  29.941  10.539  -26.525 0.1428571492
57495  30.881  10.474  -26.859 0.1428571492
58410  30.329  11.252  -27.012 0.1428571492
37301  29.165  -7.648  -15.471 0.2857142985
38409  34.945  -7.173  -17.833 0.1428571492
54065  34.096  6.368  -27.141 0.2857142985
55004  33.478  7.631  -26.228 0.2857142985
94992  28.531  -8.328  -15.482 0.2857142985
39547  34.807  -6.528  -15.051 0.1428571492
53014  31.222  5.351  -26.404 0.5714285970
55019  33.866  7.042  -26.464 0.2857142985
55860  33.862  8.520  -26.401 0.1428571492
55002  34.871  7.448  -26.062 0.1428571492
56663  32.266  9.436  -26.411 0.2857142985
54995  34.588  7.387  -26.224 0.1428571492
55001  35.283  7.709  -25.690 0.1428571492
54053  34.503  6.737  -26.465 0.1428571492
54043  34.505  7.155  -26.151 0.1428571492
54054  34.200  6.976  -26.383 0.1428571492
54066  32.996  5.745  -26.509 0.2857142985
53028  30.386  5.589  -26.398 0.5714285970
95112  35.306  -5.811  -16.319 0.1428571492
37342  34.257  -7.962  -18.235 0.1428571492
52042  30.399  4.845  -26.426 0.4285714328
52043  29.333  4.515  -26.394 0.2857142985
94979  29.001  -9.199  -15.366 0.2857142985
37346  34.782  -8.591  -19.002 0.1428571492
48239  31.589  1.315  -26.116 0.2857142985
55003  34.292  7.597  -26.405 0.2857142985
55859  34.802  8.406  -26.471 0.1428571492
45031  32.122  -2.198  -24.074 0.2857142985
57506  31.874  11.316  -26.404 0.1428571492
58425  30.490  11.925  -27.479 0.1428571492
58423  32.081  12.061  -27.475 0.1428571492
57494  31.662  10.401  -26.482 0.1428571492
57493  32.493  10.421  -26.411 0.1428571492
57508  30.891  11.221  -27.427 0.1428571492
58433  30.966  12.211  -27.532 0.1428571492
57507  31.488  11.147  -27.165 0.1428571492
58432  31.479  12.451  -27.608 0.1428571492
58422  32.317  11.611  -26.726 0.1428571492
58424  31.256  11.813  -27.504 0.1428571492
61217  31.272  13.877  -27.704 0.1428571492
58431  31.918  12.550  -28.076 0.1428571492
59392  30.613  12.668  -27.526 0.1428571492
59390  32.186  12.881  -28.293 0.1428571492
57505  32.462  11.260  -26.242 0.1428571492
56662  33.222  9.515  -26.250 0.1428571492
59391  31.588  12.899  -28.104 0.1428571492
60343  30.838  13.535  -27.613 0.1428571492
37312  31.973  -7.647  -15.430 0.2857142985
38373  32.346  -7.144  -15.541 0.2857142985
37313  30.930  -7.736  -15.640 0.4285714328
50122  30.488  3.364  -25.748 0.2857142985
40653  31.189  -5.922  -18.683 0.2857142985
42878  31.960  -4.336  -21.988 0.2857142985
45032  31.438  -2.142  -24.335 0.1428571492
47250  31.749  -0.805  -24.749 0.1428571492
48232  31.675  0.498  -25.797 0.1428571492
49192  30.570  2.488  -25.645 0.1428571492
50123  29.799  3.236  -26.336 0.1428571492
55008  29.181  7.532  -26.519 0.1428571492
54058  28.890  6.878  -26.576 0.1428571492
55865  28.829  8.615  -26.514 0.1428571492
94982  28.548  -9.593  -14.897 0.2857142985
40666  30.500  -6.285  -19.842 0.2857142985
45017  31.624  -2.634  -23.704 0.1428571492
46154  31.200  -1.455  -24.795 0.1428571492
46173  31.297  -0.980  -25.179 0.1428571492
46185  31.121  -0.890  -25.328 0.1428571492
49193  29.851  2.570  -26.071 0.1428571492
47249  32.116  -0.767  -24.576 0.1428571492
40655  29.617  -6.375  -19.338 0.1428571492
41699  30.206  -5.860  -20.447 0.1428571492
47265  31.571  -0.356  -25.271 0.1428571492
95001  28.161  -9.174  -15.485 0.1428571492
39567  29.579  -7.326  -16.086 0.1428571492
94983  28.400  -9.889  -14.652 0.1428571492
95002  28.364  -8.989  -15.537 0.1428571492
37311  32.533  -7.357  -15.171 0.2857142985
41694  34.460  -3.800  -20.266 0.8571428657
41726  32.847  -3.605  -21.368 0.7142857313
42836  35.139  -4.228  -20.249 0.8571428657
42859  34.583  -3.497  -21.098 0.5714285970
42898  36.355  -3.218  -21.381 0.5714285970
43918  35.648  -4.725  -20.713 0.8571428657
43919  35.341  -4.394  -20.425 0.8571428657
43921  33.735  -2.528  -20.676 0.7142857313
43933  35.535  -4.563  -20.596 0.8571428657
45045  37.368  -1.634  -22.359 0.1428571492
46151  37.519  -2.427  -22.506 0.1428571492
49176  33.230  2.490  -24.950 0.8571428657
50092  33.436  2.634  -25.287 0.8571428657
52066  36.290  4.949  -27.704 0.1428571492
52067  35.811  5.273  -28.589 0.1428571492
52073  35.564  5.675  -29.782 0.1428571492
53037  35.915  5.227  -27.223 0.1428571492
53052  35.650  5.651  -28.841 0.1428571492
53053  34.818  5.732  -29.288 0.4285714328
53055  35.481  5.791  -29.593 0.1428571492
53056  35.357  5.893  -29.641 0.4285714328
54044  34.383  7.312  -26.301 0.1428571492
54077  36.091  6.027  -28.412 0.1428571492
54081  35.476  6.062  -29.682 0.1428571492
54994  34.694  7.270  -26.033 0.1428571492
59380  30.252  12.314  -27.492 0.1428571492
60341  32.238  13.304  -28.388 0.1428571492
60342  31.860  13.491  -28.409 0.1428571492
95006  27.873  -8.976  -15.647 0.1428571492
95012  28.083  -9.005  -15.561 0.1428571492
95019  27.900  -8.902  -15.664 0.1428571492
